0.0893 0.0184 0.3625 0.3748 0.0011 0.0259 0.0053 0.0171 0.0104 0.0010 0.0299 0.0104 0.0300 0.0166 0.0029 0.0045 
0.0406 0.0361 0.1953 0.5871 0.0011 0.0291 0.0016 0.0192 0.0027 0.0001 0.0265 0.0056 0.0308 0.0179 0.0011 0.0053 
0.0569 0.0310 0.0147 0.6927 0.0059 0.0668 0.0010 0.0275 0.0014 0.0001 0.0374 0.0069 0.0276 0.0272 0.0027 0.0006 
0.0649 0.0713 0.0058 0.6398 0.0032 0.0479 0.0011 0.0363 0.0013 0.0001 0.0380 0.0021 0.0516 0.0316 0.0024 0.0029 
0.1019 0.0617 0.0046 0.3178 0.0089 0.2624 0.0021 0.0554 0.0008 0.0001 0.0570 0.0131 0.0562 0.0492 0.0046 0.0040 
0.1345 0.1373 0.1278 0.0714 0.0292 0.1486 0.0024 0.0709 0.0048 0.0001 0.1342 0.0145 0.0431 0.0678 0.0011 0.0123 
0.1236 0.1022 0.0094 0.2462 0.0018 0.0725 0.0016 0.0613 0.0030 0.0005 0.0776 0.1000 0.1372 0.0583 0.0018 0.0030 
0.1319 0.1073 0.1077 0.0214 0.0091 0.1014 0.0105 0.0674 0.0243 0.0013 0.0676 0.0455 0.2117 0.0647 0.0050 0.0232 
0.1291 0.0744 0.0329 0.0129 0.1062 0.0749 0.0701 0.0703 0.0013 0.0001 0.1059 0.0064 0.2331 0.0764 0.0026 0.0037 
0.1147 0.0703 0.0604 0.0217 0.0050 0.0545 0.0002 0.1683 0.0011 0.0006 0.0679 0.0845 0.2098 0.0573 0.0790 0.0048 
0.0653 0.0363 0.0065 0.0133 0.0292 0.0628 0.0141 0.0390 0.2075 0.0104 0.0403 0.0347 0.0307 0.3775 0.0046 0.0280 
0.1240 0.1339 0.0332 0.0157 0.0034 0.0441 0.0083 0.0527 0.0053 0.0001 0.0471 0.0080 0.0471 0.0467 0.3742 0.0566 
0.0741 0.0379 0.1201 0.0232 0.0070 0.0589 0.0083 0.0345 0.0109 0.1050 0.0439 0.0109 0.0428 0.0315 0.0115 0.3796 
0.2866 0.0599 0.0645 0.0077 0.1339 0.0657 0.0933 0.0593 0.0050 0.0010 0.0840 0.0126 0.0530 0.0637 0.0021 0.0078 
0.1206 0.1133 0.0827 0.0633 0.0038 0.0626 0.0027 0.2391 0.0010 0.0022 0.0909 0.0145 0.0519 0.0599 0.0821 0.0093 
0.0732 0.0490 0.0339 0.0685 0.0018 0.0562 0.0021 0.0457 0.3407 0.0385 0.0410 0.0530 0.0546 0.0345 0.0016 0.1057 
0.4189 0.0761 0.0454 0.1240 0.0045 0.0759 0.0073 0.0606 0.0045 0.0005 0.0622 0.0105 0.0315 0.0604 0.0072 0.0107 
0.0775 0.0561 0.4054 0.0254 0.0147 0.2417 0.0042 0.0395 0.0022 0.0001 0.0484 0.0056 0.0228 0.0377 0.0112 0.0078 
0.0644 0.3367 0.0383 0.3564 0.0027 0.0316 0.0013 0.0398 0.0010 0.0001 0.0355 0.0126 0.0294 0.0294 0.0072 0.0139 
0.0761 0.0320 0.0136 0.5554 0.0048 0.1282 0.0037 0.0336 0.0259 0.0001 0.0423 0.0048 0.0350 0.0308 0.0081 0.0058 
0.0741 0.0468 0.5379 0.0355 0.0286 0.0622 0.0066 0.0419 0.0024 0.0010 0.0832 0.0128 0.0240 0.0355 0.0038 0.0038 
0.0618 0.0517 0.0024 0.0447 0.5314 0.0484 0.0553 0.0353 0.0005 0.0029 0.0387 0.0423 0.0382 0.0371 0.0011 0.0083 
0.0925 0.0441 0.0088 0.0569 0.0050 0.0428 0.0027 0.4162 0.0027 0.0042 0.1626 0.0104 0.0775 0.0404 0.0304 0.0029 
0.0681 0.0441 0.0153 0.0190 0.0075 0.0367 0.0051 0.0403 0.3495 0.0505 0.0653 0.1537 0.0636 0.0348 0.0018 0.0447 
0.2466 0.0693 0.0101 0.0970 0.0046 0.0708 0.0037 0.0669 0.0070 0.0002 0.0695 0.0441 0.2176 0.0644 0.0204 0.0078 
0.1115 0.0556 0.0446 0.0181 0.0064 0.0826 0.0137 0.0562 0.0051 0.0189 0.0684 0.0259 0.4220 0.0551 0.0093 0.0067 
0.1093 0.0617 0.0040 0.0562 0.0016 0.0623 0.0013 0.0633 0.0027 0.0003 0.0704 0.0294 0.4658 0.0596 0.0058 0.0064 
0.0936 0.0502 0.0059 0.0280 0.0006 0.0489 0.0024 0.0444 0.0139 0.0003 0.0492 0.0482 0.5489 0.0449 0.0129 0.0077 
0.0743 0.0372 0.0495 0.0030 0.0022 0.0449 0.0046 0.0343 0.0005 0.0001 0.0444 0.0062 0.6346 0.0382 0.0128 0.0133 
0.0768 0.0679 0.1486 0.0209 0.0011 0.0361 0.0171 0.0409 0.0022 0.0001 0.0498 0.0086 0.4243 0.0380 0.0273 0.0404 
0.1176 0.0546 0.1385 0.0219 0.0118 0.0709 0.0289 0.0548 0.0003 0.0002 0.0573 0.0236 0.3479 0.0545 0.0048 0.0123 
0.1133 0.0586 0.0260 0.0013 0.1195 0.0767 0.0235 0.0641 0.0003 0.0016 0.1201 0.0030 0.0780 0.3065 0.0043 0.0032 
0.0867 0.0575 0.0042 0.0088 0.0029 0.0398 0.0008 0.1412 0.0022 0.0011 0.0717 0.0591 0.1203 0.0401 0.3610 0.0027 
0.0935 0.0596 0.0088 0.0099 0.0058 0.0490 0.0088 0.0543 0.1094 0.0086 0.0519 0.0351 0.1435 0.0714 0.0081 0.2822 
0.4074 0.0658 0.0321 0.0393 0.0010 0.0707 0.0125 0.0591 0.0035 0.0001 0.0605 0.0035 0.1009 0.0636 0.0481 0.0323 
0.0859 0.0473 0.4569 0.0372 0.0011 0.0657 0.0046 0.0427 0.0038 0.0037 0.0688 0.0045 0.0877 0.0417 0.0110 0.0374 
0.1120 0.0553 0.0775 0.3503 0.0134 0.0575 0.0057 0.0594 0.0005 0.0001 0.0543 0.0398 0.1080 0.0562 0.0059 0.0043 
0.1000 0.0540 0.0532 0.4212 0.0295 0.0752 0.0026 0.0727 0.0037 0.0001 0.0494 0.0112 0.0404 0.0625 0.0086 0.0161 
0.1454 0.0562 0.0133 0.1628 0.0430 0.1767 0.0083 0.0783 0.0692 0.0061 0.0644 0.0054 0.0565 0.0687 0.0134 0.0324 
