0.1586 0.0642 0.0784 0.0923 0.0045 0.2240 0.0064 0.0546 0.0219 0.0058 0.0938 0.0593 0.0719 0.0526 0.0037 0.0081 
0.1241 0.0656 0.0295 0.1021 0.0003 0.0763 0.0048 0.0599 0.0026 0.0011 0.2838 0.0359 0.1412 0.0546 0.0051 0.0129 
0.1016 0.0804 0.0189 0.0732 0.0014 0.0676 0.0045 0.0483 0.0181 0.0001 0.0575 0.2483 0.2211 0.0500 0.0030 0.0064 
0.0459 0.0773 0.0102 0.0837 0.0018 0.0233 0.0019 0.0219 0.0003 0.0001 0.0225 0.0030 0.6806 0.0220 0.0027 0.0027 
0.0639 0.0369 0.0655 0.0772 0.0008 0.0524 0.0062 0.0337 0.0001 0.0001 0.0328 0.0029 0.5894 0.0316 0.0021 0.0048 
0.0741 0.0530 0.1007 0.0655 0.0014 0.0749 0.0027 0.0382 0.0008 0.0001 0.0447 0.0042 0.4929 0.0377 0.0034 0.0058 
0.0946 0.1584 0.0481 0.1130 0.0035 0.0435 0.0011 0.0478 0.0002 0.0001 0.0452 0.0112 0.3677 0.0431 0.0061 0.0168 
0.1272 0.0669 0.0387 0.1615 0.0123 0.0976 0.0123 0.0658 0.0051 0.0001 0.0665 0.0045 0.1639 0.0665 0.0061 0.1053 
0.1065 0.0473 0.3487 0.0693 0.0026 0.0561 0.0013 0.0481 0.0008 0.0006 0.0987 0.0046 0.1546 0.0434 0.0016 0.0158 
0.0853 0.0744 0.0165 0.0038 0.0040 0.2942 0.0010 0.0449 0.0038 0.0053 0.0502 0.1882 0.1794 0.0417 0.0029 0.0045 
0.0954 0.0910 0.0030 0.0347 0.0089 0.0498 0.0163 0.0508 0.0024 0.0001 0.3670 0.0179 0.1005 0.1588 0.0013 0.0022 
0.0409 0.0236 0.0070 0.0275 0.0013 0.0238 0.0042 0.0188 0.0016 0.0001 0.0219 0.1136 0.1144 0.0284 0.5677 0.0054 
0.0348 0.0273 0.1377 0.0072 0.0014 0.0217 0.0037 0.0203 0.0053 0.0027 0.0198 0.0053 0.1508 0.0168 0.0094 0.5358 
0.2904 0.0776 0.0629 0.0078 0.0077 0.0906 0.0235 0.0816 0.0054 0.0002 0.0925 0.0101 0.1161 0.0799 0.0209 0.0327 
0.0890 0.0510 0.3388 0.0053 0.0026 0.1654 0.0307 0.0470 0.0072 0.0002 0.0625 0.0113 0.0794 0.0432 0.0126 0.0539 
0.1339 0.1596 0.2753 0.0805 0.0018 0.0543 0.0105 0.0562 0.0029 0.0006 0.0652 0.0165 0.0660 0.0556 0.0125 0.0086 
0.0762 0.0514 0.0198 0.0005 0.0022 0.5931 0.0149 0.0361 0.0018 0.0043 0.0382 0.0351 0.0591 0.0385 0.0077 0.0211 
0.0839 0.0551 0.0176 0.0013 0.0006 0.0417 0.0034 0.0490 0.0005 0.0046 0.6463 0.0032 0.0273 0.0422 0.0089 0.0144 
0.0465 0.0436 0.0168 0.0050 0.0011 0.0251 0.0010 0.0222 0.0125 0.0021 0.0465 0.7389 0.0069 0.0228 0.0022 0.0069 
0.0487 0.0267 0.0193 0.0029 0.0010 0.0335 0.0056 0.0252 0.0001 0.0016 0.0289 0.0401 0.7258 0.0262 0.0062 0.0085 
0.0490 0.0249 0.0141 0.0014 0.0013 0.0380 0.0029 0.0248 0.0013 0.0001 0.0617 0.0105 0.7385 0.0246 0.0046 0.0026 
0.0463 0.0372 0.0016 0.0053 0.0008 0.0235 0.0029 0.0238 0.0005 0.0001 0.0307 0.0860 0.7154 0.0227 0.0010 0.0026 
0.0573 0.0268 0.0010 0.0120 0.0010 0.0371 0.0010 0.0284 0.0013 0.0001 0.0302 0.0115 0.7604 0.0284 0.0016 0.0021 
0.0537 0.0327 0.0043 0.0022 0.0018 0.0307 0.0064 0.0275 0.0011 0.0001 0.0300 0.0073 0.7596 0.0351 0.0046 0.0030 
0.0559 0.0387 0.0040 0.0021 0.0008 0.0262 0.0022 0.0272 0.0003 0.0001 0.0281 0.0046 0.7650 0.0296 0.0112 0.0043 
0.0567 0.0270 0.0086 0.0029 0.0006 0.0311 0.0043 0.0284 0.0048 0.0013 0.0273 0.0035 0.7472 0.0280 0.0045 0.0238 
0.0511 0.0307 0.0147 0.0016 0.0011 0.0244 0.0232 0.0263 0.0024 0.0001 0.0268 0.0027 0.6671 0.0281 0.0097 0.0902 
0.0682 0.0300 0.0569 0.0072 0.0014 0.0369 0.0315 0.0289 0.0006 0.0003 0.0366 0.0056 0.6497 0.0284 0.0062 0.0115 
0.0960 0.0920 0.0321 0.0016 0.0211 0.0621 0.0240 0.0466 0.0021 0.0030 0.0867 0.0104 0.2029 0.2970 0.0035 0.0188 
0.0789 0.0525 0.0236 0.0067 0.0010 0.0519 0.0029 0.0465 0.0003 0.0011 0.0458 0.0391 0.1155 0.0470 0.4685 0.0187 
0.0794 0.0411 0.0334 0.0088 0.0016 0.0447 0.0014 0.0419 0.0048 0.0455 0.0904 0.0174 0.3074 0.0404 0.0080 0.2336 
0.2517 0.0831 0.0117 0.0110 0.0050 0.0761 0.0074 0.0628 0.0018 0.0005 0.0837 0.0906 0.2408 0.0623 0.0043 0.0074 
0.0887 0.0613 0.0366 0.0350 0.0016 0.0615 0.0048 0.0435 0.0019 0.0001 0.0577 0.0494 0.5078 0.0444 0.0014 0.0045 
0.0834 0.0402 0.0233 0.0387 0.0005 0.0521 0.0016 0.0393 0.0018 0.0016 0.0438 0.0145 0.6098 0.0401 0.0024 0.0070 
0.0612 0.0305 0.0212 0.0192 0.0010 0.0441 0.0024 0.0312 0.0001 0.0001 0.0457 0.0104 0.6996 0.0300 0.0026 0.0013 
0.0562 0.0316 0.0024 0.0096 0.0011 0.0335 0.0013 0.0292 0.0002 0.0001 0.0345 0.0463 0.7237 0.0275 0.0011 0.0019 
0.0546 0.0264 0.0001 0.0289 0.0003 0.0297 0.0003 0.0270 0.0003 0.0001 0.0487 0.0126 0.7375 0.0291 0.0014 0.0032 
0.0533 0.0278 0.0059 0.0013 0.0003 0.0302 0.0014 0.0264 0.0006 0.0001 0.0300 0.0345 0.7540 0.0281 0.0053 0.0010 
0.0570 0.0337 0.0013 0.0034 0.0008 0.0275 0.0014 0.0283 0.0003 0.0001 0.0297 0.0035 0.7736 0.0283 0.0073 0.0042 
0.0546 0.0275 0.0035 0.0029 0.0005 0.0320 0.0089 0.0273 0.0006 0.0001 0.0265 0.0034 0.7573 0.0296 0.0043 0.0212 
0.0545 0.0328 0.0169 0.0019 0.0014 0.0275 0.0104 0.0254 0.0002 0.0001 0.0270 0.0016 0.7503 0.0275 0.0054 0.0173 
0.0503 0.0366 0.0177 0.0008 0.0042 0.0364 0.0185 0.0256 0.0001 0.0002 0.0310 0.0032 0.7073 0.0385 0.0126 0.0171 
0.0460 0.0259 0.0323 0.0022 0.0008 0.0252 0.0008 0.0235 0.0003 0.0010 0.0535 0.0160 0.6617 0.0233 0.0522 0.0353 
0.0471 0.0259 0.0126 0.0035 0.0010 0.0327 0.0021 0.0232 0.0054 0.0011 0.0343 0.0696 0.6335 0.0235 0.0080 0.0764 
0.0604 0.0320 0.0081 0.0066 0.0018 0.0313 0.0043 0.0283 0.0003 0.0008 0.1018 0.0174 0.6579 0.0326 0.0046 0.0118 
0.0586 0.0577 0.0117 0.0024 0.0018 0.0358 0.0021 0.0275 0.0011 0.0001 0.0300 0.1243 0.6093 0.0289 0.0059 0.0032 
0.0494 0.0240 0.0089 0.0109 0.0008 0.0582 0.0061 0.0254 0.0010 0.0001 0.0387 0.0083 0.7303 0.0257 0.0064 0.0062 
0.0556 0.0391 0.0284 0.0029 0.0005 0.0284 0.0062 0.0272 0.0013 0.0001 0.0359 0.0115 0.7182 0.0262 0.0080 0.0107 
0.0489 0.0310 0.0249 0.0217 0.0030 0.0257 0.0278 0.0256 0.0001 0.0001 0.0260 0.0065 0.7158 0.0265 0.0062 0.0104 
0.0490 0.0329 0.0441 0.0048 0.0021 0.0342 0.0069 0.0244 0.0002 0.0001 0.0241 0.0027 0.7080 0.0259 0.0121 0.0288 
0.0482 0.0236 0.0113 0.0096 0.0040 0.0324 0.0027 0.0248 0.0026 0.0005 0.0625 0.0043 0.7139 0.0248 0.0058 0.0291 
0.0481 0.0286 0.0123 0.0030 0.0026 0.0312 0.0027 0.0238 0.0008 0.0027 0.0379 0.0706 0.6985 0.0249 0.0081 0.0042 
0.0513 0.0398 0.0042 0.0064 0.0066 0.0328 0.0048 0.0267 0.0011 0.0027 0.0371 0.0209 0.7101 0.0372 0.0133 0.0051 
0.0502 0.0364 0.0091 0.0125 0.0014 0.0268 0.0027 0.0262 0.0051 0.0001 0.0284 0.0173 0.7315 0.0302 0.0115 0.0105 
0.0537 0.0241 0.0139 0.0205 0.0014 0.0280 0.0026 0.0251 0.0037 0.0014 0.0284 0.0097 0.7194 0.0280 0.0128 0.0273 
0.0513 0.0265 0.0535 0.0113 0.0018 0.0264 0.0072 0.0260 0.0003 0.0001 0.0264 0.0066 0.7115 0.0262 0.0128 0.0125 
0.0553 0.0300 0.0088 0.0196 0.0016 0.0340 0.0118 0.0268 0.0019 0.0001 0.0278 0.0062 0.7335 0.0270 0.0069 0.0088 
0.0489 0.0270 0.0056 0.0414 0.0024 0.0299 0.0050 0.0243 0.0034 0.0003 0.0377 0.0051 0.7215 0.0272 0.0069 0.0136 
0.0564 0.0329 0.0172 0.0323 0.0043 0.0291 0.0046 0.0286 0.0024 0.0003 0.0278 0.0272 0.6320 0.0500 0.0174 0.0375 
0.0395 0.0243 0.0484 0.0102 0.0117 0.0692 0.0254 0.0214 0.0043 0.0006 0.0214 0.0091 0.6493 0.0311 0.0185 0.0157 
0.0647 0.0759 0.0296 0.0235 0.0042 0.0372 0.0064 0.0498 0.0059 0.0014 0.0965 0.0120 0.5260 0.0318 0.0152 0.0200 
0.1264 0.0818 0.0259 0.0575 0.0027 0.0780 0.0177 0.0607 0.0275 0.0016 0.0674 0.1105 0.2211 0.0604 0.0134 0.0474 
0.0997 0.0607 0.3640 0.0498 0.0034 0.0395 0.0211 0.0366 0.0040 0.0010 0.0471 0.0179 0.1484 0.0417 0.0268 0.0383 
0.0609 0.0542 0.3877 0.1974 0.0142 0.0337 0.0393 0.0294 0.0030 0.0002 0.0380 0.0136 0.0489 0.0321 0.0240 0.0235 
0.0867 0.0494 0.0773 0.1013 0.2338 0.1415 0.0545 0.0487 0.0010 0.0026 0.0458 0.0208 0.0549 0.0583 0.0091 0.0144 
0.0898 0.1083 0.0565 0.1789 0.0131 0.0577 0.0067 0.2736 0.0070 0.0080 0.0815 0.0136 0.0339 0.0457 0.0168 0.0089 
0.0965 0.0562 0.0128 0.1801 0.0080 0.1393 0.0042 0.0607 0.1580 0.0676 0.0591 0.0642 0.0280 0.0451 0.0066 0.0137 
0.2535 0.0891 0.0379 0.0532 0.0390 0.1062 0.0214 0.0676 0.0179 0.0129 0.1190 0.0449 0.0473 0.0677 0.0058 0.0166 
0.1222 0.1825 0.0893 0.0995 0.0347 0.0725 0.0262 0.0697 0.0142 0.0022 0.0903 0.0578 0.0390 0.0676 0.0169 0.0153 
0.1134 0.1157 0.1425 0.0957 0.0102 0.1198 0.0080 0.0681 0.0185 0.0308 0.0599 0.0465 0.0537 0.0558 0.0297 0.0318 
0.1174 0.0545 0.0356 0.0367 0.0040 0.2957 0.0075 0.0588 0.0196 0.0577 0.1094 0.0212 0.0867 0.0522 0.0217 0.0211 
0.1057 0.0701 0.0176 0.0256 0.0110 0.0746 0.0099 0.0442 0.0177 0.0027 0.4373 0.0754 0.0420 0.0506 0.0069 0.0086 
0.0746 0.0340 0.0414 0.0157 0.0058 0.0551 0.0037 0.0329 0.0027 0.0022 0.0593 0.4804 0.1387 0.0315 0.0125 0.0096 
0.0452 0.0238 0.0412 0.0188 0.0026 0.0244 0.0035 0.0243 0.0030 0.0027 0.0525 0.0535 0.6515 0.0219 0.0043 0.0267 
0.0530 0.0291 0.0236 0.0281 0.0022 0.0240 0.0042 0.0214 0.0043 0.0003 0.0214 0.0460 0.7028 0.0219 0.0054 0.0121 
0.0431 0.0213 0.0347 0.0286 0.0066 0.0539 0.0066 0.0208 0.0018 0.0019 0.0257 0.0074 0.7124 0.0235 0.0067 0.0053 
0.0497 0.0401 0.0081 0.0240 0.0035 0.0324 0.0008 0.0256 0.0008 0.0005 0.0334 0.0099 0.7294 0.0268 0.0081 0.0069 
0.0468 0.0363 0.0018 0.0262 0.0075 0.0318 0.0064 0.0228 0.0062 0.0011 0.0246 0.0246 0.7152 0.0240 0.0085 0.0163 
0.0510 0.0265 0.0126 0.0131 0.0050 0.0299 0.0077 0.0286 0.0008 0.0001 0.0527 0.0065 0.7178 0.0275 0.0107 0.0097 
0.0442 0.0259 0.0307 0.0059 0.0040 0.0228 0.0037 0.0257 0.0021 0.0006 0.0220 0.0677 0.7031 0.0233 0.0099 0.0083 
0.0561 0.0268 0.0086 0.0297 0.0011 0.0343 0.0048 0.0248 0.0097 0.0005 0.0240 0.0038 0.6893 0.0291 0.0073 0.0500 
0.0532 0.0268 0.0596 0.0155 0.0014 0.0244 0.0051 0.0220 0.0035 0.0003 0.0447 0.0054 0.6908 0.0270 0.0080 0.0121 
0.0447 0.0334 0.0216 0.0149 0.0070 0.0486 0.0083 0.0217 0.0002 0.0013 0.0211 0.0543 0.6850 0.0254 0.0078 0.0048 
0.0442 0.0228 0.0054 0.0581 0.0021 0.0299 0.0011 0.0278 0.0008 0.0001 0.0442 0.0043 0.7105 0.0228 0.0145 0.0113 
0.0473 0.0281 0.0163 0.0517 0.0011 0.0286 0.0054 0.0216 0.0105 0.0005 0.0270 0.0236 0.6691 0.0220 0.0072 0.0399 
0.0548 0.0257 0.0363 0.0212 0.0053 0.0479 0.0030 0.0230 0.0003 0.0008 0.0281 0.0078 0.7086 0.0235 0.0101 0.0035 
0.0438 0.0680 0.0382 0.0211 0.0019 0.0254 0.0030 0.0263 0.0005 0.0001 0.0248 0.0093 0.6904 0.0219 0.0048 0.0209 
0.0492 0.0279 0.0101 0.1485 0.0006 0.0249 0.0120 0.0201 0.0045 0.0001 0.0228 0.0056 0.6321 0.0209 0.0040 0.0169 
0.0329 0.0182 0.1898 0.0550 0.0018 0.0304 0.0034 0.0153 0.0006 0.0005 0.0179 0.0056 0.6019 0.0150 0.0061 0.0058 
0.0411 0.0677 0.0265 0.2425 0.0022 0.0257 0.0058 0.0212 0.0011 0.0001 0.0212 0.0073 0.4955 0.0244 0.0083 0.0094 
0.0262 0.0184 0.0232 0.4118 0.0034 0.0248 0.0043 0.0121 0.0011 0.0001 0.0166 0.0062 0.4177 0.0147 0.0086 0.0109 
0.0725 0.0529 0.0575 0.3854 0.0058 0.0510 0.0037 0.0380 0.0014 0.0005 0.0435 0.0086 0.2192 0.0374 0.0073 0.0153 
0.0583 0.0521 0.0270 0.6149 0.0037 0.0297 0.0142 0.0337 0.0032 0.0001 0.0316 0.0117 0.0704 0.0294 0.0110 0.0091 
0.1102 0.0567 0.0270 0.1423 0.1278 0.2448 0.0107 0.0565 0.0043 0.0026 0.0578 0.0195 0.0653 0.0573 0.0096 0.0075 
0.1283 0.0709 0.0046 0.0200 0.1393 0.1238 0.0104 0.1072 0.0040 0.0034 0.2433 0.0117 0.0404 0.0724 0.0075 0.0129 
0.1266 0.1218 0.0105 0.0495 0.0094 0.0834 0.0021 0.1855 0.0117 0.0262 0.0992 0.1222 0.0455 0.0634 0.0296 0.0133 
0.1164 0.1575 0.0583 0.0113 0.0096 0.0877 0.0219 0.0593 0.0954 0.0172 0.0599 0.0241 0.0971 0.0572 0.0329 0.0942 
0.2152 0.0885 0.2201 0.0390 0.0073 0.0760 0.0083 0.0700 0.0110 0.0011 0.0919 0.0158 0.0272 0.0676 0.0113 0.0497 
0.0894 0.0415 0.4800 0.0379 0.0064 0.0939 0.0081 0.0399 0.0042 0.0014 0.0446 0.0891 0.0171 0.0339 0.0050 0.0077 
0.1086 0.0636 0.1078 0.3486 0.0027 0.0605 0.0058 0.0516 0.0053 0.0006 0.0957 0.0173 0.0578 0.0474 0.0077 0.0190 
0.0567 0.0500 0.0735 0.5735 0.0045 0.0495 0.0105 0.0265 0.0061 0.0026 0.0297 0.0363 0.0375 0.0276 0.0115 0.0040 
0.1088 0.0724 0.0302 0.2356 0.0580 0.1792 0.0050 0.0564 0.0006 0.0011 0.0594 0.0088 0.1041 0.0533 0.0171 0.0101 
0.1062 0.0632 0.0184 0.1933 0.0743 0.0760 0.0104 0.0684 0.0038 0.0014 0.2108 0.0169 0.0663 0.0762 0.0073 0.0070 
0.1289 0.0752 0.0163 0.1888 0.0043 0.0666 0.0026 0.0867 0.0089 0.0026 0.0746 0.1524 0.0954 0.0586 0.0307 0.0075 
0.1105 0.0596 0.0347 0.0748 0.0160 0.0580 0.0069 0.0532 0.0490 0.0190 0.0621 0.0236 0.3203 0.0529 0.0169 0.0425 
0.1101 0.0596 0.0264 0.0206 0.1077 0.0963 0.0385 0.0609 0.0003 0.0014 0.0842 0.0173 0.2843 0.0751 0.0091 0.0083 
0.0982 0.1000 0.0343 0.0321 0.0062 0.0545 0.0030 0.1222 0.0016 0.0013 0.0680 0.0489 0.3460 0.0492 0.0209 0.0136 
0.0869 0.0495 0.0024 0.0704 0.0016 0.0604 0.0059 0.0460 0.0879 0.0145 0.0554 0.0542 0.3858 0.0436 0.0099 0.0256 
0.1222 0.0335 0.0525 0.0323 0.0029 0.0348 0.0032 0.0324 0.0045 0.0005 0.0580 0.0163 0.5504 0.0324 0.0117 0.0125 
0.0776 0.0487 0.0497 0.0264 0.0081 0.0954 0.0057 0.0350 0.0013 0.0006 0.0367 0.0524 0.4977 0.0390 0.0042 0.0216 
0.0554 0.0270 0.0166 0.0822 0.0038 0.0343 0.0019 0.0281 0.0010 0.0005 0.0818 0.0073 0.6180 0.0310 0.0043 0.0067 
0.0652 0.0537 0.0172 0.0498 0.0048 0.0407 0.0050 0.0359 0.0026 0.0005 0.0334 0.0724 0.5467 0.0364 0.0149 0.0209 
0.0476 0.0268 0.0254 0.0517 0.0043 0.0468 0.0065 0.0259 0.0062 0.0001 0.0252 0.0072 0.6638 0.0230 0.0157 0.0238 
0.0503 0.0270 0.0674 0.0230 0.0042 0.0565 0.0046 0.0267 0.0019 0.0008 0.0446 0.0072 0.6443 0.0243 0.0037 0.0136 
0.0982 0.1065 0.0327 0.0297 0.0091 0.0650 0.0225 0.0495 0.0091 0.0003 0.0580 0.0687 0.2669 0.1596 0.0105 0.0136 
0.0950 0.0534 0.0500 0.0612 0.0064 0.0522 0.0141 0.0487 0.0032 0.0002 0.0545 0.0246 0.2372 0.0511 0.2364 0.0118 
0.0773 0.0524 0.1336 0.0721 0.0024 0.0409 0.0102 0.0438 0.0107 0.0008 0.0423 0.0099 0.0759 0.0375 0.0184 0.3718 
0.1605 0.0508 0.2692 0.2192 0.0077 0.0484 0.0217 0.0428 0.0069 0.0014 0.0454 0.0120 0.0324 0.0435 0.0137 0.0244 
0.0826 0.0443 0.2328 0.0687 0.0206 0.3177 0.0083 0.0427 0.0008 0.0019 0.0484 0.0107 0.0626 0.0387 0.0066 0.0126 
0.0813 0.0543 0.0118 0.0711 0.0452 0.0973 0.0085 0.0492 0.0064 0.0022 0.4363 0.0288 0.0451 0.0551 0.0019 0.0054 
0.0747 0.0912 0.0153 0.0513 0.0051 0.0607 0.0018 0.0573 0.0019 0.0038 0.0556 0.4014 0.1279 0.0361 0.0113 0.0045 
0.0538 0.0331 0.0283 0.0676 0.0019 0.0299 0.0022 0.0278 0.0169 0.0073 0.0508 0.0297 0.5724 0.0252 0.0053 0.0478 
0.0776 0.0336 0.0529 0.0296 0.0019 0.0358 0.0043 0.0296 0.0022 0.0002 0.0387 0.0334 0.6188 0.0304 0.0061 0.0051 
0.0436 0.0214 0.0206 0.0510 0.0083 0.0540 0.0058 0.0219 0.0001 0.0010 0.0324 0.0224 0.6899 0.0227 0.0032 0.0019 
0.0428 0.0490 0.0010 0.0692 0.0038 0.0246 0.0006 0.0225 0.0010 0.0001 0.0220 0.0272 0.7104 0.0212 0.0013 0.0035 
0.0447 0.0214 0.0010 0.0971 0.0016 0.0214 0.0014 0.0212 0.0032 0.0061 0.0262 0.0056 0.7149 0.0264 0.0040 0.0038 
0.0519 0.0257 0.0094 0.0115 0.0042 0.0391 0.0010 0.0260 0.0003 0.0001 0.0305 0.0105 0.7562 0.0262 0.0051 0.0022 
0.0518 0.0328 0.0010 0.0174 0.0016 0.0252 0.0024 0.0286 0.0003 0.0002 0.0332 0.0105 0.7623 0.0259 0.0030 0.0038 
0.0508 0.0251 0.0005 0.0449 0.0010 0.0252 0.0024 0.0257 0.0029 0.0001 0.0238 0.0125 0.7452 0.0288 0.0024 0.0091 
0.0527 0.0272 0.0134 0.0048 0.0051 0.0339 0.0081 0.0254 0.0003 0.0001 0.0256 0.0029 0.7631 0.0256 0.0070 0.0051 
0.0535 0.0304 0.0029 0.0072 0.0006 0.0280 0.0013 0.0299 0.0001 0.0005 0.0356 0.0026 0.7640 0.0283 0.0010 0.0144 
0.0522 0.0259 0.0056 0.0176 0.0006 0.0280 0.0003 0.0256 0.0059 0.0002 0.0316 0.0217 0.7495 0.0272 0.0048 0.0034 
0.0506 0.0262 0.0264 0.0075 0.0018 0.0246 0.0005 0.0246 0.0013 0.0001 0.0281 0.0118 0.7512 0.0307 0.0088 0.0061 
0.0535 0.0283 0.0027 0.0158 0.0013 0.0522 0.0026 0.0260 0.0001 0.0001 0.0251 0.0061 0.7472 0.0272 0.0073 0.0048 
0.0530 0.0406 0.0057 0.0099 0.0014 0.0264 0.0016 0.0267 0.0008 0.0001 0.0321 0.0026 0.7574 0.0305 0.0051 0.0064 
0.0503 0.0260 0.0059 0.0212 0.0010 0.0276 0.0034 0.0267 0.0018 0.0002 0.0291 0.0161 0.7513 0.0254 0.0067 0.0073 
0.0487 0.0289 0.0177 0.0246 0.0026 0.0238 0.0125 0.0254 0.0022 0.0001 0.0256 0.0054 0.6940 0.0319 0.0120 0.0449 
0.0725 0.0275 0.0900 0.0692 0.0027 0.0316 0.0647 0.0278 0.0010 0.0001 0.0265 0.0054 0.4857 0.0443 0.0284 0.0227 
0.0784 0.0634 0.0834 0.0190 0.0019 0.0871 0.0094 0.0366 0.0038 0.0021 0.0371 0.0035 0.3807 0.0390 0.0786 0.0760 
0.1254 0.0729 0.0213 0.0153 0.0043 0.1777 0.0115 0.0566 0.0066 0.0120 0.1710 0.0201 0.1779 0.0622 0.0080 0.0574 
0.1235 0.0888 0.0284 0.0201 0.0089 0.0700 0.0117 0.0583 0.0035 0.0024 0.3109 0.1155 0.0591 0.0872 0.0061 0.0054 
0.1115 0.0665 0.0251 0.0200 0.0053 0.0786 0.0142 0.0622 0.0042 0.0026 0.0991 0.2345 0.1246 0.0602 0.0729 0.0187 
0.0850 0.0516 0.0206 0.0147 0.0053 0.0518 0.0061 0.0442 0.0088 0.0027 0.0660 0.0457 0.4110 0.0457 0.0128 0.1281 
0.1339 0.0634 0.0521 0.0240 0.0045 0.0652 0.0101 0.0558 0.0096 0.0014 0.0647 0.0641 0.3158 0.0733 0.0176 0.0447 
0.0877 0.0562 0.2165 0.0270 0.0059 0.0612 0.0137 0.0423 0.0067 0.0016 0.0502 0.0272 0.3058 0.0471 0.0251 0.0259 
0.1094 0.0687 0.1942 0.0869 0.0043 0.0673 0.0196 0.0551 0.0081 0.0006 0.0610 0.0211 0.1684 0.0609 0.0145 0.0597 
0.1031 0.0534 0.1731 0.1131 0.0038 0.0864 0.0145 0.0511 0.0062 0.0021 0.0601 0.0221 0.2188 0.0505 0.0211 0.0206 
0.0979 0.0914 0.1891 0.2013 0.0021 0.0519 0.0129 0.0473 0.0058 0.0008 0.0623 0.0125 0.1110 0.0473 0.0212 0.0452 
0.0947 0.0454 0.1655 0.3066 0.0096 0.0815 0.0121 0.0431 0.0027 0.0019 0.0500 0.0268 0.0746 0.0546 0.0171 0.0136 
0.0852 0.0661 0.0463 0.0347 0.2927 0.1737 0.0500 0.0454 0.0019 0.0011 0.0583 0.0216 0.0375 0.0649 0.0131 0.0075 
0.1176 0.0901 0.0190 0.1128 0.0160 0.0744 0.0073 0.1829 0.0029 0.0021 0.1829 0.0292 0.0489 0.0586 0.0399 0.0155 
0.0880 0.0545 0.0386 0.0404 0.0078 0.0795 0.0035 0.0529 0.0851 0.1747 0.0680 0.2031 0.0265 0.0436 0.0035 0.0302 
0.1746 0.0839 0.0264 0.0264 0.0077 0.1154 0.0070 0.0601 0.0220 0.0026 0.0901 0.0588 0.2464 0.0537 0.0105 0.0145 
0.0722 0.0427 0.0419 0.0195 0.0035 0.0741 0.0101 0.0369 0.0054 0.0018 0.1614 0.0649 0.4130 0.0379 0.0035 0.0113 
0.0374 0.0351 0.0321 0.0080 0.0030 0.0402 0.0010 0.0179 0.0038 0.0040 0.0604 0.2458 0.4798 0.0201 0.0048 0.0065 
0.0339 0.0190 0.0088 0.0233 0.0032 0.0296 0.0024 0.0177 0.0011 0.0006 0.0289 0.1564 0.6412 0.0198 0.0062 0.0078 
0.0412 0.0257 0.0369 0.0107 0.0008 0.0296 0.0054 0.0205 0.0016 0.0001 0.0297 0.0316 0.7138 0.0283 0.0067 0.0174 
0.0513 0.0241 0.0131 0.0158 0.0010 0.0297 0.0062 0.0219 0.0019 0.0006 0.0296 0.0128 0.7326 0.0319 0.0093 0.0182 
0.0473 0.0268 0.0436 0.0224 0.0011 0.0198 0.0021 0.0205 0.0006 0.0002 0.0232 0.0184 0.7205 0.0229 0.0089 0.0217 
0.0450 0.0224 0.0136 0.0727 0.0045 0.0267 0.0104 0.0217 0.0008 0.0006 0.0217 0.0094 0.6371 0.0684 0.0070 0.0380 
0.0545 0.0326 0.0451 0.0470 0.0013 0.0449 0.0029 0.0268 0.0001 0.0001 0.0297 0.0038 0.6316 0.0286 0.0399 0.0115 
0.0529 0.0315 0.0064 0.0484 0.0024 0.0599 0.0026 0.0270 0.0003 0.0035 0.0347 0.0141 0.6752 0.0262 0.0042 0.0109 
0.0553 0.0278 0.0010 0.0289 0.0035 0.0775 0.0038 0.0279 0.0008 0.0002 0.0529 0.0233 0.6627 0.0262 0.0053 0.0030 
0.0519 0.0326 0.0024 0.0158 0.0008 0.0377 0.0045 0.0259 0.0008 0.0002 0.0799 0.0725 0.6306 0.0252 0.0050 0.0144 
0.0471 0.0243 0.0182 0.0019 0.0008 0.0372 0.0037 0.0225 0.0006 0.0008 0.0385 0.1080 0.6678 0.0227 0.0008 0.0051 
0.0505 0.0436 0.0137 0.0003 0.0011 0.0344 0.0018 0.0259 0.0008 0.0001 0.0296 0.0312 0.7376 0.0244 0.0040 0.0013 
0.0527 0.0320 0.0006 0.0075 0.0006 0.0257 0.0034 0.0267 0.0008 0.0001 0.0387 0.0110 0.7632 0.0262 0.0032 0.0078 
0.0515 0.0280 0.0096 0.0018 0.0008 0.0249 0.0018 0.0261 0.0002 0.0001 0.0267 0.0165 0.7560 0.0441 0.0064 0.0061 
0.0535 0.0275 0.0156 0.0008 0.0013 0.0327 0.0053 0.0259 0.0001 0.0001 0.0265 0.0030 0.7584 0.0358 0.0088 0.0051 
0.0526 0.0327 0.0050 0.0081 0.0005 0.0259 0.0040 0.0276 0.0005 0.0001 0.0312 0.0034 0.7535 0.0275 0.0112 0.0166 
0.0572 0.0256 0.0173 0.0446 0.0014 0.0236 0.0104 0.0273 0.0048 0.0013 0.0243 0.0187 0.5302 0.0340 0.0264 0.1530 
0.1216 0.0677 0.1248 0.0265 0.0059 0.0661 0.0583 0.0524 0.0029 0.0001 0.0473 0.0081 0.1744 0.0802 0.0377 0.1262 
0.1581 0.0585 0.0681 0.0190 0.0291 0.1621 0.0419 0.0682 0.0361 0.0019 0.0610 0.0006 0.1165 0.0947 0.0112 0.0730 
