0.0761 0.0660 0.3202 0.2390 0.0073 0.0470 0.0300 0.0321 0.0174 0.0013 0.0559 0.0179 0.0396 0.0300 0.0038 0.0163 
0.0383 0.0383 0.0383 0.1140 0.4432 0.0342 0.1364 0.0270 0.0016 0.0010 0.0351 0.0198 0.0422 0.0235 0.0019 0.0051 
0.0606 0.0425 0.0062 0.2996 0.0073 0.0529 0.0013 0.3731 0.0061 0.0010 0.0628 0.0105 0.0364 0.0291 0.0073 0.0034 
0.0375 0.0401 0.0034 0.0554 0.0101 0.0599 0.0034 0.0241 0.4761 0.1534 0.0316 0.0379 0.0189 0.0179 0.0072 0.0232 
0.1797 0.0534 0.0030 0.0109 0.2483 0.0807 0.1587 0.0511 0.0051 0.0016 0.0960 0.0224 0.0339 0.0470 0.0030 0.0053 
0.0564 0.1829 0.2268 0.0099 0.0019 0.0236 0.0030 0.3240 0.0003 0.0014 0.0289 0.0412 0.0463 0.0267 0.0067 0.0198 
0.0427 0.0219 0.0414 0.2139 0.0011 0.0216 0.0051 0.0179 0.4887 0.0241 0.0225 0.0050 0.0465 0.0171 0.0157 0.0150 
0.2737 0.0529 0.3537 0.0340 0.0043 0.0549 0.0056 0.0541 0.0011 0.0001 0.0554 0.0078 0.0358 0.0506 0.0081 0.0078 
0.1043 0.0864 0.3750 0.0339 0.0370 0.0822 0.0040 0.0570 0.0008 0.0002 0.0554 0.0117 0.0731 0.0541 0.0086 0.0163 
0.1184 0.1302 0.0141 0.2304 0.0062 0.1970 0.0013 0.0765 0.0118 0.0006 0.0719 0.0075 0.0581 0.0572 0.0094 0.0094 
0.1684 0.1609 0.0358 0.1091 0.0011 0.1114 0.0056 0.0721 0.0241 0.0037 0.1091 0.0216 0.0435 0.0700 0.0030 0.0606 
0.1937 0.0703 0.2339 0.1438 0.0013 0.0618 0.0080 0.0548 0.0139 0.0003 0.0842 0.0315 0.0225 0.0606 0.0050 0.0144 
0.0652 0.0562 0.5372 0.1348 0.0034 0.0391 0.0037 0.0299 0.0014 0.0002 0.0312 0.0233 0.0217 0.0300 0.0115 0.0112 
0.0605 0.0358 0.1588 0.5299 0.0006 0.0540 0.0046 0.0350 0.0001 0.0001 0.0380 0.0035 0.0201 0.0297 0.0061 0.0233 
0.0885 0.0644 0.0355 0.5131 0.0029 0.0888 0.0024 0.0430 0.0070 0.0001 0.0543 0.0099 0.0318 0.0460 0.0065 0.0059 
0.0719 0.0855 0.0091 0.6072 0.0067 0.0390 0.0021 0.0374 0.0002 0.0003 0.0529 0.0078 0.0278 0.0327 0.0112 0.0083 
0.0556 0.0380 0.1057 0.5266 0.0692 0.0276 0.0153 0.0308 0.0038 0.0001 0.0339 0.0125 0.0180 0.0278 0.0054 0.0299 
0.0727 0.0366 0.1372 0.4598 0.0530 0.0441 0.0286 0.0572 0.0013 0.0005 0.0375 0.0161 0.0099 0.0371 0.0030 0.0054 
0.1185 0.0699 0.0187 0.1603 0.0050 0.3215 0.0026 0.0896 0.0149 0.0156 0.0642 0.0064 0.0355 0.0570 0.0169 0.0035 
0.1134 0.0795 0.0021 0.0171 0.0856 0.0760 0.0043 0.0460 0.0267 0.0401 0.3921 0.0211 0.0305 0.0455 0.0081 0.0118 
0.1550 0.0674 0.0201 0.0059 0.0524 0.0612 0.0451 0.0730 0.0083 0.0034 0.1953 0.1695 0.0281 0.0973 0.0139 0.0040 
0.0542 0.0313 0.0741 0.0286 0.0006 0.0267 0.0072 0.0580 0.0067 0.0125 0.0292 0.0147 0.0385 0.0294 0.5422 0.0462 
0.0883 0.0367 0.1578 0.0318 0.0019 0.0396 0.0018 0.0345 0.0818 0.0157 0.0323 0.0067 0.0177 0.0331 0.0032 0.4172 
0.3964 0.0695 0.0716 0.0698 0.0030 0.1329 0.0019 0.0633 0.0021 0.0010 0.0727 0.0014 0.0195 0.0674 0.0136 0.0139 
0.1004 0.1057 0.1771 0.2676 0.0043 0.1303 0.0014 0.0511 0.0006 0.0003 0.0676 0.0077 0.0102 0.0493 0.0131 0.0131 
0.0580 0.1030 0.0104 0.6425 0.0193 0.0304 0.0048 0.0323 0.0003 0.0001 0.0340 0.0129 0.0058 0.0284 0.0048 0.0133 
0.0411 0.0165 0.0262 0.4356 0.3412 0.0198 0.0358 0.0182 0.0040 0.0001 0.0188 0.0105 0.0075 0.0192 0.0042 0.0014 
0.0652 0.0372 0.0165 0.4282 0.0105 0.0557 0.0010 0.2749 0.0001 0.0034 0.0375 0.0075 0.0176 0.0311 0.0104 0.0034 
0.0482 0.0682 0.0042 0.2478 0.0069 0.0214 0.0003 0.0248 0.4037 0.0749 0.0312 0.0086 0.0125 0.0232 0.0034 0.0209 
0.2924 0.0431 0.0155 0.3697 0.0053 0.0487 0.0013 0.0423 0.0081 0.0014 0.0677 0.0115 0.0462 0.0422 0.0027 0.0018 
0.0895 0.0470 0.0780 0.0037 0.0075 0.5320 0.0027 0.0462 0.0003 0.0014 0.0529 0.0553 0.0336 0.0425 0.0032 0.0043 
0.0824 0.0394 0.0013 0.0155 0.0048 0.0723 0.0006 0.0457 0.0010 0.0011 0.6057 0.0273 0.0583 0.0385 0.0037 0.0024 
0.0427 0.0530 0.0030 0.0072 0.0013 0.0208 0.0048 0.0241 0.0096 0.0001 0.0339 0.7144 0.0610 0.0216 0.0005 0.0022 
0.0564 0.0260 0.0027 0.0026 0.0008 0.0492 0.0048 0.0265 0.0029 0.0002 0.0297 0.0161 0.7369 0.0296 0.0070 0.0086 
0.0425 0.0735 0.0382 0.0010 0.0003 0.0228 0.0032 0.0205 0.0046 0.0001 0.0313 0.0032 0.7036 0.0201 0.0059 0.0294 
0.0561 0.0313 0.0212 0.0022 0.0046 0.0278 0.0262 0.0265 0.0002 0.0010 0.0283 0.0313 0.6984 0.0329 0.0045 0.0075 
0.0652 0.0318 0.0230 0.0027 0.0005 0.0276 0.0006 0.0331 0.0005 0.0001 0.0409 0.0035 0.6838 0.0489 0.0217 0.0163 
0.0863 0.0444 0.0457 0.0073 0.0003 0.0521 0.0019 0.0422 0.0113 0.0002 0.0465 0.0126 0.3169 0.0484 0.0449 0.2390 
0.1089 0.0862 0.3183 0.0045 0.0030 0.0556 0.0230 0.0495 0.0010 0.0005 0.0543 0.0083 0.1844 0.0513 0.0102 0.0410 
0.1853 0.1445 0.1244 0.0251 0.0018 0.1099 0.0123 0.0856 0.0008 0.0001 0.0917 0.0073 0.0752 0.0840 0.0088 0.0433 
0.1182 0.0591 0.1066 0.0212 0.0014 0.2179 0.0059 0.0599 0.0030 0.0011 0.1812 0.0275 0.1281 0.0586 0.0062 0.0038 
0.1372 0.2569 0.0069 0.0510 0.0010 0.0696 0.0026 0.0693 0.0002 0.0002 0.0770 0.1363 0.1166 0.0674 0.0011 0.0069 
0.0438 0.0262 0.0011 0.2404 0.0002 0.0216 0.0016 0.0208 0.0011 0.0001 0.0241 0.0094 0.5872 0.0204 0.0016 0.0006 
0.0658 0.0356 0.0465 0.0390 0.0011 0.0438 0.0005 0.0316 0.0003 0.0001 0.0329 0.0014 0.6636 0.0327 0.0024 0.0029 
0.0481 0.0248 0.0104 0.1712 0.0006 0.0222 0.0005 0.0233 0.0001 0.0001 0.0243 0.0035 0.6425 0.0241 0.0038 0.0010 
0.0549 0.0270 0.0057 0.0516 0.0006 0.0549 0.0018 0.0286 0.0006 0.0001 0.0321 0.0046 0.7030 0.0276 0.0057 0.0013 
0.0532 0.0348 0.0001 0.0118 0.0014 0.1161 0.0021 0.0273 0.0003 0.0001 0.0350 0.0094 0.6728 0.0275 0.0040 0.0045 
0.0419 0.1441 0.0003 0.0043 0.0075 0.0235 0.0037 0.0212 0.0010 0.0001 0.0299 0.0144 0.6728 0.0208 0.0072 0.0077 
0.0744 0.0412 0.0463 0.0008 0.0625 0.0348 0.0621 0.0395 0.0002 0.0001 0.0374 0.0113 0.1537 0.4160 0.0075 0.0123 
0.0213 0.0086 0.3166 0.0027 0.0005 0.0113 0.0048 0.0336 0.0021 0.0001 0.0077 0.0014 0.0631 0.0126 0.4942 0.0197 
0.0720 0.0340 0.0605 0.0021 0.0024 0.0671 0.0062 0.0310 0.0149 0.0332 0.0682 0.0158 0.1570 0.0295 0.0032 0.4028 
0.4355 0.1169 0.0032 0.0187 0.0026 0.0489 0.0086 0.0537 0.0013 0.0002 0.0586 0.0452 0.0580 0.0501 0.0099 0.0888 
0.0781 0.0441 0.4752 0.0161 0.0029 0.1085 0.0248 0.0385 0.0065 0.0018 0.0427 0.0195 0.0668 0.0414 0.0062 0.0270 
0.0973 0.1431 0.4074 0.0171 0.0057 0.0754 0.0011 0.0510 0.0022 0.0050 0.0640 0.0070 0.0578 0.0465 0.0118 0.0075 
0.0840 0.0502 0.0155 0.0030 0.0034 0.4962 0.0078 0.0441 0.0029 0.0024 0.1163 0.1094 0.0105 0.0428 0.0043 0.0072 
0.0808 0.0426 0.0062 0.0035 0.0022 0.0506 0.0013 0.0431 0.0022 0.0011 0.6253 0.0711 0.0131 0.0420 0.0065 0.0081 
0.0494 0.0572 0.0027 0.0066 0.0008 0.0238 0.0026 0.0249 0.0058 0.0001 0.0318 0.7372 0.0220 0.0235 0.0011 0.0107 
0.0623 0.0259 0.0094 0.0029 0.0006 0.0466 0.0027 0.0270 0.0005 0.0008 0.0278 0.0155 0.7447 0.0264 0.0026 0.0043 
0.0525 0.0295 0.0139 0.0006 0.0014 0.0391 0.0030 0.0281 0.0010 0.0001 0.0454 0.0038 0.7468 0.0264 0.0043 0.0040 
0.0626 0.0419 0.0027 0.0018 0.0010 0.0310 0.0042 0.0331 0.0006 0.0001 0.0363 0.0527 0.6954 0.0315 0.0014 0.0040 
0.0620 0.0292 0.0115 0.0014 0.0005 0.0374 0.0008 0.0318 0.0029 0.0001 0.0358 0.0141 0.7317 0.0310 0.0040 0.0061 
0.0591 0.0305 0.0141 0.0006 0.0011 0.0318 0.0030 0.0302 0.0013 0.0001 0.0345 0.0107 0.7435 0.0297 0.0030 0.0069 
0.0653 0.0377 0.0040 0.0019 0.0010 0.0318 0.0018 0.0310 0.0006 0.0001 0.0340 0.0073 0.7417 0.0329 0.0021 0.0070 
0.0582 0.0296 0.0163 0.0022 0.0006 0.0286 0.0016 0.0284 0.0014 0.0001 0.0358 0.0051 0.7546 0.0318 0.0029 0.0029 
0.0601 0.0307 0.0272 0.0038 0.0013 0.0324 0.0010 0.0304 0.0018 0.0001 0.0304 0.0081 0.7292 0.0307 0.0032 0.0101 
0.0589 0.0292 0.0054 0.0062 0.0022 0.0380 0.0053 0.0310 0.0005 0.0001 0.0313 0.0059 0.7516 0.0288 0.0030 0.0026 
0.0561 0.0527 0.0027 0.0030 0.0046 0.0294 0.0053 0.0302 0.0010 0.0001 0.0313 0.0077 0.7343 0.0323 0.0019 0.0075 
0.0736 0.0331 0.0050 0.0091 0.0008 0.0350 0.0019 0.0351 0.0022 0.0008 0.0375 0.0112 0.6954 0.0372 0.0109 0.0112 
0.1054 0.0580 0.0644 0.0037 0.0011 0.0510 0.0094 0.0518 0.0089 0.0001 0.0550 0.0077 0.2482 0.1200 0.0105 0.2050 
0.1075 0.0511 0.1671 0.0141 0.0013 0.0541 0.0172 0.0519 0.0006 0.0005 0.0628 0.0142 0.2252 0.0511 0.1699 0.0113 
0.0431 0.0313 0.2718 0.0195 0.0011 0.0201 0.0085 0.0209 0.0040 0.0006 0.0227 0.0066 0.0676 0.0222 0.0240 0.4359 
0.1767 0.0543 0.2395 0.0832 0.0061 0.1602 0.0054 0.0551 0.0002 0.0010 0.0564 0.0160 0.0751 0.0542 0.0045 0.0123 
0.0920 0.0612 0.0120 0.0016 0.0198 0.4956 0.0026 0.0473 0.0001 0.0019 0.1271 0.0051 0.0791 0.0460 0.0024 0.0064 
0.0617 0.0347 0.0003 0.0260 0.0010 0.0312 0.0013 0.0404 0.0021 0.0003 0.5165 0.1754 0.0754 0.0304 0.0006 0.0029 
0.0401 0.0216 0.0069 0.0024 0.0011 0.0232 0.0016 0.0193 0.0203 0.0005 0.0224 0.6135 0.2014 0.0193 0.0026 0.0040 
0.0543 0.0268 0.0062 0.0016 0.0006 0.0377 0.0022 0.0286 0.0001 0.0001 0.0347 0.0062 0.7679 0.0268 0.0040 0.0022 
0.0521 0.0417 0.0043 0.0003 0.0006 0.0291 0.0016 0.0265 0.0002 0.0001 0.0292 0.0217 0.7619 0.0257 0.0013 0.0040 
0.0594 0.0334 0.0002 0.0059 0.0006 0.0286 0.0016 0.0275 0.0008 0.0001 0.0291 0.0081 0.7742 0.0283 0.0014 0.0008 
0.0521 0.0270 0.0232 0.0022 0.0003 0.0246 0.0026 0.0260 0.0005 0.0001 0.0286 0.0075 0.7626 0.0283 0.0043 0.0104 
0.0551 0.0270 0.0058 0.0048 0.0029 0.0275 0.0097 0.0259 0.0001 0.0001 0.0272 0.0107 0.7626 0.0307 0.0040 0.0064 
0.0549 0.0326 0.0056 0.0030 0.0010 0.0257 0.0006 0.0295 0.0001 0.0001 0.0295 0.0026 0.7632 0.0286 0.0152 0.0080 
0.0428 0.0248 0.0048 0.0265 0.0003 0.0182 0.0070 0.0196 0.0061 0.0001 0.0180 0.0030 0.2990 0.0254 0.0125 0.4921 
0.0637 0.0312 0.4960 0.0115 0.0019 0.0340 0.0377 0.0286 0.0010 0.0001 0.0299 0.0042 0.2048 0.0304 0.0118 0.0136 
0.0773 0.0514 0.0854 0.0014 0.0156 0.3462 0.0176 0.0399 0.0010 0.0022 0.0503 0.0065 0.2392 0.0407 0.0069 0.0182 
0.0875 0.0739 0.0193 0.0163 0.0045 0.0447 0.0010 0.0693 0.0019 0.0003 0.4609 0.0434 0.1016 0.0511 0.0019 0.0222 
0.0992 0.1853 0.0791 0.0073 0.0014 0.0890 0.0141 0.0483 0.0427 0.0026 0.0492 0.1285 0.0604 0.0455 0.1320 0.0155 
0.0645 0.0538 0.4235 0.0372 0.0029 0.0324 0.0069 0.0345 0.0058 0.0011 0.0427 0.0065 0.0190 0.0324 0.0182 0.2185 
0.1364 0.0700 0.1006 0.0273 0.0165 0.2950 0.0171 0.0669 0.0006 0.0022 0.0682 0.0875 0.0278 0.0641 0.0067 0.0129 
0.0866 0.0487 0.0174 0.0109 0.0046 0.2265 0.0070 0.0545 0.0013 0.0051 0.4131 0.0134 0.0548 0.0439 0.0051 0.0070 
0.0439 0.0232 0.0013 0.0046 0.0024 0.1398 0.0022 0.0251 0.0102 0.0010 0.1286 0.5529 0.0406 0.0216 0.0014 0.0013 
0.0455 0.0462 0.0019 0.0010 0.0024 0.0227 0.0030 0.0208 0.0027 0.0005 0.0463 0.1666 0.6130 0.0188 0.0064 0.0022 
0.0511 0.0283 0.0081 0.0018 0.0002 0.0262 0.0038 0.0267 0.0016 0.0001 0.0295 0.0431 0.7307 0.0299 0.0059 0.0133 
0.0514 0.0350 0.0281 0.0022 0.0002 0.0233 0.0109 0.0235 0.0034 0.0001 0.0257 0.0048 0.7372 0.0249 0.0181 0.0115 
0.0490 0.0235 0.0358 0.0006 0.0022 0.0417 0.0141 0.0230 0.0001 0.0001 0.0244 0.0018 0.7406 0.0262 0.0011 0.0163 
0.0541 0.0615 0.0145 0.0013 0.0002 0.0289 0.0026 0.0246 0.0002 0.0001 0.0263 0.0029 0.7506 0.0251 0.0022 0.0051 
0.0498 0.0248 0.0292 0.0513 0.0001 0.0236 0.0037 0.0240 0.0032 0.0022 0.0353 0.0061 0.7108 0.0246 0.0066 0.0050 
0.0510 0.0241 0.0912 0.0083 0.0026 0.0471 0.0010 0.0230 0.0001 0.0001 0.0260 0.0134 0.6798 0.0238 0.0006 0.0081 
0.0594 0.0337 0.0008 0.0182 0.0065 0.0390 0.0010 0.0307 0.0001 0.0002 0.0385 0.0042 0.7347 0.0286 0.0035 0.0013 
0.0840 0.0455 0.0024 0.0252 0.0291 0.0444 0.0049 0.0536 0.0008 0.0001 0.0642 0.0158 0.5036 0.1177 0.0029 0.0061 
0.1294 0.0802 0.0115 0.0770 0.0018 0.0623 0.0078 0.0674 0.0067 0.0001 0.0626 0.0259 0.3141 0.0649 0.0807 0.0078 
0.0969 0.0444 0.0174 0.0166 0.0034 0.0912 0.0014 0.0484 0.0045 0.0486 0.0533 0.0045 0.3816 0.0439 0.0093 0.1346 
0.1535 0.1746 0.0224 0.0110 0.0034 0.0748 0.0088 0.0725 0.0027 0.0003 0.0828 0.0072 0.2542 0.0634 0.0147 0.0537 
0.1013 0.0903 0.0305 0.2471 0.0011 0.0487 0.0088 0.0503 0.0097 0.0001 0.0556 0.0233 0.2281 0.0521 0.0120 0.0412 
0.0692 0.0388 0.1633 0.0168 0.0010 0.3069 0.0136 0.0355 0.0045 0.0008 0.0393 0.0206 0.2398 0.0401 0.0038 0.0062 
0.0756 0.0596 0.0896 0.0193 0.0016 0.0578 0.0026 0.0371 0.0005 0.0010 0.3881 0.0064 0.2088 0.0374 0.0054 0.0093 
0.0751 0.0585 0.0169 0.0233 0.0053 0.1516 0.0069 0.0379 0.0102 0.0008 0.0562 0.4491 0.0214 0.0626 0.0077 0.0165 
0.1205 0.1242 0.0548 0.0181 0.0054 0.0633 0.0102 0.0617 0.0029 0.0008 0.1482 0.0270 0.1688 0.0700 0.0809 0.0432 
0.0966 0.0524 0.0674 0.0243 0.0113 0.1388 0.0157 0.0502 0.0059 0.0050 0.0529 0.0885 0.2121 0.0589 0.0062 0.1137 
0.1456 0.0856 0.1559 0.0272 0.0054 0.0768 0.0321 0.0647 0.0062 0.0029 0.1444 0.0089 0.1078 0.0645 0.0177 0.0540 
0.0736 0.1181 0.3891 0.0516 0.0026 0.0577 0.0097 0.0337 0.0144 0.0027 0.0607 0.0719 0.0248 0.0383 0.0120 0.0391 
0.1108 0.0629 0.0273 0.0217 0.0050 0.4335 0.0096 0.0500 0.0048 0.0220 0.0589 0.0688 0.0361 0.0495 0.0077 0.0313 
0.0767 0.0388 0.0559 0.0367 0.0046 0.0481 0.0051 0.0409 0.0008 0.0014 0.5977 0.0131 0.0308 0.0406 0.0013 0.0075 
0.0559 0.0284 0.0198 0.0236 0.0026 0.0340 0.0027 0.0236 0.0022 0.0016 0.0452 0.7218 0.0070 0.0252 0.0040 0.0021 
0.0508 0.0260 0.0083 0.0180 0.0048 0.0324 0.0016 0.0264 0.0016 0.0027 0.0415 0.0409 0.7095 0.0265 0.0018 0.0072 
0.0537 0.0313 0.0022 0.0312 0.0018 0.0294 0.0056 0.0288 0.0026 0.0005 0.0278 0.0313 0.7123 0.0259 0.0022 0.0136 
0.0534 0.0278 0.0149 0.0123 0.0013 0.0296 0.0021 0.0265 0.0019 0.0001 0.0348 0.0123 0.7471 0.0286 0.0042 0.0034 
0.0577 0.0303 0.0133 0.0037 0.0018 0.0383 0.0026 0.0273 0.0013 0.0002 0.0260 0.0342 0.7283 0.0268 0.0029 0.0054 
0.0570 0.0334 0.0086 0.0217 0.0006 0.0283 0.0010 0.0278 0.0013 0.0001 0.0308 0.0029 0.7495 0.0296 0.0018 0.0059 
0.0559 0.0272 0.0070 0.0088 0.0008 0.0334 0.0019 0.0270 0.0013 0.0026 0.0267 0.0115 0.7564 0.0284 0.0070 0.0042 
0.0593 0.0355 0.0097 0.0081 0.0005 0.0294 0.0022 0.0291 0.0002 0.0001 0.0299 0.0016 0.7550 0.0299 0.0034 0.0065 
0.0580 0.0281 0.0013 0.0219 0.0013 0.0310 0.0016 0.0280 0.0010 0.0001 0.0329 0.0048 0.7522 0.0276 0.0058 0.0048 
0.0556 0.0294 0.0067 0.0042 0.0021 0.0428 0.0037 0.0295 0.0001 0.0001 0.0327 0.0069 0.7475 0.0287 0.0048 0.0056 
0.0645 0.0412 0.0051 0.0037 0.0003 0.0289 0.0022 0.0295 0.0002 0.0001 0.0300 0.0142 0.7373 0.0305 0.0014 0.0110 
0.0570 0.0270 0.0024 0.0018 0.0008 0.0487 0.0021 0.0265 0.0013 0.0030 0.0342 0.0034 0.7566 0.0262 0.0050 0.0042 
0.0436 0.0454 0.0035 0.0013 0.0013 0.0200 0.0107 0.0227 0.0001 0.0001 0.0230 0.0112 0.6187 0.0263 0.0099 0.1627 
0.0598 0.0291 0.0286 0.0115 0.0003 0.0484 0.0051 0.0281 0.0001 0.0001 0.0284 0.0075 0.7097 0.0294 0.0067 0.0075 
0.0610 0.0294 0.0334 0.0005 0.0019 0.0331 0.0006 0.0278 0.0002 0.0037 0.0366 0.0029 0.7374 0.0275 0.0013 0.0029 
0.0516 0.0315 0.0013 0.0070 0.0003 0.0366 0.0075 0.0252 0.0001 0.0001 0.0351 0.0470 0.7283 0.0256 0.0019 0.0011 
0.0543 0.0275 0.0026 0.0035 0.0002 0.0284 0.0006 0.0264 0.0002 0.0001 0.0497 0.0150 0.7603 0.0264 0.0038 0.0014 
0.0544 0.0310 0.0065 0.0013 0.0006 0.0287 0.0003 0.0273 0.0001 0.0001 0.0307 0.0243 0.7603 0.0270 0.0011 0.0065 
0.0562 0.0310 0.0024 0.0046 0.0002 0.0313 0.0018 0.0283 0.0001 0.0001 0.0304 0.0026 0.7740 0.0284 0.0018 0.0075 
0.0526 0.0265 0.0195 0.0022 0.0005 0.0465 0.0008 0.0262 0.0002 0.0001 0.0425 0.0061 0.7431 0.0259 0.0013 0.0064 
0.0565 0.0303 0.0059 0.0030 0.0008 0.0273 0.0037 0.0279 0.0002 0.0001 0.0484 0.0414 0.7185 0.0283 0.0045 0.0034 
0.0622 0.0334 0.0027 0.0112 0.0005 0.0297 0.0010 0.0304 0.0016 0.0001 0.0366 0.0281 0.7185 0.0334 0.0048 0.0062 
0.0631 0.0302 0.0040 0.0048 0.0008 0.0299 0.0086 0.0307 0.0016 0.0001 0.0339 0.0086 0.7385 0.0300 0.0053 0.0102 
0.0561 0.0283 0.0153 0.0029 0.0029 0.0272 0.0045 0.0284 0.0013 0.0001 0.0302 0.0054 0.7376 0.0308 0.0022 0.0272 
0.0696 0.0345 0.0067 0.0048 0.0067 0.0375 0.1278 0.0345 0.0032 0.0006 0.0366 0.0072 0.0450 0.5788 0.0027 0.0037 
0.0463 0.0251 0.0203 0.0021 0.0013 0.0216 0.0069 0.0375 0.0008 0.0002 0.0291 0.0054 0.0244 0.0268 0.7298 0.0225 
0.0444 0.0244 0.0423 0.0062 0.0006 0.0259 0.0086 0.0225 0.0313 0.0129 0.0214 0.0085 0.0275 0.0222 0.0078 0.6934 
0.5237 0.1171 0.0252 0.0200 0.0075 0.0572 0.0110 0.0567 0.0089 0.0006 0.0610 0.0037 0.0251 0.0583 0.0057 0.0182 
0.0631 0.0419 0.5814 0.0465 0.0085 0.0826 0.0067 0.0353 0.0014 0.0010 0.0433 0.0059 0.0141 0.0321 0.0088 0.0275 
0.1113 0.0827 0.0845 0.2559 0.0343 0.1524 0.0021 0.0696 0.0010 0.0008 0.0818 0.0195 0.0377 0.0516 0.0065 0.0081 
0.0310 0.2022 0.0153 0.5798 0.0029 0.0145 0.0010 0.0374 0.0201 0.0001 0.0246 0.0302 0.0166 0.0147 0.0035 0.0062 
0.0610 0.0313 0.0733 0.6258 0.0029 0.0585 0.0038 0.0256 0.0209 0.0003 0.0334 0.0078 0.0177 0.0262 0.0046 0.0067 
0.0311 0.1215 0.4982 0.1062 0.0042 0.1677 0.0006 0.0080 0.0067 0.0005 0.0152 0.0118 0.0131 0.0075 0.0014 0.0062 
0.0748 0.0700 0.0089 0.0847 0.0492 0.4594 0.0174 0.0385 0.0021 0.0027 0.0813 0.0201 0.0433 0.0385 0.0024 0.0067 
0.0855 0.1293 0.0157 0.0690 0.0169 0.0475 0.0034 0.0855 0.0032 0.0046 0.3775 0.0625 0.0465 0.0412 0.0018 0.0101 
0.1106 0.0921 0.0136 0.0951 0.0046 0.1194 0.0353 0.0596 0.0412 0.0078 0.0657 0.1967 0.0409 0.0794 0.0230 0.0149 
0.1100 0.0987 0.2780 0.0484 0.0024 0.0720 0.0054 0.0545 0.0085 0.0021 0.1135 0.0310 0.0399 0.0529 0.0516 0.0311 
0.1169 0.0743 0.0425 0.0302 0.0038 0.2794 0.0075 0.0565 0.0035 0.0129 0.0733 0.1065 0.0728 0.0542 0.0101 0.0554 
0.1177 0.0862 0.0428 0.0878 0.0034 0.0584 0.0133 0.0586 0.0021 0.0001 0.2015 0.0161 0.2194 0.0570 0.0022 0.0334 
0.0941 0.0454 0.0160 0.0315 0.0064 0.0941 0.0131 0.0431 0.0011 0.0189 0.0483 0.2315 0.3089 0.0435 0.0019 0.0022 
0.0601 0.0324 0.0050 0.0113 0.0019 0.0300 0.0006 0.0377 0.0013 0.0045 0.1336 0.0118 0.6348 0.0313 0.0016 0.0021 
0.0751 0.0494 0.0008 0.0441 0.0011 0.0465 0.0046 0.0364 0.0190 0.0001 0.0356 0.1240 0.5176 0.0359 0.0072 0.0027 
0.0650 0.0316 0.0094 0.0072 0.0016 0.0422 0.0029 0.0326 0.0002 0.0011 0.0409 0.0008 0.7177 0.0331 0.0054 0.0083 
0.0548 0.0639 0.0444 0.0034 0.0008 0.0256 0.0014 0.0284 0.0002 0.0001 0.0292 0.0174 0.6884 0.0287 0.0064 0.0072 
0.0605 0.0281 0.0056 0.0233 0.0002 0.0497 0.0069 0.0304 0.0010 0.0001 0.0353 0.0056 0.7137 0.0316 0.0062 0.0021 
0.0593 0.0385 0.0329 0.0016 0.0024 0.0518 0.0032 0.0310 0.0038 0.0001 0.0377 0.0065 0.6674 0.0447 0.0040 0.0152 
0.0904 0.0618 0.0022 0.0161 0.1058 0.0447 0.1157 0.0460 0.0003 0.0001 0.0454 0.0093 0.0663 0.3522 0.0316 0.0121 
0.0265 0.0227 0.1983 0.0081 0.0001 0.0105 0.0110 0.0545 0.0022 0.0001 0.0099 0.0010 0.0468 0.0115 0.5497 0.0473 
0.0655 0.0227 0.1043 0.0096 0.0006 0.0449 0.0032 0.0182 0.0870 0.0754 0.0262 0.0065 0.0254 0.0200 0.0048 0.4857 
0.4379 0.1375 0.0760 0.0698 0.0040 0.0463 0.0022 0.0466 0.0014 0.0001 0.0503 0.0244 0.0184 0.0463 0.0040 0.0348 
0.0220 0.0155 0.5657 0.2755 0.0050 0.0335 0.0038 0.0104 0.0003 0.0003 0.0113 0.0121 0.0267 0.0104 0.0021 0.0053 
0.0596 0.0399 0.2582 0.3860 0.0145 0.1058 0.0002 0.0312 0.0085 0.0034 0.0439 0.0043 0.0149 0.0262 0.0026 0.0010 
0.0593 0.0353 0.0032 0.1067 0.0185 0.5452 0.0008 0.0337 0.0013 0.0037 0.0877 0.0682 0.0069 0.0281 0.0003 0.0011 
0.0701 0.0404 0.0019 0.0396 0.0102 0.0508 0.0002 0.0489 0.0021 0.0061 0.5612 0.1211 0.0081 0.0350 0.0029 0.0014 
0.0439 0.0406 0.0001 0.0431 0.0010 0.0257 0.0018 0.0254 0.0107 0.0002 0.0382 0.7100 0.0328 0.0217 0.0024 0.0026 
0.0585 0.0300 0.0166 0.0295 0.0005 0.0248 0.0030 0.0270 0.0042 0.0001 0.0329 0.0217 0.7045 0.0292 0.0064 0.0113 
0.0585 0.0246 0.0367 0.0129 0.0005 0.0489 0.0032 0.0249 0.0003 0.0001 0.0238 0.0069 0.7250 0.0270 0.0048 0.0022 
0.0557 0.0479 0.0083 0.0026 0.0035 0.0506 0.0019 0.0278 0.0013 0.0001 0.0278 0.0005 0.7392 0.0270 0.0030 0.0030 
0.0644 0.0489 0.0005 0.0324 0.0018 0.0302 0.0037 0.0336 0.0003 0.0014 0.0369 0.0021 0.6875 0.0358 0.0051 0.0155 
0.0688 0.0385 0.0722 0.0043 0.0006 0.0481 0.0035 0.0343 0.0011 0.0003 0.0318 0.0174 0.6254 0.0329 0.0155 0.0051 
0.0676 0.0846 0.0107 0.0038 0.0021 0.0548 0.0011 0.0326 0.0050 0.0003 0.0342 0.0018 0.6102 0.0331 0.0064 0.0519 
0.1168 0.0942 0.0238 0.0085 0.0008 0.0545 0.0029 0.0554 0.0016 0.0001 0.0783 0.0030 0.4661 0.0716 0.0077 0.0150 
0.1057 0.0754 0.0736 0.0115 0.0006 0.0500 0.0048 0.0514 0.0016 0.0001 0.0519 0.0222 0.4255 0.0751 0.0342 0.0166 
0.0895 0.0455 0.1396 0.0227 0.0006 0.0470 0.0056 0.0444 0.0008 0.0001 0.0482 0.0016 0.4748 0.0435 0.0222 0.0142 
0.0860 0.0438 0.0516 0.0113 0.0006 0.0789 0.0093 0.0436 0.0002 0.0001 0.0484 0.0094 0.5522 0.0449 0.0070 0.0129 
0.0986 0.0991 0.0171 0.0123 0.0021 0.1007 0.0035 0.0473 0.0006 0.0001 0.0534 0.0139 0.4686 0.0465 0.0142 0.0224 
0.1056 0.0802 0.0296 0.0069 0.0013 0.1142 0.0080 0.0522 0.0014 0.0001 0.0689 0.0086 0.4156 0.0502 0.0085 0.0490 
0.0960 0.0583 0.1609 0.0107 0.0043 0.0441 0.0233 0.0465 0.0035 0.0032 0.1064 0.0669 0.3196 0.0457 0.0024 0.0081 
0.1282 0.0661 0.0315 0.0141 0.0168 0.1340 0.0420 0.0680 0.0026 0.0001 0.0664 0.0806 0.2360 0.0942 0.0038 0.0156 
0.1442 0.1332 0.0259 0.0078 0.0045 0.1227 0.0040 0.0724 0.0021 0.0008 0.1231 0.0110 0.2206 0.0688 0.0324 0.0265 
0.1342 0.1735 0.0158 0.0147 0.0048 0.0692 0.0155 0.0735 0.0040 0.0251 0.0751 0.0609 0.1802 0.0788 0.0109 0.0638 
0.1628 0.0834 0.0498 0.0398 0.0064 0.0890 0.0158 0.0792 0.0061 0.0002 0.0869 0.0329 0.1708 0.0810 0.0735 0.0224 
0.1498 0.0709 0.0631 0.0080 0.0043 0.2027 0.0088 0.0794 0.0080 0.0013 0.0786 0.0169 0.1617 0.0687 0.0080 0.0698 
0.1040 0.0470 0.1206 0.0064 0.0008 0.0566 0.0086 0.0513 0.0109 0.0006 0.3890 0.0096 0.1329 0.0431 0.0059 0.0126 
0.0580 0.2458 0.0054 0.0018 0.0014 0.1552 0.0070 0.0259 0.0022 0.0026 0.0278 0.3755 0.0569 0.0256 0.0043 0.0046 
0.0655 0.0493 0.0208 0.0032 0.0003 0.0439 0.0105 0.0329 0.0008 0.0005 0.1335 0.0085 0.5367 0.0355 0.0241 0.0340 
0.0901 0.0561 0.0404 0.0019 0.0005 0.0762 0.0064 0.0425 0.0027 0.0003 0.0717 0.1583 0.3812 0.0435 0.0096 0.0185 
0.1119 0.0770 0.0776 0.0089 0.0006 0.0447 0.0080 0.0466 0.0006 0.0001 0.0564 0.0168 0.4580 0.0474 0.0110 0.0345 
0.0906 0.0436 0.1049 0.0385 0.0003 0.0454 0.0054 0.0442 0.0011 0.0002 0.0447 0.0137 0.4916 0.0468 0.0149 0.0141 
0.0842 0.0468 0.1257 0.0415 0.0021 0.0430 0.0091 0.0406 0.0008 0.0001 0.0420 0.0016 0.4986 0.0409 0.0115 0.0118 
0.0824 0.0450 0.0283 0.2168 0.0043 0.0503 0.0107 0.0458 0.0001 0.0001 0.0446 0.0050 0.4035 0.0403 0.0054 0.0179 
0.1187 0.0852 0.1424 0.1216 0.0085 0.0733 0.0096 0.0622 0.0022 0.0001 0.0607 0.0050 0.2331 0.0623 0.0043 0.0112 
0.0818 0.0406 0.0543 0.5001 0.0002 0.0783 0.0056 0.0396 0.0040 0.0006 0.0551 0.0058 0.0832 0.0372 0.0042 0.0094 
0.1096 0.0741 0.0399 0.0649 0.0182 0.2714 0.0061 0.0519 0.0019 0.0371 0.0719 0.0527 0.1305 0.0585 0.0048 0.0065 
0.1035 0.2415 0.0032 0.0244 0.0042 0.1516 0.0032 0.0652 0.0006 0.0001 0.0982 0.0476 0.1065 0.0510 0.0866 0.0126 
0.1091 0.1113 0.0216 0.0465 0.0054 0.0640 0.0196 0.0559 0.0061 0.0038 0.1398 0.0527 0.1707 0.0573 0.0107 0.1254 
0.0751 0.0653 0.1422 0.0053 0.0042 0.1612 0.0051 0.0382 0.0016 0.0006 0.0348 0.1636 0.2422 0.0353 0.0101 0.0153 
0.0794 0.0871 0.0395 0.0021 0.0046 0.1857 0.0147 0.0401 0.0016 0.0038 0.0807 0.0115 0.3703 0.0379 0.0153 0.0256 
0.0612 0.0442 0.0299 0.0081 0.0013 0.0331 0.0061 0.0323 0.0046 0.0001 0.3091 0.0649 0.3519 0.0300 0.0085 0.0149 
0.0329 0.0166 0.0791 0.0021 0.0006 0.0537 0.0327 0.0150 0.0042 0.0002 0.0198 0.3329 0.3760 0.0160 0.0053 0.0129 
0.0592 0.0271 0.0327 0.0024 0.0014 0.0307 0.0016 0.0246 0.0006 0.0011 0.0412 0.0153 0.7102 0.0241 0.0102 0.0174 
0.0519 0.0343 0.0022 0.0038 0.0013 0.0369 0.0096 0.0283 0.0003 0.0018 0.0502 0.0387 0.6951 0.0268 0.0133 0.0056 
0.0543 0.0458 0.0078 0.0029 0.0078 0.0291 0.0409 0.0275 0.0006 0.0006 0.0326 0.0281 0.6653 0.0259 0.0123 0.0184 
0.0733 0.0364 0.0818 0.0027 0.0029 0.0610 0.0382 0.0361 0.0001 0.0002 0.0339 0.0083 0.5591 0.0431 0.0065 0.0165 
0.0588 0.0535 0.0660 0.0011 0.0013 0.0444 0.0032 0.0291 0.0010 0.0050 0.0482 0.0091 0.6204 0.0265 0.0109 0.0217 
0.0823 0.0449 0.0163 0.0072 0.0117 0.0428 0.0402 0.0503 0.0005 0.0123 0.0741 0.0548 0.4983 0.0470 0.0112 0.0062 
0.0965 0.0468 0.0674 0.0188 0.0011 0.0497 0.0016 0.0516 0.0011 0.0001 0.0625 0.0361 0.4890 0.0458 0.0241 0.0080 
0.0872 0.0423 0.0078 0.0164 0.0014 0.0728 0.0014 0.0474 0.0021 0.0359 0.0698 0.0471 0.5028 0.0452 0.0051 0.0152 
0.0989 0.0648 0.0021 0.0064 0.0038 0.0794 0.0038 0.0503 0.0003 0.0003 0.0521 0.0291 0.4887 0.0474 0.0436 0.0289 
0.0690 0.0858 0.0121 0.0013 0.0564 0.0380 0.1887 0.0347 0.0006 0.0001 0.0546 0.0206 0.3334 0.0530 0.0101 0.0417 
0.0719 0.0556 0.2294 0.0083 0.0016 0.0313 0.0081 0.0642 0.0006 0.0001 0.0347 0.0180 0.2798 0.0355 0.0917 0.0693 
0.1018 0.0443 0.1151 0.0019 0.0059 0.1195 0.0083 0.0471 0.0105 0.0716 0.0634 0.0192 0.2903 0.0459 0.0158 0.0393 
0.1233 0.0990 0.0446 0.0010 0.0104 0.1033 0.0149 0.0759 0.0003 0.0018 0.2022 0.0238 0.2197 0.0519 0.0217 0.0064 
0.0529 0.0465 0.0006 0.0190 0.1319 0.0208 0.2812 0.0329 0.0110 0.0010 0.0495 0.1575 0.0489 0.1235 0.0097 0.0131 
0.0589 0.0304 0.0703 0.0018 0.0465 0.0324 0.2147 0.0676 0.0069 0.0008 0.0347 0.0511 0.0561 0.0466 0.2719 0.0094 
0.0485 0.0262 0.1586 0.0026 0.0008 0.0267 0.0029 0.0407 0.0489 0.1094 0.0370 0.0145 0.0455 0.0252 0.0703 0.3422 
0.1923 0.0535 0.0198 0.0034 0.0037 0.0679 0.0034 0.0474 0.0738 0.2538 0.0524 0.0454 0.0800 0.0481 0.0064 0.0487 
0.1882 0.0609 0.0246 0.0050 0.0019 0.1188 0.0021 0.0645 0.0002 0.0075 0.2851 0.0281 0.1388 0.0594 0.0078 0.0070 
0.1014 0.0553 0.0016 0.0022 0.0021 0.1300 0.0043 0.0510 0.0118 0.0013 0.1160 0.2535 0.2139 0.0494 0.0016 0.0046 
0.0673 0.0316 0.0059 0.0027 0.0006 0.0315 0.0008 0.0348 0.0005 0.0002 0.1989 0.1227 0.4668 0.0318 0.0024 0.0014 
0.0260 0.0184 0.0040 0.0002 0.0008 0.0121 0.0021 0.0123 0.0021 0.0001 0.0133 0.3965 0.4958 0.0126 0.0014 0.0024 
0.0594 0.0284 0.0001 0.0045 0.0005 0.0318 0.0010 0.0289 0.0001 0.0005 0.0299 0.0021 0.7752 0.0308 0.0037 0.0035 
0.0572 0.0327 0.0075 0.0003 0.0005 0.0278 0.0016 0.0283 0.0010 0.0001 0.0363 0.0046 0.7681 0.0286 0.0040 0.0018 
0.0559 0.0273 0.0002 0.0064 0.0005 0.0268 0.0034 0.0286 0.0002 0.0001 0.0294 0.0220 0.7673 0.0286 0.0026 0.0010 
0.0562 0.0284 0.0016 0.0003 0.0002 0.0356 0.0021 0.0288 0.0008 0.0001 0.0284 0.0067 0.7682 0.0284 0.0059 0.0085 
0.0535 0.0287 0.0010 0.0011 0.0003 0.0264 0.0121 0.0259 0.0010 0.0001 0.0466 0.0046 0.7591 0.0275 0.0037 0.0086 
0.0626 0.0385 0.0163 0.0008 0.0005 0.0236 0.0022 0.0259 0.0013 0.0001 0.0281 0.0179 0.7406 0.0257 0.0077 0.0085 
0.0736 0.0364 0.0169 0.0029 0.0045 0.0410 0.0153 0.0382 0.0011 0.0002 0.0359 0.0062 0.1209 0.5586 0.0056 0.0426 
0.0530 0.0379 0.0674 0.0011 0.0006 0.0458 0.0056 0.0299 0.0021 0.0001 0.0281 0.0010 0.1153 0.0272 0.5593 0.0259 
0.0617 0.0829 0.0240 0.0182 0.0018 0.0273 0.0034 0.0288 0.0035 0.0118 0.0455 0.0070 0.0907 0.0280 0.0026 0.5629 
0.3514 0.0353 0.0265 0.0008 0.0038 0.2157 0.0086 0.0388 0.0013 0.0006 0.0371 0.0436 0.1847 0.0366 0.0054 0.0097 
0.0780 0.0455 0.0387 0.0040 0.0094 0.0447 0.0053 0.0412 0.0010 0.0011 0.6038 0.0078 0.0542 0.0476 0.0003 0.0174 
0.0527 0.0655 0.0038 0.0188 0.0003 0.0313 0.0027 0.0300 0.0026 0.0016 0.0327 0.7050 0.0195 0.0251 0.0053 0.0030 
0.0621 0.0318 0.0458 0.0096 0.0019 0.0319 0.0045 0.0307 0.0029 0.0008 0.0409 0.0190 0.5727 0.0302 0.0051 0.1102 
0.0724 0.0350 0.0327 0.0085 0.0026 0.0569 0.0024 0.0356 0.0005 0.0005 0.0577 0.0200 0.6340 0.0340 0.0014 0.0059 
0.0664 0.0348 0.0008 0.0067 0.0069 0.0864 0.0045 0.0337 0.0002 0.0013 0.0995 0.0591 0.5640 0.0326 0.0014 0.0018 
0.0359 0.0198 0.0001 0.0059 0.0011 0.0264 0.0016 0.0224 0.0006 0.0003 0.0476 0.1781 0.6418 0.0174 0.0005 0.0005 
0.0498 0.0450 0.0002 0.0011 0.0019 0.0289 0.0024 0.0259 0.0155 0.0013 0.0287 0.0478 0.7210 0.0252 0.0021 0.0032 
0.0564 0.0291 0.0022 0.0013 0.0014 0.0286 0.0065 0.0296 0.0001 0.0005 0.0329 0.0045 0.7716 0.0294 0.0030 0.0032 
0.0559 0.0308 0.0193 0.0002 0.0002 0.0256 0.0029 0.0283 0.0008 0.0001 0.0300 0.0168 0.7500 0.0291 0.0048 0.0056 
0.0578 0.0284 0.0062 0.0027 0.0002 0.0288 0.0022 0.0283 0.0059 0.0002 0.0315 0.0077 0.7605 0.0280 0.0037 0.0080 
0.0594 0.0343 0.0096 0.0010 0.0013 0.0284 0.0042 0.0318 0.0006 0.0001 0.0329 0.0048 0.7455 0.0318 0.0046 0.0099 
0.0655 0.0334 0.0150 0.0022 0.0134 0.0276 0.0529 0.0292 0.0006 0.0001 0.0292 0.0048 0.6452 0.0564 0.0029 0.0217 
0.0974 0.0468 0.0345 0.0010 0.0091 0.0509 0.0065 0.0501 0.0014 0.0005 0.0530 0.0120 0.1100 0.5059 0.0142 0.0065 
0.0663 0.0356 0.0289 0.0035 0.0013 0.0315 0.0034 0.0419 0.0045 0.0022 0.0486 0.0043 0.0313 0.0436 0.5641 0.0890 
0.0679 0.0358 0.0297 0.0181 0.0018 0.0276 0.0035 0.0315 0.0313 0.0013 0.0319 0.0069 0.0470 0.0296 0.0144 0.6219 
0.4933 0.0720 0.0561 0.0142 0.0038 0.0685 0.0035 0.0685 0.0016 0.0005 0.0730 0.0037 0.0591 0.0647 0.0061 0.0113 
0.0942 0.0821 0.4562 0.0129 0.0155 0.0918 0.0083 0.0517 0.0021 0.0001 0.0631 0.0165 0.0337 0.0465 0.0110 0.0144 
0.1002 0.1246 0.0066 0.0254 0.2989 0.1463 0.0697 0.0567 0.0001 0.0002 0.0529 0.0176 0.0296 0.0607 0.0056 0.0051 
0.1147 0.3003 0.0105 0.0189 0.0102 0.0542 0.0067 0.2880 0.0040 0.0003 0.0633 0.0118 0.0312 0.0534 0.0246 0.0080 
0.0716 0.0340 0.0359 0.0011 0.2720 0.0714 0.0636 0.0364 0.1358 0.0843 0.0549 0.0244 0.0452 0.0402 0.0081 0.0209 
0.1168 0.1634 0.1599 0.0045 0.0037 0.0599 0.0099 0.1899 0.0185 0.0005 0.0746 0.0530 0.0650 0.0585 0.0117 0.0102 
0.1072 0.0452 0.0479 0.1026 0.0046 0.0495 0.0019 0.0540 0.1946 0.1182 0.0487 0.0265 0.0823 0.0447 0.0032 0.0687 
0.2252 0.0484 0.1351 0.0094 0.0045 0.1772 0.0035 0.0542 0.0038 0.0005 0.0615 0.0141 0.1899 0.0478 0.0227 0.0022 
0.1523 0.1193 0.0280 0.0564 0.0035 0.0812 0.0062 0.0829 0.0029 0.0016 0.1778 0.0401 0.1524 0.0733 0.0038 0.0182 
0.1542 0.0880 0.0145 0.1139 0.0024 0.0769 0.0016 0.0740 0.0639 0.0001 0.0737 0.1072 0.1256 0.0729 0.0121 0.0190 
0.1051 0.0483 0.3523 0.0091 0.0014 0.0716 0.0070 0.0417 0.0125 0.0002 0.0543 0.0043 0.2149 0.0414 0.0216 0.0144 
0.0904 0.1201 0.1449 0.0018 0.0663 0.1286 0.0059 0.0452 0.0027 0.0006 0.0551 0.0177 0.1570 0.0564 0.0072 0.1000 
0.1539 0.2077 0.0147 0.0107 0.0141 0.0957 0.0212 0.1051 0.0021 0.0013 0.1240 0.0184 0.1213 0.0665 0.0070 0.0364 
0.0719 0.2560 0.1837 0.0602 0.0003 0.0347 0.0080 0.0379 0.0796 0.0097 0.0505 0.0406 0.0586 0.0361 0.0042 0.0681 
0.1586 0.0594 0.1000 0.0490 0.0032 0.1778 0.0425 0.0593 0.0105 0.0216 0.0589 0.0660 0.1257 0.0593 0.0046 0.0035 
0.0768 0.0363 0.0690 0.0086 0.0035 0.0842 0.0024 0.0401 0.0001 0.0030 0.5450 0.0072 0.0754 0.0359 0.0085 0.0040 
0.0436 0.1328 0.0011 0.0585 0.0013 0.0355 0.0038 0.0222 0.0032 0.0010 0.0436 0.6039 0.0174 0.0224 0.0022 0.0075 
0.0652 0.0251 0.0005 0.0222 0.0045 0.0647 0.0006 0.0257 0.0008 0.0011 0.0578 0.0602 0.6363 0.0248 0.0091 0.0014 
0.0431 0.0558 0.0040 0.0003 0.0027 0.0358 0.0018 0.0267 0.0002 0.0001 0.0550 0.0567 0.6907 0.0211 0.0022 0.0042 
0.0575 0.0374 0.0002 0.0180 0.0003 0.0283 0.0054 0.0300 0.0050 0.0001 0.0303 0.0492 0.7033 0.0267 0.0046 0.0040 
0.0525 0.0278 0.0455 0.0005 0.0008 0.0270 0.0126 0.0256 0.0008 0.0001 0.0292 0.0040 0.7392 0.0259 0.0027 0.0059 
0.0562 0.0286 0.0179 0.0006 0.0011 0.0280 0.0016 0.0291 0.0001 0.0002 0.0337 0.0066 0.7605 0.0276 0.0042 0.0042 
0.0548 0.0272 0.0051 0.0021 0.0003 0.0280 0.0003 0.0299 0.0019 0.0003 0.0355 0.0160 0.7668 0.0275 0.0021 0.0024 
0.0586 0.0280 0.0013 0.0006 0.0006 0.0264 0.0014 0.0267 0.0018 0.0001 0.0284 0.0161 0.7690 0.0327 0.0021 0.0064 
0.0589 0.0286 0.0024 0.0011 0.0010 0.0302 0.0030 0.0278 0.0001 0.0001 0.0294 0.0058 0.7748 0.0289 0.0053 0.0030 
0.0554 0.0313 0.0062 0.0011 0.0010 0.0256 0.0011 0.0278 0.0006 0.0001 0.0340 0.0030 0.7756 0.0288 0.0030 0.0056 
0.0559 0.0259 0.0013 0.0037 0.0006 0.0409 0.0032 0.0291 0.0016 0.0001 0.0259 0.0150 0.7534 0.0308 0.0043 0.0086 
0.0565 0.0436 0.0057 0.0003 0.0003 0.0291 0.0038 0.0278 0.0014 0.0001 0.0295 0.0016 0.7512 0.0283 0.0121 0.0088 
0.0537 0.0292 0.0161 0.0038 0.0002 0.0254 0.0118 0.0256 0.0022 0.0002 0.0310 0.0037 0.7419 0.0260 0.0078 0.0214 
0.0478 0.0224 0.0767 0.0024 0.0006 0.0225 0.0037 0.0214 0.0010 0.0001 0.0278 0.0066 0.6902 0.0323 0.0061 0.0387 
0.0768 0.0383 0.0206 0.0042 0.0398 0.0414 0.0278 0.0382 0.0014 0.0001 0.0498 0.0155 0.0279 0.5854 0.0050 0.0279 
0.0444 0.0270 0.0548 0.0075 0.0104 0.0198 0.0182 0.0336 0.0002 0.0002 0.0222 0.0107 0.0475 0.0267 0.6718 0.0051 
0.0604 0.0289 0.0374 0.0152 0.0013 0.0439 0.0011 0.0505 0.0070 0.0576 0.0326 0.0059 0.0391 0.0331 0.0069 0.5792 
0.4000 0.1087 0.0088 0.0101 0.0040 0.0789 0.0040 0.0654 0.0281 0.0129 0.0898 0.0032 0.0387 0.0694 0.0187 0.0594 
0.1663 0.0877 0.1532 0.0516 0.0077 0.1326 0.0029 0.0669 0.0018 0.0006 0.1463 0.0663 0.0399 0.0650 0.0032 0.0080 
0.1457 0.0829 0.0868 0.0885 0.0018 0.1425 0.0029 0.0800 0.0013 0.0002 0.1313 0.1023 0.0574 0.0703 0.0016 0.0046 
0.1045 0.0569 0.0327 0.3166 0.0005 0.0631 0.0056 0.0529 0.0042 0.0001 0.0792 0.0853 0.1404 0.0527 0.0032 0.0022 
0.0721 0.0347 0.0144 0.3282 0.0022 0.0377 0.0024 0.0336 0.0001 0.0001 0.0342 0.0252 0.3788 0.0331 0.0013 0.0022 
0.0538 0.0260 0.0105 0.0907 0.0024 0.0962 0.0003 0.0286 0.0001 0.0002 0.0291 0.0037 0.6301 0.0252 0.0022 0.0008 
0.0597 0.0340 0.0010 0.0757 0.0002 0.0323 0.0005 0.0302 0.0019 0.0001 0.0525 0.0042 0.6745 0.0300 0.0001 0.0035 
0.0618 0.0310 0.0003 0.0161 0.0019 0.0540 0.0006 0.0295 0.0005 0.0001 0.0335 0.0538 0.6782 0.0303 0.0073 0.0010 
0.0503 0.0677 0.0113 0.0027 0.0022 0.0243 0.0006 0.0252 0.0001 0.0001 0.0310 0.0029 0.7448 0.0249 0.0026 0.0096 
0.0558 0.0259 0.0042 0.0113 0.0002 0.0316 0.0040 0.0299 0.0013 0.0001 0.0276 0.0163 0.7553 0.0260 0.0045 0.0064 
0.0543 0.0297 0.0273 0.0026 0.0006 0.0260 0.0037 0.0262 0.0021 0.0001 0.0279 0.0032 0.7509 0.0278 0.0021 0.0158 
0.0554 0.0275 0.0057 0.0347 0.0003 0.0252 0.0019 0.0272 0.0002 0.0001 0.0284 0.0029 0.7582 0.0272 0.0013 0.0042 
0.0495 0.0256 0.0471 0.0142 0.0013 0.0262 0.0010 0.0244 0.0011 0.0001 0.0243 0.0026 0.7360 0.0265 0.0051 0.0153 
0.0506 0.0254 0.0042 0.0393 0.0030 0.0374 0.0003 0.0259 0.0001 0.0001 0.0260 0.0045 0.7500 0.0262 0.0040 0.0035 
0.0551 0.0355 0.0026 0.0335 0.0008 0.0331 0.0008 0.0296 0.0018 0.0002 0.0329 0.0032 0.7374 0.0275 0.0018 0.0045 
0.0514 0.0334 0.0022 0.0351 0.0029 0.0275 0.0016 0.0257 0.0019 0.0003 0.0308 0.0133 0.7425 0.0270 0.0029 0.0014 
0.0484 0.0278 0.0177 0.0320 0.0029 0.0264 0.0005 0.0248 0.0019 0.0001 0.0278 0.0088 0.7321 0.0308 0.0069 0.0113 
0.0455 0.0251 0.0086 0.0158 0.0038 0.0625 0.0174 0.0248 0.0013 0.0001 0.0241 0.0107 0.7033 0.0344 0.0069 0.0160 
0.0616 0.0431 0.0169 0.0048 0.0021 0.0398 0.0099 0.0355 0.0014 0.0001 0.0375 0.0042 0.6789 0.0308 0.0113 0.0224 
0.0645 0.0335 0.0224 0.0137 0.0008 0.0369 0.0069 0.0310 0.0131 0.0034 0.0430 0.0149 0.5851 0.0339 0.0040 0.0931 
0.0785 0.0399 0.0762 0.0336 0.0026 0.0350 0.0224 0.0332 0.0067 0.0003 0.0478 0.0160 0.0158 0.5765 0.0046 0.0109 
0.0375 0.0276 0.1210 0.0608 0.0014 0.0232 0.0019 0.0246 0.0001 0.0001 0.0211 0.0094 0.0401 0.0184 0.6048 0.0083 
0.0538 0.0460 0.0144 0.1289 0.0032 0.0430 0.0088 0.0294 0.0038 0.0088 0.0312 0.0056 0.0396 0.0272 0.0081 0.5482 
0.3030 0.0502 0.0034 0.3846 0.0051 0.0406 0.0099 0.0409 0.0019 0.0001 0.0473 0.0145 0.0252 0.0399 0.0187 0.0149 
0.0772 0.0438 0.3718 0.0786 0.0756 0.1077 0.0187 0.0404 0.0024 0.0002 0.0449 0.0197 0.0629 0.0404 0.0105 0.0053 
0.0982 0.0995 0.0027 0.3436 0.0072 0.0671 0.0005 0.1465 0.0016 0.0005 0.0688 0.0153 0.0835 0.0473 0.0129 0.0046 
0.1100 0.1659 0.0364 0.1108 0.0032 0.1176 0.0077 0.0532 0.1616 0.0045 0.0647 0.0248 0.0514 0.0511 0.0099 0.0272 
0.1417 0.0797 0.1014 0.0525 0.0070 0.1894 0.0056 0.0594 0.0043 0.0010 0.2119 0.0321 0.0458 0.0559 0.0038 0.0083 
0.0695 0.3326 0.1428 0.0088 0.0050 0.1077 0.0050 0.0425 0.0014 0.0014 0.0537 0.0983 0.0799 0.0340 0.0128 0.0046 
0.1297 0.0704 0.0065 0.0740 0.0021 0.0756 0.0168 0.0768 0.0077 0.0006 0.1990 0.0462 0.1850 0.0631 0.0149 0.0316 
0.0562 0.0292 0.1112 0.0093 0.0302 0.0299 0.0752 0.0273 0.0042 0.0026 0.0658 0.2126 0.3049 0.0297 0.0018 0.0101 
0.0836 0.0438 0.0177 0.0073 0.0008 0.0653 0.0040 0.0545 0.0006 0.0010 0.0502 0.0430 0.5643 0.0412 0.0088 0.0139 
0.0688 0.0319 0.0233 0.0058 0.0006 0.0331 0.0021 0.0331 0.0188 0.0260 0.0832 0.0161 0.6105 0.0316 0.0099 0.0050 
0.0911 0.0430 0.0032 0.0091 0.0016 0.0412 0.0014 0.0415 0.0010 0.0002 0.0711 0.0689 0.5768 0.0401 0.0053 0.0046 
0.0760 0.1343 0.0089 0.0267 0.0005 0.0300 0.0032 0.0316 0.0016 0.0001 0.0366 0.0201 0.5728 0.0335 0.0113 0.0129 
0.0668 0.0319 0.0201 0.0358 0.0043 0.0952 0.0038 0.0300 0.0005 0.0001 0.0340 0.0040 0.6259 0.0334 0.0080 0.0062 
0.0559 0.0877 0.0296 0.0064 0.0075 0.0336 0.0069 0.0420 0.0003 0.0001 0.0374 0.0067 0.6461 0.0278 0.0051 0.0070 
0.0650 0.0318 0.0001 0.0703 0.0206 0.0353 0.0880 0.0361 0.0078 0.0006 0.0323 0.0112 0.0161 0.5724 0.0046 0.0078 
0.0604 0.0406 0.0248 0.0050 0.0011 0.0288 0.0096 0.0411 0.0144 0.0001 0.0248 0.0075 0.0141 0.0243 0.6986 0.0053 
0.0435 0.0173 0.0904 0.0185 0.0005 0.0161 0.0059 0.0188 0.0617 0.0091 0.0235 0.0037 0.0126 0.0217 0.0102 0.6465 
0.4738 0.0537 0.1342 0.0594 0.0045 0.0575 0.0030 0.0516 0.0024 0.0002 0.0515 0.0123 0.0190 0.0516 0.0160 0.0093 
0.0969 0.1185 0.1394 0.0241 0.0152 0.4020 0.0014 0.0508 0.0001 0.0016 0.0591 0.0061 0.0204 0.0478 0.0022 0.0144 
0.0842 0.0502 0.0048 0.1019 0.0056 0.1008 0.0008 0.0553 0.0067 0.0003 0.4880 0.0211 0.0337 0.0412 0.0026 0.0029 
0.0539 0.1878 0.0105 0.0216 0.0032 0.0328 0.0067 0.0249 0.0197 0.0008 0.0344 0.5276 0.0326 0.0246 0.0144 0.0046 
0.1173 0.0842 0.0589 0.0847 0.0018 0.0553 0.0107 0.0542 0.0062 0.0002 0.0580 0.0136 0.2046 0.0543 0.0518 0.1444 
0.0558 0.0366 0.5561 0.0366 0.0022 0.0292 0.0219 0.0278 0.0053 0.0006 0.0313 0.0053 0.1181 0.0280 0.0117 0.0337 
0.1252 0.0695 0.1202 0.0193 0.0048 0.2119 0.0123 0.0631 0.0006 0.0016 0.0644 0.0037 0.2311 0.0607 0.0034 0.0083 
0.1016 0.1866 0.0021 0.0273 0.0018 0.3227 0.0019 0.0514 0.0022 0.0011 0.1115 0.0118 0.1248 0.0479 0.0034 0.0019 
0.0798 0.4452 0.0329 0.0471 0.0016 0.0375 0.0014 0.0390 0.0113 0.0002 0.0666 0.0749 0.1153 0.0380 0.0024 0.0067 
0.0963 0.0414 0.1796 0.0653 0.0037 0.0492 0.0059 0.0420 0.0027 0.0001 0.0490 0.0318 0.3792 0.0398 0.0118 0.0024 
0.0326 0.0200 0.3594 0.0153 0.0045 0.0188 0.0048 0.0177 0.0005 0.0001 0.0238 0.0089 0.4182 0.0152 0.0035 0.0569 
0.1190 0.0623 0.0149 0.1308 0.0022 0.0888 0.0050 0.0610 0.0037 0.0001 0.0636 0.0220 0.3614 0.0599 0.0006 0.0048 
0.1126 0.0717 0.0201 0.0201 0.0038 0.1326 0.0010 0.0553 0.0022 0.0046 0.0808 0.0069 0.4248 0.0548 0.0030 0.0054 
0.1029 0.2389 0.0048 0.0147 0.0037 0.0936 0.0192 0.0533 0.0010 0.0013 0.0668 0.0348 0.2710 0.0482 0.0088 0.0371 
0.0641 0.0339 0.0359 0.0013 0.1185 0.0342 0.2782 0.0307 0.0010 0.0011 0.0620 0.0348 0.2595 0.0348 0.0027 0.0073 
0.1134 0.1110 0.0278 0.0078 0.0010 0.0627 0.0061 0.2435 0.0001 0.0014 0.0616 0.0367 0.2330 0.0572 0.0257 0.0112 
0.0745 0.0369 0.0046 0.0300 0.0011 0.0395 0.0035 0.0364 0.1015 0.0508 0.0645 0.0209 0.4422 0.0367 0.0059 0.0508 
0.2492 0.0441 0.0056 0.0053 0.0008 0.0645 0.0034 0.0465 0.0005 0.0021 0.0850 0.0503 0.3876 0.0433 0.0093 0.0026 
0.0781 0.0423 0.0401 0.0096 0.0016 0.0379 0.0027 0.0383 0.0001 0.0001 0.0650 0.0716 0.5576 0.0385 0.0018 0.0152 
0.0500 0.0243 0.0037 0.0714 0.0005 0.0383 0.0024 0.0260 0.0002 0.0002 0.0289 0.0470 0.6779 0.0241 0.0024 0.0027 
0.0543 0.0399 0.0163 0.0040 0.0018 0.0452 0.0080 0.0270 0.0008 0.0001 0.0283 0.0034 0.7327 0.0268 0.0027 0.0089 
0.0569 0.0311 0.0046 0.0088 0.0008 0.0425 0.0027 0.0326 0.0001 0.0001 0.0399 0.0050 0.7408 0.0275 0.0056 0.0014 
0.0522 0.1659 0.0446 0.0128 0.0014 0.0244 0.0027 0.0267 0.0057 0.0001 0.0262 0.0085 0.5702 0.0268 0.0014 0.0305 
0.0590 0.0225 0.0562 0.1310 0.0003 0.0235 0.0016 0.0235 0.0003 0.0001 0.0310 0.0059 0.6095 0.0233 0.0083 0.0040 
0.0666 0.0732 0.2460 0.0144 0.0016 0.0490 0.0027 0.0329 0.0038 0.0001 0.0377 0.0073 0.4089 0.0331 0.0011 0.0216 
0.0772 0.0721 0.0011 0.1205 0.0232 0.1257 0.0024 0.0351 0.0013 0.0001 0.0396 0.0072 0.4490 0.0367 0.0037 0.0054 
0.1064 0.0834 0.0094 0.0027 0.0489 0.0845 0.0423 0.0640 0.0016 0.0003 0.0890 0.0125 0.3896 0.0577 0.0018 0.0061 
0.0955 0.0557 0.0089 0.0259 0.0109 0.0465 0.0101 0.0607 0.0078 0.0121 0.2282 0.0742 0.1194 0.2298 0.0072 0.0072 
0.0596 0.0291 0.0551 0.0156 0.0008 0.0348 0.0026 0.0425 0.0324 0.0043 0.0302 0.0286 0.0402 0.0378 0.5695 0.0169 
0.0738 0.0425 0.0559 0.0054 0.0022 0.0299 0.0030 0.0356 0.0299 0.0013 0.0455 0.0022 0.0383 0.0331 0.0101 0.5913 
0.3268 0.1433 0.0201 0.0032 0.0054 0.1112 0.0085 0.0784 0.0008 0.0005 0.1013 0.0292 0.0530 0.0749 0.0078 0.0355 
0.1240 0.3621 0.1027 0.0056 0.0018 0.0783 0.0232 0.0607 0.0024 0.0001 0.0738 0.0163 0.0626 0.0574 0.0093 0.0200 
