0.0594 0.0345 0.2437 0.3352 0.0073 0.0847 0.0149 0.0350 0.0209 0.0101 0.0522 0.0093 0.0355 0.0350 0.0024 0.0200 
0.0987 0.0546 0.1398 0.2139 0.0212 0.1910 0.0026 0.0422 0.0035 0.0038 0.1364 0.0118 0.0337 0.0363 0.0029 0.0077 
0.0738 0.2050 0.0240 0.3927 0.0067 0.0489 0.0019 0.0524 0.0125 0.0005 0.0558 0.0538 0.0272 0.0390 0.0018 0.0043 
0.0623 0.0441 0.0304 0.6510 0.0046 0.0292 0.0141 0.0300 0.0265 0.0013 0.0337 0.0145 0.0157 0.0307 0.0050 0.0069 
0.0622 0.0572 0.1738 0.4563 0.0086 0.0682 0.0045 0.0315 0.0085 0.0016 0.0364 0.0043 0.0220 0.0296 0.0149 0.0205 
0.0529 0.0570 0.0688 0.5706 0.0046 0.0791 0.0056 0.0297 0.0141 0.0011 0.0435 0.0141 0.0217 0.0230 0.0027 0.0115 
0.0895 0.1300 0.0161 0.2252 0.0251 0.2695 0.0067 0.0442 0.0198 0.0014 0.0601 0.0296 0.0241 0.0430 0.0026 0.0131 
0.0981 0.0684 0.0320 0.1350 0.0078 0.1809 0.0222 0.0529 0.0107 0.0029 0.2520 0.0368 0.0364 0.0487 0.0037 0.0115 
0.0575 0.3135 0.2063 0.0778 0.0105 0.0294 0.0051 0.0307 0.0214 0.0102 0.0492 0.1168 0.0259 0.0340 0.0030 0.0086 
0.0703 0.0288 0.3414 0.0561 0.0157 0.2414 0.0094 0.0366 0.0046 0.0058 0.0300 0.0350 0.0500 0.0281 0.0436 0.0034 
0.0982 0.1814 0.0803 0.0481 0.0054 0.0886 0.0048 0.0556 0.0230 0.0235 0.2169 0.0072 0.0326 0.0503 0.0121 0.0719 
0.0700 0.1559 0.0061 0.4250 0.0026 0.0296 0.0077 0.0243 0.0307 0.0014 0.0294 0.1569 0.0259 0.0244 0.0054 0.0048 
0.0827 0.0510 0.4238 0.1134 0.0059 0.0708 0.0073 0.0395 0.0022 0.0048 0.0486 0.0173 0.0607 0.0401 0.0097 0.0222 
0.1087 0.0459 0.1278 0.3448 0.0021 0.0813 0.0032 0.0492 0.0005 0.0011 0.1208 0.0066 0.0489 0.0451 0.0083 0.0058 
0.0623 0.0318 0.0045 0.0069 0.0043 0.5141 0.0035 0.0331 0.0018 0.0030 0.0898 0.1681 0.0436 0.0307 0.0010 0.0018 
0.0631 0.0383 0.0010 0.0083 0.0078 0.0315 0.0005 0.0327 0.0014 0.0067 0.5069 0.1230 0.1431 0.0307 0.0018 0.0032 
0.0318 0.0259 0.0003 0.0048 0.0013 0.0235 0.0024 0.0185 0.0021 0.0013 0.0238 0.5896 0.2546 0.0165 0.0019 0.0018 
0.0538 0.0287 0.0101 0.0006 0.0010 0.0270 0.0061 0.0260 0.0042 0.0002 0.0347 0.0156 0.7475 0.0268 0.0048 0.0129 
0.0526 0.0449 0.0133 0.0011 0.0013 0.0262 0.0021 0.0270 0.0005 0.0001 0.0313 0.0078 0.7478 0.0272 0.0045 0.0126 
0.0570 0.0286 0.0070 0.0026 0.0013 0.0275 0.0117 0.0299 0.0008 0.0001 0.0273 0.0099 0.7363 0.0350 0.0065 0.0187 
0.0510 0.0342 0.0450 0.0035 0.0006 0.0248 0.0196 0.0246 0.0024 0.0001 0.0246 0.0043 0.7102 0.0286 0.0070 0.0196 
0.0578 0.0276 0.0184 0.0134 0.0011 0.0361 0.0190 0.0262 0.0014 0.0006 0.0308 0.0030 0.6861 0.0296 0.0117 0.0371 
0.0620 0.0367 0.1179 0.0046 0.0026 0.0478 0.0077 0.0332 0.0016 0.0029 0.0609 0.0067 0.2535 0.2442 0.0056 0.1121 
0.1215 0.0902 0.1485 0.0810 0.0037 0.0535 0.0145 0.0521 0.0050 0.0008 0.0554 0.0134 0.0351 0.0969 0.1118 0.1166 
0.0479 0.0304 0.4008 0.2329 0.0046 0.0366 0.0080 0.0265 0.0011 0.0040 0.0251 0.0072 0.0304 0.0225 0.0272 0.0949 
0.0995 0.0391 0.4491 0.1033 0.0061 0.0810 0.0035 0.0441 0.0091 0.0115 0.0541 0.0019 0.0137 0.0395 0.0051 0.0393 
0.0863 0.1829 0.0340 0.3973 0.0109 0.1032 0.0011 0.0379 0.0155 0.0001 0.0492 0.0252 0.0133 0.0366 0.0050 0.0016 
0.0530 0.1006 0.0318 0.6576 0.0027 0.0395 0.0050 0.0268 0.0042 0.0001 0.0283 0.0091 0.0062 0.0246 0.0061 0.0048 
0.0588 0.0235 0.0711 0.7006 0.0013 0.0270 0.0022 0.0249 0.0070 0.0001 0.0350 0.0037 0.0056 0.0232 0.0073 0.0089 
0.0466 0.0241 0.1347 0.6535 0.0050 0.0385 0.0026 0.0233 0.0045 0.0002 0.0246 0.0101 0.0056 0.0211 0.0029 0.0029 
0.0530 0.0415 0.0109 0.7158 0.0152 0.0353 0.0027 0.0342 0.0032 0.0002 0.0340 0.0040 0.0118 0.0278 0.0061 0.0043 
0.0692 0.0401 0.0022 0.0660 0.2673 0.4088 0.0083 0.0342 0.0073 0.0022 0.0377 0.0078 0.0113 0.0305 0.0034 0.0037 
0.0297 0.0281 0.0066 0.0214 0.4887 0.0113 0.0278 0.0385 0.0077 0.0072 0.2844 0.0112 0.0163 0.0134 0.0005 0.0072 
0.0746 0.0344 0.0225 0.0433 0.0064 0.0473 0.0053 0.4830 0.0262 0.0308 0.0302 0.0236 0.0246 0.0304 0.1131 0.0043 
0.0228 0.0249 0.0952 0.0125 0.0024 0.0134 0.0018 0.0125 0.4228 0.0941 0.0211 0.0078 0.0233 0.0097 0.0021 0.2336 
0.4438 0.1598 0.0043 0.0797 0.0046 0.0708 0.0093 0.0481 0.0099 0.0080 0.0513 0.0256 0.0161 0.0502 0.0161 0.0024 
0.0580 0.0468 0.5156 0.1722 0.0014 0.0526 0.0086 0.0273 0.0011 0.0003 0.0344 0.0054 0.0270 0.0265 0.0077 0.0150 
0.0471 0.0379 0.1573 0.5935 0.0013 0.0366 0.0018 0.0235 0.0134 0.0013 0.0289 0.0149 0.0126 0.0235 0.0034 0.0032 
0.0644 0.0337 0.0599 0.6130 0.0034 0.0708 0.0026 0.0299 0.0003 0.0013 0.0332 0.0204 0.0305 0.0299 0.0045 0.0024 
0.1021 0.0682 0.0267 0.4904 0.0101 0.0712 0.0021 0.0540 0.0001 0.0002 0.0668 0.0026 0.0348 0.0502 0.0112 0.0096 
0.1132 0.0680 0.0110 0.2507 0.0846 0.1638 0.0043 0.0632 0.0046 0.0001 0.0616 0.0126 0.0928 0.0602 0.0040 0.0051 
0.1193 0.3928 0.0310 0.0942 0.0032 0.0889 0.0053 0.0666 0.0061 0.0006 0.0569 0.0035 0.0516 0.0543 0.0099 0.0158 
0.1399 0.1184 0.0260 0.0415 0.0046 0.2939 0.0014 0.0704 0.0101 0.0371 0.0821 0.0058 0.0415 0.0669 0.0097 0.0505 
0.1011 0.0358 0.0227 0.0019 0.0088 0.2573 0.0003 0.0404 0.0029 0.0022 0.3583 0.0816 0.0508 0.0334 0.0013 0.0011 
0.0347 0.0321 0.0022 0.0129 0.0019 0.0153 0.0011 0.0189 0.0003 0.0024 0.2174 0.5721 0.0689 0.0173 0.0005 0.0019 
0.0372 0.0196 0.0010 0.0739 0.0002 0.0168 0.0029 0.0166 0.0057 0.0001 0.0169 0.3100 0.4701 0.0193 0.0064 0.0035 
0.0526 0.0249 0.0367 0.0077 0.0008 0.0222 0.0037 0.0244 0.0035 0.0001 0.0256 0.0014 0.7468 0.0264 0.0128 0.0105 
0.0550 0.0433 0.0048 0.0021 0.0006 0.0395 0.0018 0.0300 0.0002 0.0001 0.0273 0.0045 0.7501 0.0284 0.0056 0.0070 
0.0535 0.0463 0.0008 0.0066 0.0013 0.0316 0.0030 0.0278 0.0010 0.0001 0.0332 0.0024 0.7557 0.0281 0.0069 0.0019 
0.0419 0.0417 0.0171 0.0003 0.0010 0.0569 0.0056 0.0216 0.0024 0.0001 0.0230 0.0110 0.7093 0.0358 0.0078 0.0248 
0.0620 0.0359 0.0511 0.0032 0.0008 0.0291 0.0323 0.0260 0.0005 0.0001 0.0281 0.0042 0.6128 0.0260 0.0537 0.0345 
0.0252 0.0332 0.2863 0.0149 0.0003 0.0110 0.0139 0.0120 0.0018 0.0002 0.0133 0.0051 0.1904 0.0117 0.0174 0.3635 
0.0645 0.0166 0.0251 0.0022 0.0032 0.3520 0.0471 0.0163 0.0010 0.0021 0.0192 0.0083 0.4066 0.0192 0.0075 0.0091 
0.0761 0.0764 0.0321 0.0056 0.0021 0.0423 0.0045 0.0419 0.0013 0.0001 0.5739 0.0145 0.0743 0.0379 0.0059 0.0115 
0.0466 0.1117 0.0018 0.0155 0.0002 0.0490 0.0166 0.0284 0.0024 0.0003 0.0299 0.6369 0.0206 0.0212 0.0061 0.0128 
0.0409 0.0387 0.2956 0.0113 0.0005 0.0165 0.0061 0.0165 0.0062 0.0001 0.0228 0.0057 0.4600 0.0171 0.0046 0.0577 
0.0764 0.0435 0.1775 0.0236 0.0019 0.1807 0.0102 0.0409 0.0019 0.0014 0.0459 0.0136 0.3165 0.0406 0.0096 0.0158 
0.1163 0.1601 0.1192 0.0219 0.0054 0.0594 0.0061 0.0593 0.0005 0.0003 0.1358 0.0058 0.2208 0.0575 0.0083 0.0232 
0.1105 0.0642 0.0241 0.0398 0.0032 0.1474 0.0080 0.0575 0.0042 0.0005 0.0604 0.1862 0.2222 0.0543 0.0081 0.0094 
0.1254 0.1242 0.0438 0.0254 0.0034 0.0702 0.0113 0.0630 0.0089 0.0005 0.2298 0.0142 0.1898 0.0654 0.0064 0.0184 
0.1029 0.0864 0.0868 0.0837 0.0070 0.0711 0.0197 0.0500 0.0115 0.0008 0.0546 0.1571 0.1802 0.0487 0.0177 0.0217 
0.0802 0.0382 0.0414 0.0256 0.0463 0.1158 0.2545 0.0407 0.0091 0.0035 0.0441 0.0118 0.0551 0.1907 0.0093 0.0337 
0.0832 0.0545 0.0374 0.0192 0.0035 0.0442 0.0062 0.1291 0.0014 0.0053 0.1791 0.0182 0.0342 0.0441 0.3260 0.0144 
0.0594 0.1021 0.0089 0.0401 0.0018 0.0343 0.0109 0.0284 0.2343 0.0187 0.0331 0.0776 0.0123 0.0256 0.0072 0.3054 
0.3499 0.0430 0.2401 0.0631 0.0073 0.0481 0.0241 0.0393 0.0064 0.0010 0.0420 0.0284 0.0535 0.0414 0.0040 0.0083 
0.0698 0.0409 0.5188 0.0695 0.0160 0.0835 0.0032 0.0398 0.0018 0.0038 0.0720 0.0096 0.0222 0.0318 0.0062 0.0112 
0.0660 0.0684 0.0244 0.4696 0.0105 0.0966 0.0072 0.0487 0.0048 0.0035 0.0601 0.0677 0.0201 0.0345 0.0046 0.0131 
0.0814 0.0776 0.0452 0.4820 0.0065 0.0682 0.0105 0.0430 0.0126 0.0019 0.0624 0.0220 0.0227 0.0428 0.0062 0.0149 
0.1032 0.0690 0.0326 0.0715 0.0937 0.2638 0.0699 0.0489 0.0153 0.0065 0.0519 0.0358 0.0533 0.0584 0.0129 0.0131 
0.0920 0.0594 0.0650 0.1478 0.0212 0.0513 0.0225 0.0852 0.0021 0.0059 0.3216 0.0184 0.0404 0.0479 0.0105 0.0086 
0.1074 0.0935 0.0435 0.0930 0.0115 0.0919 0.0136 0.0625 0.0840 0.0669 0.0543 0.1433 0.0211 0.0575 0.0336 0.0225 
0.1556 0.0797 0.0557 0.1441 0.0088 0.0997 0.0129 0.0672 0.0216 0.0241 0.0925 0.0188 0.0987 0.0631 0.0107 0.0468 
0.1447 0.0776 0.1139 0.1422 0.0088 0.1126 0.0109 0.0653 0.0149 0.0091 0.1043 0.0532 0.0593 0.0641 0.0048 0.0144 
0.1211 0.0799 0.0762 0.2149 0.0096 0.0890 0.0142 0.0581 0.0105 0.0048 0.0791 0.0645 0.0930 0.0588 0.0110 0.0153 
0.1011 0.0752 0.0535 0.1919 0.0115 0.1160 0.0129 0.0532 0.0091 0.0022 0.0701 0.0427 0.1735 0.0633 0.0109 0.0129 
0.1152 0.0594 0.0409 0.1449 0.0094 0.1302 0.0094 0.0626 0.0080 0.0059 0.1032 0.0364 0.1853 0.0610 0.0104 0.0177 
0.1307 0.1487 0.0538 0.1082 0.0144 0.0845 0.0072 0.0685 0.0149 0.0042 0.0804 0.0757 0.0764 0.0765 0.0107 0.0452 
0.1081 0.0727 0.1251 0.1398 0.0264 0.0925 0.0704 0.0530 0.0065 0.0032 0.0541 0.0339 0.1185 0.0648 0.0125 0.0185 
0.1255 0.0779 0.1508 0.0658 0.0123 0.1324 0.0209 0.0786 0.0048 0.0034 0.0752 0.0107 0.1166 0.0687 0.0369 0.0195 
0.1267 0.1345 0.0878 0.1032 0.0054 0.0787 0.0030 0.0716 0.0302 0.0171 0.1094 0.0379 0.0922 0.0628 0.0048 0.0348 
0.1552 0.1128 0.0802 0.1818 0.0037 0.0885 0.0163 0.0671 0.0171 0.0032 0.0725 0.0631 0.0280 0.0673 0.0125 0.0307 
0.1073 0.0639 0.2804 0.0575 0.0101 0.1222 0.0236 0.0540 0.0030 0.0008 0.0639 0.0112 0.0883 0.0709 0.0121 0.0307 
0.1161 0.2258 0.1667 0.0732 0.0042 0.0791 0.0013 0.0805 0.0008 0.0002 0.0727 0.0171 0.0553 0.0585 0.0372 0.0115 
0.1321 0.0631 0.0289 0.2080 0.0113 0.0781 0.0088 0.0554 0.0155 0.0040 0.0754 0.0163 0.0781 0.0606 0.0058 0.1585 
0.0945 0.1700 0.3329 0.1201 0.0043 0.0311 0.0081 0.0315 0.0022 0.0010 0.0369 0.0278 0.0410 0.0302 0.0034 0.0650 
0.0927 0.0554 0.1347 0.1882 0.0042 0.3165 0.0027 0.0447 0.0037 0.0085 0.0447 0.0093 0.0366 0.0447 0.0081 0.0053 
0.0655 0.0328 0.0404 0.0168 0.0014 0.3209 0.0021 0.0345 0.0008 0.0163 0.3741 0.0128 0.0393 0.0315 0.0054 0.0054 
0.0280 0.0134 0.0006 0.0350 0.0029 0.0109 0.0014 0.0110 0.0019 0.0043 0.3964 0.4697 0.0102 0.0093 0.0038 0.0011 
0.0403 0.0348 0.0042 0.0228 0.0013 0.0204 0.0038 0.0193 0.0040 0.0003 0.0423 0.5938 0.1636 0.0211 0.0109 0.0171 
0.0551 0.0264 0.0197 0.0080 0.0008 0.0399 0.0043 0.0275 0.0013 0.0005 0.0307 0.0350 0.6953 0.0270 0.0045 0.0241 
0.0602 0.0580 0.0097 0.0032 0.0040 0.0329 0.0026 0.0273 0.0010 0.0002 0.0358 0.0097 0.7101 0.0264 0.0067 0.0123 
0.0570 0.0339 0.0045 0.0383 0.0006 0.0300 0.0045 0.0321 0.0005 0.0001 0.0393 0.0481 0.6709 0.0267 0.0077 0.0059 
0.0562 0.0305 0.0433 0.0112 0.0014 0.0305 0.0113 0.0276 0.0078 0.0001 0.0275 0.0249 0.6896 0.0300 0.0038 0.0043 
0.0685 0.0335 0.0169 0.0123 0.0019 0.0348 0.0018 0.0335 0.0008 0.0001 0.0323 0.0030 0.7068 0.0319 0.0180 0.0038 
0.0580 0.0272 0.0045 0.0029 0.0006 0.0466 0.0021 0.0313 0.0024 0.0016 0.0318 0.0010 0.7383 0.0280 0.0050 0.0188 
0.0588 0.0451 0.0058 0.0006 0.0006 0.0364 0.0027 0.0278 0.0013 0.0001 0.0363 0.0075 0.7257 0.0284 0.0077 0.0155 
0.0554 0.0407 0.0535 0.0011 0.0022 0.0335 0.0126 0.0254 0.0006 0.0001 0.0280 0.0153 0.6378 0.0450 0.0150 0.0339 
0.0685 0.0359 0.0738 0.0001 0.0026 0.0928 0.0217 0.0295 0.0003 0.0001 0.0319 0.0070 0.5662 0.0280 0.0193 0.0227 
0.0725 0.0430 0.0221 0.0005 0.0021 0.0385 0.0105 0.0332 0.0027 0.0027 0.2216 0.0117 0.4366 0.0360 0.0064 0.0599 
0.0869 0.0891 0.0115 0.0030 0.0006 0.0382 0.0043 0.0410 0.0027 0.0001 0.0487 0.2273 0.3661 0.0450 0.0056 0.0299 
0.0658 0.0358 0.1867 0.0061 0.0014 0.0272 0.0249 0.0283 0.0134 0.0006 0.0324 0.0131 0.5039 0.0300 0.0083 0.0220 
0.0785 0.0360 0.0449 0.0034 0.0034 0.1120 0.0067 0.0358 0.0001 0.0008 0.0353 0.0043 0.5850 0.0358 0.0056 0.0126 
0.0391 0.0187 0.0192 0.0026 0.0030 0.0393 0.0011 0.0212 0.0001 0.0001 0.2929 0.0059 0.5336 0.0190 0.0013 0.0032 
0.0150 0.0240 0.0001 0.0034 0.0010 0.0085 0.0003 0.0083 0.0038 0.0005 0.0131 0.4642 0.4495 0.0065 0.0005 0.0014 
0.0551 0.0311 0.0005 0.0062 0.0018 0.0262 0.0027 0.0281 0.0022 0.0003 0.0287 0.0125 0.7659 0.0270 0.0032 0.0085 
0.0550 0.0270 0.0085 0.0010 0.0043 0.0409 0.0030 0.0284 0.0001 0.0001 0.0331 0.0069 0.7583 0.0291 0.0013 0.0034 
0.0529 0.0286 0.0240 0.0011 0.0006 0.0243 0.0011 0.0286 0.0006 0.0001 0.0300 0.0284 0.7441 0.0300 0.0030 0.0027 
0.0569 0.0268 0.0003 0.0179 0.0008 0.0264 0.0048 0.0281 0.0035 0.0006 0.0260 0.0115 0.7310 0.0256 0.0115 0.0283 
0.0481 0.0302 0.0498 0.0062 0.0011 0.0211 0.0109 0.0227 0.0032 0.0001 0.0217 0.0016 0.6742 0.0220 0.0069 0.0805 
0.0543 0.0270 0.0533 0.0118 0.0035 0.0417 0.0118 0.0265 0.0002 0.0006 0.0267 0.0011 0.7090 0.0271 0.0006 0.0046 
0.0545 0.0270 0.0083 0.0091 0.0022 0.0425 0.0005 0.0331 0.0005 0.0030 0.0720 0.0022 0.7161 0.0267 0.0016 0.0006 
0.0751 0.0614 0.0010 0.0350 0.0008 0.0385 0.0019 0.0383 0.0038 0.0001 0.0481 0.1908 0.4515 0.0371 0.0024 0.0144 
0.0559 0.0267 0.0042 0.0101 0.0014 0.0422 0.0059 0.0265 0.0006 0.0001 0.0324 0.0160 0.7433 0.0280 0.0040 0.0030 
0.0551 0.0363 0.0142 0.0010 0.0003 0.0281 0.0014 0.0297 0.0003 0.0001 0.0305 0.0099 0.7581 0.0283 0.0032 0.0037 
0.0578 0.0329 0.0005 0.0112 0.0005 0.0284 0.0043 0.0286 0.0027 0.0001 0.0294 0.0059 0.7584 0.0283 0.0042 0.0072 
0.0519 0.0351 0.0382 0.0010 0.0038 0.0273 0.0051 0.0262 0.0003 0.0001 0.0262 0.0029 0.7387 0.0256 0.0053 0.0126 
0.0573 0.0275 0.0070 0.0006 0.0024 0.0599 0.0046 0.0283 0.0001 0.0001 0.0353 0.0035 0.7342 0.0292 0.0010 0.0093 
0.0506 0.0273 0.0075 0.0002 0.0005 0.0280 0.0010 0.0267 0.0008 0.0006 0.0946 0.0312 0.6996 0.0260 0.0042 0.0013 
0.0358 0.0228 0.0001 0.0005 0.0013 0.0262 0.0011 0.0179 0.0013 0.0001 0.0254 0.2046 0.6335 0.0182 0.0062 0.0051 
0.0543 0.0288 0.0014 0.0001 0.0005 0.0272 0.0051 0.0294 0.0001 0.0001 0.0307 0.0126 0.7583 0.0264 0.0094 0.0161 
0.0578 0.0284 0.0042 0.0001 0.0005 0.0281 0.0064 0.0273 0.0001 0.0001 0.0307 0.0096 0.7637 0.0281 0.0008 0.0147 
0.0545 0.0297 0.0173 0.0001 0.0002 0.0252 0.0018 0.0265 0.0005 0.0003 0.0286 0.0189 0.7611 0.0304 0.0014 0.0038 
0.0534 0.0278 0.0080 0.0010 0.0002 0.0264 0.0024 0.0273 0.0008 0.0001 0.0319 0.0088 0.7556 0.0294 0.0184 0.0089 
0.0525 0.0275 0.0163 0.0006 0.0005 0.0278 0.0040 0.0265 0.0005 0.0001 0.0315 0.0129 0.7496 0.0300 0.0056 0.0144 
0.0620 0.0296 0.0193 0.0058 0.0011 0.0260 0.0029 0.0259 0.0002 0.0001 0.0299 0.0080 0.7441 0.0312 0.0037 0.0107 
0.0709 0.0380 0.0086 0.0069 0.0051 0.0621 0.0265 0.0359 0.0008 0.0002 0.0372 0.0062 0.0824 0.5985 0.0121 0.0085 
0.0407 0.0286 0.0334 0.0291 0.0006 0.0184 0.0032 0.0209 0.0016 0.0001 0.0235 0.0035 0.0637 0.0276 0.6530 0.0521 
0.0356 0.0188 0.0796 0.0212 0.0035 0.0214 0.0388 0.0169 0.0048 0.0342 0.0177 0.0133 0.1367 0.0276 0.0026 0.5272 
0.3630 0.0660 0.0530 0.0602 0.0091 0.0669 0.0174 0.0664 0.0022 0.0026 0.0909 0.0118 0.1032 0.0714 0.0077 0.0083 
0.1123 0.2296 0.0696 0.0506 0.0104 0.1374 0.0254 0.0618 0.0264 0.0192 0.0840 0.0230 0.0545 0.0650 0.0128 0.0181 
0.0692 0.3286 0.0561 0.2805 0.0026 0.0423 0.0034 0.0390 0.0257 0.0034 0.0438 0.0225 0.0324 0.0340 0.0077 0.0089 
0.0811 0.0482 0.3009 0.1714 0.0123 0.1602 0.0054 0.0391 0.0045 0.0050 0.0484 0.0449 0.0179 0.0380 0.0107 0.0121 
0.0441 0.0264 0.3206 0.2200 0.0040 0.0518 0.0045 0.0264 0.0008 0.0016 0.2288 0.0171 0.0155 0.0228 0.0048 0.0110 
0.0404 0.0201 0.0385 0.3650 0.0026 0.0327 0.0014 0.0201 0.0085 0.0021 0.0514 0.3575 0.0372 0.0198 0.0006 0.0021 
0.0265 0.0155 0.0011 0.0329 0.0086 0.2841 0.0019 0.0126 0.0003 0.0022 0.0158 0.1121 0.4715 0.0112 0.0032 0.0003 
0.0450 0.0438 0.0001 0.0134 0.0042 0.0310 0.0006 0.0275 0.0006 0.0001 0.1350 0.0064 0.6577 0.0222 0.0040 0.0086 
0.0348 0.0262 0.0003 0.0011 0.0029 0.0486 0.0035 0.0182 0.0037 0.0005 0.0225 0.2178 0.5972 0.0163 0.0016 0.0048 
0.0500 0.0439 0.0152 0.0001 0.0010 0.0228 0.0016 0.0267 0.0035 0.0001 0.0625 0.0118 0.7182 0.0358 0.0030 0.0040 
0.0744 0.0404 0.0875 0.0030 0.0003 0.0351 0.0038 0.0375 0.0109 0.0001 0.0358 0.1172 0.4263 0.0578 0.0292 0.0407 
0.0622 0.0353 0.1858 0.0021 0.0014 0.0404 0.0278 0.0299 0.0021 0.0001 0.0312 0.0038 0.3477 0.0331 0.1294 0.0679 
0.0872 0.0569 0.1895 0.0109 0.0003 0.0369 0.0086 0.0414 0.0014 0.0001 0.0412 0.0027 0.2831 0.0398 0.0115 0.1885 
0.1428 0.0653 0.0679 0.0385 0.0038 0.0858 0.0262 0.0636 0.0011 0.0001 0.0669 0.0038 0.3519 0.0647 0.0077 0.0101 
0.0992 0.0699 0.3165 0.0576 0.0010 0.0493 0.0050 0.0517 0.0014 0.0002 0.0559 0.0046 0.2058 0.0495 0.0053 0.0270 
0.0872 0.0434 0.0214 0.5041 0.0016 0.0898 0.0064 0.0415 0.0059 0.0001 0.0433 0.0165 0.0926 0.0412 0.0016 0.0035 
0.1699 0.1069 0.0369 0.0329 0.0085 0.2477 0.0019 0.0831 0.0001 0.0014 0.0939 0.0059 0.1228 0.0795 0.0038 0.0048 
0.1340 0.0877 0.0034 0.0869 0.0011 0.1481 0.0032 0.0727 0.0022 0.0002 0.1756 0.0262 0.1837 0.0682 0.0048 0.0019 
0.0762 0.2489 0.0026 0.0543 0.0019 0.0358 0.0050 0.0372 0.0086 0.0001 0.0524 0.1150 0.3081 0.0380 0.0110 0.0051 
0.0620 0.0296 0.0260 0.0470 0.0021 0.0368 0.0067 0.0307 0.0001 0.0001 0.0292 0.0160 0.6665 0.0280 0.0058 0.0139 
0.0633 0.0733 0.1612 0.0133 0.0013 0.0490 0.0021 0.0319 0.0014 0.0001 0.0332 0.0043 0.5268 0.0307 0.0006 0.0077 
0.0621 0.0297 0.0048 0.0235 0.0030 0.1966 0.0016 0.0287 0.0008 0.0008 0.0437 0.0072 0.5663 0.0291 0.0019 0.0002 
0.0693 0.1057 0.0166 0.0045 0.0035 0.0412 0.0045 0.0439 0.0013 0.0003 0.0525 0.0286 0.5830 0.0350 0.0061 0.0040 
0.0656 0.0415 0.0002 0.0220 0.0457 0.0332 0.1005 0.0327 0.0056 0.0001 0.0326 0.0401 0.0744 0.4827 0.0097 0.0136 
0.0439 0.0511 0.1299 0.0067 0.0010 0.0189 0.0075 0.0420 0.0013 0.0001 0.0217 0.0026 0.0393 0.0233 0.5662 0.0447 
0.0168 0.0046 0.2999 0.0281 0.0006 0.0024 0.0053 0.0048 0.0696 0.0075 0.0091 0.0018 0.0131 0.0042 0.0104 0.5220 
0.4098 0.0422 0.2853 0.0578 0.0027 0.0423 0.0093 0.0366 0.0034 0.0003 0.0355 0.0022 0.0184 0.0361 0.0038 0.0144 
0.0869 0.0660 0.0144 0.0115 0.0093 0.6345 0.0010 0.0484 0.0005 0.0022 0.0532 0.0030 0.0177 0.0415 0.0061 0.0038 
0.0669 0.0891 0.0136 0.0142 0.0064 0.0826 0.0005 0.0428 0.0101 0.0005 0.5904 0.0219 0.0182 0.0332 0.0016 0.0080 
0.0537 0.0482 0.0097 0.0203 0.0027 0.0214 0.0008 0.0224 0.0177 0.0030 0.0422 0.7099 0.0228 0.0212 0.0003 0.0035 
0.0618 0.0297 0.0236 0.0043 0.0024 0.0847 0.0037 0.0296 0.0043 0.0018 0.0300 0.0358 0.6127 0.0345 0.0126 0.0284 
0.0506 0.0259 0.0099 0.0024 0.0051 0.0331 0.0030 0.0256 0.0011 0.0003 0.1565 0.0043 0.6399 0.0251 0.0056 0.0117 
0.0307 0.0204 0.0058 0.0027 0.0021 0.0200 0.0065 0.0201 0.0010 0.0018 0.0276 0.4212 0.4195 0.0150 0.0021 0.0035 
0.0594 0.0300 0.0014 0.0061 0.0011 0.0311 0.0093 0.0283 0.0086 0.0001 0.0329 0.0319 0.7157 0.0268 0.0061 0.0113 
0.0543 0.0278 0.0320 0.0051 0.0006 0.0286 0.0149 0.0249 0.0045 0.0001 0.0296 0.0096 0.7278 0.0243 0.0050 0.0112 
0.0554 0.0334 0.0380 0.0038 0.0027 0.0288 0.0069 0.0256 0.0003 0.0001 0.0267 0.0051 0.7408 0.0243 0.0024 0.0058 
0.0519 0.0283 0.0180 0.0089 0.0003 0.0355 0.0021 0.0310 0.0010 0.0005 0.0280 0.0069 0.7481 0.0252 0.0019 0.0125 
0.0548 0.0321 0.0110 0.0094 0.0018 0.0329 0.0061 0.0262 0.0072 0.0003 0.0310 0.0056 0.7409 0.0307 0.0014 0.0086 
0.0570 0.0347 0.0230 0.0131 0.0016 0.0527 0.0034 0.0265 0.0005 0.0003 0.0310 0.0089 0.7016 0.0262 0.0174 0.0021 
0.0473 0.1304 0.0417 0.0160 0.0026 0.0241 0.0035 0.0251 0.0016 0.0002 0.0404 0.0067 0.6094 0.0281 0.0048 0.0182 
0.0580 0.0303 0.0256 0.0583 0.0016 0.0315 0.0059 0.0281 0.0013 0.0001 0.0273 0.0297 0.6331 0.0283 0.0227 0.0185 
0.0641 0.0503 0.0708 0.0498 0.0021 0.0383 0.0147 0.0336 0.0034 0.0001 0.0406 0.0030 0.5403 0.0379 0.0142 0.0369 
0.1064 0.0561 0.0644 0.1825 0.0107 0.0608 0.0270 0.0466 0.0011 0.0006 0.0484 0.0105 0.2943 0.0516 0.0235 0.0155 
0.0904 0.0661 0.1391 0.0576 0.0136 0.1640 0.0699 0.0469 0.0027 0.0013 0.0460 0.0089 0.1027 0.0541 0.0268 0.1097 
0.1185 0.1016 0.0720 0.0917 0.0029 0.1233 0.0137 0.0671 0.0062 0.0125 0.1743 0.0272 0.0663 0.0644 0.0158 0.0426 
0.0923 0.3016 0.1396 0.0730 0.0027 0.0826 0.0056 0.0427 0.0196 0.0110 0.0452 0.0764 0.0238 0.0444 0.0045 0.0350 
0.0577 0.1855 0.3764 0.2008 0.0043 0.0284 0.0067 0.0184 0.0083 0.0027 0.0236 0.0174 0.0232 0.0193 0.0072 0.0200 
0.0757 0.0393 0.0089 0.0399 0.0070 0.6127 0.0048 0.0383 0.0008 0.0145 0.0476 0.0388 0.0295 0.0353 0.0045 0.0022 
0.0778 0.0447 0.0042 0.0248 0.0061 0.0502 0.0014 0.0438 0.0037 0.0051 0.6365 0.0334 0.0243 0.0390 0.0014 0.0037 
0.0558 0.0336 0.0026 0.0321 0.0029 0.0264 0.0034 0.0241 0.0054 0.0011 0.0358 0.7369 0.0142 0.0230 0.0008 0.0021 
0.0489 0.0240 0.0062 0.0069 0.0035 0.0385 0.0026 0.0259 0.0006 0.0016 0.0264 0.0402 0.7429 0.0241 0.0019 0.0059 
0.0514 0.0321 0.0048 0.0080 0.0022 0.0300 0.0029 0.0308 0.0010 0.0001 0.0326 0.0075 0.7576 0.0262 0.0075 0.0053 
0.0527 0.0288 0.0070 0.0193 0.0014 0.0260 0.0117 0.0264 0.0024 0.0002 0.0289 0.0137 0.7446 0.0265 0.0035 0.0069 
0.0529 0.0257 0.0335 0.0093 0.0032 0.0324 0.0006 0.0248 0.0014 0.0018 0.0244 0.0096 0.7470 0.0275 0.0008 0.0051 
0.0521 0.0267 0.0032 0.0054 0.0037 0.0396 0.0022 0.0284 0.0008 0.0053 0.0289 0.0066 0.7542 0.0294 0.0067 0.0067 
0.0529 0.0289 0.0019 0.0045 0.0021 0.0297 0.0034 0.0280 0.0010 0.0001 0.0660 0.0051 0.7349 0.0280 0.0064 0.0074 
0.0500 0.0272 0.0026 0.0053 0.0010 0.0241 0.0010 0.0236 0.0029 0.0006 0.0324 0.0767 0.7171 0.0286 0.0006 0.0064 
0.0573 0.0260 0.0120 0.0064 0.0029 0.0303 0.0014 0.0268 0.0005 0.0010 0.0273 0.0203 0.7512 0.0299 0.0030 0.0037 
0.0517 0.0262 0.0067 0.0022 0.0026 0.0434 0.0064 0.0270 0.0001 0.0001 0.0332 0.0053 0.7539 0.0337 0.0035 0.0042 
0.0548 0.0287 0.0002 0.0030 0.0011 0.0256 0.0042 0.0280 0.0002 0.0002 0.0385 0.0244 0.7561 0.0270 0.0051 0.0030 
0.0534 0.0264 0.0001 0.0030 0.0016 0.0275 0.0016 0.0273 0.0019 0.0019 0.0304 0.0264 0.7621 0.0276 0.0022 0.0069 
0.0546 0.0265 0.0026 0.0001 0.0013 0.0332 0.0043 0.0291 0.0006 0.0001 0.0279 0.0128 0.7648 0.0271 0.0053 0.0099 
0.0524 0.0270 0.0013 0.0001 0.0018 0.0328 0.0094 0.0265 0.0002 0.0002 0.0447 0.0038 0.7618 0.0273 0.0008 0.0101 
0.0511 0.0272 0.0016 0.0001 0.0002 0.0249 0.0019 0.0257 0.0003 0.0006 0.0331 0.0516 0.7497 0.0268 0.0029 0.0026 
0.0514 0.0252 0.0037 0.0001 0.0002 0.0303 0.0027 0.0256 0.0024 0.0003 0.0284 0.0287 0.7556 0.0308 0.0062 0.0085 
0.0519 0.0384 0.0053 0.0001 0.0002 0.0254 0.0030 0.0262 0.0002 0.0001 0.0272 0.0089 0.7629 0.0288 0.0062 0.0158 
0.0530 0.0289 0.0165 0.0002 0.0001 0.0249 0.0038 0.0252 0.0001 0.0001 0.0288 0.0027 0.7559 0.0265 0.0048 0.0291 
0.0411 0.0224 0.1121 0.0002 0.0001 0.0200 0.0021 0.0195 0.0002 0.0001 0.0208 0.0065 0.7086 0.0270 0.0073 0.0125 
0.0543 0.0276 0.0353 0.0056 0.0003 0.0257 0.0014 0.0257 0.0008 0.0001 0.0291 0.0061 0.7260 0.0284 0.0120 0.0217 
0.0529 0.0276 0.0767 0.0187 0.0014 0.0256 0.0037 0.0254 0.0011 0.0001 0.0268 0.0101 0.6607 0.0263 0.0067 0.0366 
0.0543 0.0312 0.0789 0.0270 0.0019 0.0371 0.0110 0.0283 0.0010 0.0001 0.0308 0.0030 0.6372 0.0335 0.0035 0.0212 
0.0703 0.0390 0.0781 0.1314 0.0011 0.0319 0.0051 0.0350 0.0021 0.0002 0.0393 0.0094 0.3924 0.0337 0.0072 0.1238 
0.1152 0.0546 0.1046 0.1414 0.0120 0.1134 0.0894 0.0540 0.0029 0.0010 0.0554 0.0241 0.1327 0.0663 0.0067 0.0264 
0.1086 0.0590 0.0893 0.0476 0.0070 0.1924 0.0035 0.0826 0.0018 0.0029 0.1860 0.0166 0.1174 0.0537 0.0198 0.0118 
0.0822 0.0562 0.0065 0.0137 0.0174 0.1306 0.0153 0.0394 0.0061 0.0565 0.3587 0.1210 0.0324 0.0516 0.0019 0.0102 
0.0850 0.0984 0.0157 0.0065 0.0018 0.0863 0.0042 0.0550 0.0037 0.0022 0.1435 0.3406 0.0912 0.0395 0.0208 0.0059 
0.0444 0.0305 0.0053 0.0005 0.0019 0.1608 0.0024 0.0224 0.0073 0.0026 0.0755 0.1926 0.3934 0.0209 0.0067 0.0327 
0.0640 0.0422 0.0157 0.0002 0.0003 0.0350 0.0080 0.0310 0.0002 0.0001 0.0966 0.0870 0.5740 0.0268 0.0097 0.0093 
0.0596 0.0452 0.0319 0.0001 0.0005 0.0402 0.0141 0.0256 0.0011 0.0001 0.0295 0.0581 0.6448 0.0272 0.0006 0.0217 
0.0524 0.0222 0.1040 0.0002 0.0006 0.0323 0.0027 0.0217 0.0003 0.0021 0.0327 0.0088 0.6872 0.0220 0.0065 0.0042 
0.0537 0.0319 0.0490 0.0005 0.0003 0.0275 0.0053 0.0272 0.0008 0.0001 0.0323 0.0083 0.7176 0.0294 0.0077 0.0086 
0.0565 0.0321 0.0120 0.0029 0.0001 0.0256 0.0064 0.0256 0.0021 0.0001 0.0267 0.0134 0.7458 0.0291 0.0133 0.0088 
0.0521 0.0393 0.0395 0.0137 0.0001 0.0220 0.0022 0.0219 0.0002 0.0001 0.0227 0.0019 0.7248 0.0238 0.0073 0.0288 
0.0522 0.0248 0.0669 0.0328 0.0005 0.0222 0.0042 0.0211 0.0006 0.0001 0.0219 0.0019 0.6936 0.0243 0.0056 0.0276 
0.0465 0.0241 0.0992 0.1285 0.0011 0.0318 0.0040 0.0230 0.0006 0.0001 0.0252 0.0019 0.5659 0.0275 0.0040 0.0168 
0.0569 0.0350 0.1012 0.1056 0.0053 0.0690 0.0141 0.0300 0.0019 0.0002 0.0392 0.0067 0.4825 0.0318 0.0046 0.0160 
0.1157 0.1074 0.0276 0.0612 0.1286 0.0893 0.0490 0.0546 0.0037 0.0021 0.0796 0.0176 0.1631 0.0633 0.0066 0.0307 
0.0952 0.0522 0.0610 0.0300 0.0449 0.0628 0.0550 0.0714 0.0019 0.0051 0.1104 0.0355 0.0427 0.3192 0.0046 0.0081 
0.0482 0.0291 0.0682 0.0422 0.0021 0.0307 0.0083 0.0604 0.0387 0.0377 0.0355 0.0091 0.0222 0.0273 0.5259 0.0145 
0.0514 0.0342 0.0101 0.0679 0.0061 0.0516 0.0043 0.0280 0.0706 0.0428 0.0483 0.0407 0.0363 0.0260 0.0021 0.4796 
0.4502 0.0660 0.0920 0.0511 0.0032 0.0525 0.0027 0.0474 0.0043 0.0016 0.0746 0.0196 0.0225 0.0460 0.0101 0.0562 
0.0374 0.0296 0.6103 0.1561 0.0045 0.0356 0.0043 0.0192 0.0045 0.0005 0.0398 0.0206 0.0131 0.0168 0.0024 0.0054 
0.0684 0.1301 0.0042 0.0187 0.0094 0.6076 0.0022 0.0371 0.0013 0.0019 0.0347 0.0353 0.0091 0.0329 0.0022 0.0050 
0.0899 0.0426 0.0046 0.0224 0.0027 0.0495 0.0018 0.0525 0.0011 0.0010 0.6638 0.0129 0.0027 0.0426 0.0045 0.0053 
0.0471 0.0420 0.0361 0.0045 0.0013 0.0222 0.0013 0.0227 0.0072 0.0003 0.0417 0.7425 0.0037 0.0236 0.0013 0.0026 
0.0562 0.0262 0.0201 0.0136 0.0008 0.0235 0.0021 0.0243 0.0014 0.0002 0.0256 0.0313 0.7351 0.0268 0.0034 0.0094 
0.0537 0.0281 0.0185 0.0032 0.0019 0.0457 0.0171 0.0273 0.0001 0.0001 0.0260 0.0037 0.7349 0.0299 0.0061 0.0040 
0.0482 0.1069 0.0053 0.0051 0.0010 0.0225 0.0030 0.0246 0.0002 0.0001 0.0235 0.0027 0.7167 0.0236 0.0118 0.0051 
0.0586 0.0281 0.0005 0.0486 0.0006 0.0329 0.0032 0.0281 0.0046 0.0035 0.0283 0.0046 0.7039 0.0296 0.0040 0.0208 
0.0484 0.0369 0.1422 0.0037 0.0006 0.0292 0.0013 0.0230 0.0018 0.0001 0.0260 0.0035 0.6467 0.0241 0.0042 0.0085 
0.0537 0.0331 0.0136 0.0782 0.0013 0.0249 0.0005 0.0251 0.0003 0.0011 0.0270 0.0069 0.7002 0.0264 0.0037 0.0042 
0.0548 0.0340 0.0165 0.0866 0.0003 0.0278 0.0027 0.0272 0.0003 0.0001 0.0273 0.0014 0.6840 0.0297 0.0048 0.0027 
0.0583 0.0292 0.0019 0.0944 0.0010 0.0412 0.0021 0.0287 0.0010 0.0001 0.0327 0.0029 0.6426 0.0476 0.0128 0.0037 
0.0797 0.0604 0.0045 0.0211 0.0065 0.0632 0.0042 0.0410 0.0001 0.0001 0.0445 0.0056 0.6095 0.0434 0.0096 0.0072 
0.0962 0.0684 0.0059 0.0200 0.0179 0.0526 0.0149 0.0522 0.0003 0.0001 0.0574 0.0093 0.5132 0.0486 0.0110 0.0324 
0.1258 0.0620 0.0230 0.0080 0.2119 0.0680 0.0391 0.0607 0.0029 0.0001 0.0628 0.0083 0.1900 0.1139 0.0046 0.0190 
0.1380 0.1000 0.0706 0.0115 0.0037 0.0779 0.0120 0.2001 0.0035 0.0053 0.0711 0.0166 0.1359 0.0690 0.0759 0.0089 
0.1107 0.0661 0.0126 0.0171 0.0137 0.0664 0.0062 0.0576 0.0610 0.1472 0.0637 0.0315 0.1258 0.0548 0.0097 0.1557 
0.1577 0.0812 0.0050 0.0129 0.0034 0.1476 0.0038 0.0781 0.0027 0.0006 0.1340 0.0351 0.2358 0.0735 0.0073 0.0212 
0.1031 0.0566 0.1361 0.0117 0.0010 0.0476 0.0022 0.0503 0.0045 0.0010 0.0931 0.1650 0.2694 0.0486 0.0024 0.0075 
0.1056 0.0537 0.0297 0.0144 0.0014 0.0738 0.0026 0.0495 0.0026 0.0003 0.0510 0.1019 0.4499 0.0495 0.0078 0.0064 
0.0617 0.0304 0.0174 0.0013 0.0046 0.1283 0.0037 0.0294 0.0001 0.0003 0.1262 0.0120 0.5379 0.0299 0.0064 0.0105 
0.0372 0.0272 0.0319 0.0003 0.0026 0.0227 0.0005 0.0265 0.0001 0.0005 0.1096 0.1596 0.5540 0.0184 0.0010 0.0081 
0.0304 0.0398 0.0021 0.0003 0.0026 0.0312 0.0038 0.0173 0.0024 0.0005 0.0193 0.1954 0.6323 0.0134 0.0073 0.0021 
0.0508 0.0470 0.0062 0.0008 0.0043 0.0244 0.0422 0.0303 0.0014 0.0001 0.0364 0.0062 0.6718 0.0331 0.0107 0.0345 
0.0819 0.0398 0.0596 0.0034 0.0069 0.0379 0.0165 0.0411 0.0002 0.0003 0.0371 0.0193 0.5851 0.0395 0.0171 0.0145 
0.0570 0.0268 0.0371 0.0002 0.0059 0.0434 0.0089 0.0342 0.0005 0.0260 0.0502 0.0035 0.5298 0.1567 0.0085 0.0113 
0.0724 0.1256 0.0128 0.0032 0.0003 0.0516 0.0016 0.0358 0.0107 0.0002 0.0409 0.0137 0.5254 0.0353 0.0578 0.0128 
0.0853 0.0433 0.0038 0.0169 0.0006 0.0404 0.0019 0.0410 0.0027 0.0139 0.0540 0.0208 0.5972 0.0410 0.0022 0.0348 
0.0564 0.0291 0.0867 0.0032 0.0003 0.0321 0.0010 0.0283 0.0001 0.0001 0.0374 0.0056 0.6842 0.0297 0.0046 0.0018 
0.0631 0.0367 0.0128 0.0105 0.0002 0.0398 0.0010 0.0323 0.0002 0.0001 0.0366 0.0200 0.7091 0.0312 0.0045 0.0024 
0.0637 0.0300 0.0091 0.0137 0.0008 0.0439 0.0008 0.0295 0.0001 0.0001 0.0347 0.0102 0.7291 0.0299 0.0027 0.0019 
0.0706 0.0503 0.0037 0.0058 0.0005 0.0856 0.0027 0.0350 0.0005 0.0001 0.0399 0.0067 0.6280 0.0366 0.0149 0.0195 
0.0680 0.0696 0.0244 0.0093 0.0032 0.0843 0.0101 0.0323 0.0011 0.0001 0.0430 0.0042 0.5360 0.0300 0.0035 0.0810 
0.0396 0.2691 0.2024 0.0139 0.0008 0.0078 0.0051 0.0102 0.0005 0.0001 0.0097 0.0054 0.2948 0.0107 0.0177 0.1123 
0.0364 0.0173 0.0150 0.0072 0.0019 0.3610 0.0270 0.0185 0.0010 0.0024 0.0171 0.0073 0.4495 0.0254 0.0014 0.0115 
0.0476 0.0236 0.0326 0.0058 0.0014 0.0236 0.0002 0.0304 0.0002 0.0019 0.5170 0.0037 0.2849 0.0233 0.0022 0.0016 
0.0438 0.0342 0.0002 0.0359 0.0019 0.0275 0.0010 0.0212 0.0042 0.0032 0.0427 0.7303 0.0280 0.0232 0.0006 0.0022 
0.0577 0.0281 0.0035 0.0022 0.0026 0.0462 0.0024 0.0300 0.0005 0.0001 0.0415 0.0294 0.7159 0.0284 0.0077 0.0038 
0.0554 0.0319 0.0089 0.0006 0.0010 0.0324 0.0042 0.0304 0.0016 0.0001 0.0339 0.0238 0.7359 0.0284 0.0035 0.0081 
0.0607 0.0434 0.0040 0.0008 0.0005 0.0268 0.0008 0.0311 0.0022 0.0003 0.0340 0.0139 0.7442 0.0287 0.0053 0.0032 
0.0581 0.0292 0.0147 0.0006 0.0003 0.0335 0.0051 0.0292 0.0042 0.0001 0.0297 0.0080 0.7444 0.0307 0.0053 0.0070 
0.0556 0.0279 0.0187 0.0011 0.0005 0.0342 0.0107 0.0256 0.0006 0.0001 0.0268 0.0030 0.7408 0.0265 0.0051 0.0230 
0.0552 0.0287 0.0409 0.0021 0.0014 0.0292 0.0244 0.0255 0.0002 0.0001 0.0291 0.0022 0.6821 0.0287 0.0169 0.0332 
0.0484 0.0435 0.0955 0.0078 0.0005 0.0201 0.0067 0.0222 0.0003 0.0006 0.0230 0.0110 0.4764 0.0230 0.0610 0.1598 
0.0532 0.0243 0.0201 0.0099 0.0021 0.1359 0.0345 0.0244 0.0026 0.0030 0.0259 0.0102 0.5840 0.0406 0.0045 0.0248 
0.0596 0.0316 0.0240 0.0078 0.0022 0.0399 0.0021 0.0339 0.0003 0.0002 0.4580 0.0038 0.2942 0.0292 0.0085 0.0046 
0.0350 0.0687 0.0019 0.0046 0.0030 0.0374 0.0016 0.0198 0.0022 0.0006 0.0441 0.6188 0.1285 0.0157 0.0034 0.0147 
0.0869 0.0655 0.0605 0.0153 0.0053 0.0396 0.0109 0.0428 0.0037 0.0003 0.0510 0.0364 0.3837 0.0409 0.0110 0.1462 
0.0880 0.0465 0.2002 0.0115 0.0197 0.0628 0.0391 0.0449 0.0001 0.0005 0.0446 0.0294 0.3509 0.0471 0.0032 0.0115 
0.0859 0.0479 0.0783 0.0013 0.0042 0.1006 0.0029 0.0693 0.0005 0.0051 0.1121 0.0075 0.4349 0.0428 0.0035 0.0032 
0.0851 0.0682 0.0016 0.0081 0.0005 0.0914 0.0056 0.0430 0.0379 0.0016 0.0858 0.1267 0.3888 0.0406 0.0024 0.0129 
0.0695 0.0449 0.0085 0.0019 0.0002 0.0326 0.0072 0.0319 0.0043 0.0026 0.0425 0.0802 0.6257 0.0323 0.0070 0.0089 
0.0699 0.0324 0.0254 0.0024 0.0010 0.0412 0.0016 0.0316 0.0001 0.0005 0.0388 0.0241 0.6866 0.0316 0.0027 0.0104 
0.0641 0.0414 0.0252 0.0040 0.0024 0.0327 0.0011 0.0329 0.0001 0.0001 0.0323 0.0297 0.6986 0.0318 0.0008 0.0032 
0.0597 0.0296 0.0013 0.0224 0.0005 0.0371 0.0029 0.0321 0.0008 0.0001 0.0355 0.0024 0.7372 0.0329 0.0045 0.0014 
0.0540 0.0790 0.0070 0.0016 0.0002 0.0267 0.0065 0.0268 0.0027 0.0001 0.0283 0.0077 0.7063 0.0284 0.0164 0.0085 
0.0621 0.0567 0.0414 0.0136 0.0008 0.0279 0.0104 0.0292 0.0014 0.0001 0.0310 0.0045 0.6563 0.0308 0.0121 0.0219 
0.0554 0.0240 0.1134 0.0053 0.0016 0.0316 0.0094 0.0249 0.0005 0.0001 0.0244 0.0021 0.6469 0.0235 0.0142 0.0230 
0.0845 0.0497 0.1003 0.0102 0.0016 0.1318 0.0206 0.0492 0.0013 0.0001 0.0481 0.0035 0.2988 0.0658 0.0030 0.1315 
0.1353 0.2290 0.0869 0.0522 0.0011 0.0629 0.0157 0.0623 0.0251 0.0001 0.0716 0.0137 0.1096 0.0631 0.0653 0.0062 
0.0974 0.0454 0.1565 0.0203 0.0019 0.2958 0.0457 0.0435 0.0058 0.0043 0.0521 0.0195 0.0962 0.0438 0.0107 0.0612 
0.1461 0.1489 0.1475 0.0157 0.0093 0.0719 0.0081 0.0631 0.0024 0.0019 0.1558 0.0163 0.1117 0.0617 0.0035 0.0361 
0.1209 0.1682 0.0565 0.0351 0.0117 0.1382 0.0053 0.0716 0.0097 0.0077 0.0645 0.1719 0.0548 0.0645 0.0149 0.0046 
0.0966 0.1474 0.1135 0.0193 0.0529 0.0557 0.0262 0.0559 0.0056 0.0026 0.0945 0.0174 0.1325 0.1051 0.0094 0.0653 
0.1537 0.0952 0.1107 0.1590 0.0050 0.0971 0.0073 0.0807 0.0073 0.0019 0.0666 0.0286 0.0377 0.0652 0.0546 0.0292 
0.0845 0.0492 0.2118 0.1665 0.0037 0.0524 0.0046 0.0388 0.0195 0.0481 0.0478 0.0078 0.0465 0.0377 0.0062 0.1749 
0.1454 0.0631 0.1016 0.3776 0.0043 0.0877 0.0107 0.0470 0.0022 0.0011 0.0532 0.0126 0.0393 0.0462 0.0051 0.0029 
0.0433 0.0981 0.1077 0.5929 0.0019 0.0343 0.0019 0.0227 0.0086 0.0003 0.0243 0.0094 0.0230 0.0222 0.0027 0.0067 
0.0529 0.0324 0.0561 0.7041 0.0029 0.0329 0.0006 0.0268 0.0037 0.0008 0.0291 0.0051 0.0105 0.0248 0.0091 0.0081 
0.0460 0.0340 0.1706 0.6087 0.0019 0.0348 0.0050 0.0230 0.0006 0.0001 0.0236 0.0026 0.0152 0.0225 0.0011 0.0105 
0.0770 0.0390 0.0157 0.2334 0.0105 0.4558 0.0003 0.0396 0.0018 0.0011 0.0511 0.0042 0.0243 0.0364 0.0069 0.0029 
0.0874 0.2513 0.0099 0.3048 0.0113 0.0455 0.0013 0.0465 0.0176 0.0001 0.1326 0.0208 0.0145 0.0430 0.0030 0.0107 
0.0625 0.0288 0.0188 0.5835 0.0038 0.0396 0.0037 0.0302 0.0010 0.0010 0.0304 0.1385 0.0222 0.0268 0.0008 0.0085 
0.0888 0.0740 0.4422 0.1420 0.0038 0.0540 0.0054 0.0452 0.0107 0.0002 0.0444 0.0027 0.0230 0.0395 0.0097 0.0144 
0.0588 0.0359 0.0442 0.6818 0.0050 0.0319 0.0043 0.0318 0.0026 0.0001 0.0371 0.0043 0.0196 0.0275 0.0073 0.0080 
0.0396 0.0196 0.1302 0.0519 0.5449 0.0677 0.0358 0.0220 0.0013 0.0005 0.0188 0.0120 0.0233 0.0200 0.0077 0.0046 
0.0490 0.0471 0.0032 0.0565 0.5351 0.0481 0.0273 0.1324 0.0034 0.0002 0.0420 0.0045 0.0136 0.0254 0.0024 0.0099 
0.0441 0.0468 0.0129 0.2942 0.0061 0.0182 0.0018 0.4134 0.0398 0.0558 0.0236 0.0077 0.0043 0.0185 0.0021 0.0107 
0.0569 0.0243 0.0880 0.1522 0.0035 0.0211 0.0032 0.0225 0.5106 0.0433 0.0222 0.0035 0.0102 0.0185 0.0018 0.0182 
0.3345 0.0300 0.1417 0.3278 0.0054 0.0305 0.0016 0.0302 0.0050 0.0003 0.0371 0.0072 0.0147 0.0280 0.0045 0.0016 
0.0543 0.0364 0.1436 0.6018 0.0030 0.0412 0.0014 0.0294 0.0027 0.0001 0.0308 0.0048 0.0086 0.0251 0.0085 0.0085 
0.0621 0.0428 0.0193 0.6168 0.0158 0.1051 0.0011 0.0288 0.0115 0.0001 0.0377 0.0088 0.0120 0.0264 0.0097 0.0021 
0.0506 0.0431 0.0059 0.0462 0.6480 0.0249 0.0522 0.0276 0.0008 0.0006 0.0514 0.0062 0.0088 0.0264 0.0016 0.0056 
0.0513 0.0252 0.0198 0.1943 0.0034 0.0441 0.0005 0.5280 0.0010 0.0058 0.0377 0.0361 0.0209 0.0233 0.0042 0.0045 
0.0275 0.0620 0.0139 0.0307 0.0246 0.0222 0.0062 0.0152 0.5955 0.1112 0.0173 0.0153 0.0291 0.0134 0.0006 0.0153 
0.3060 0.0396 0.0032 0.4586 0.0013 0.0371 0.0032 0.0335 0.0003 0.0008 0.0380 0.0042 0.0377 0.0284 0.0032 0.0050 
0.0593 0.0478 0.5224 0.1375 0.0019 0.0441 0.0019 0.0300 0.0174 0.0018 0.0345 0.0153 0.0502 0.0291 0.0053 0.0016 
0.0621 0.0431 0.0081 0.6676 0.0027 0.0457 0.0016 0.0304 0.0010 0.0001 0.0335 0.0091 0.0610 0.0291 0.0037 0.0013 
0.0624 0.0770 0.0093 0.6594 0.0038 0.0172 0.0013 0.0318 0.0016 0.0001 0.0391 0.0059 0.0529 0.0303 0.0042 0.0040 
0.1017 0.0664 0.0059 0.4661 0.0109 0.1230 0.0019 0.0525 0.0016 0.0011 0.0559 0.0089 0.0489 0.0489 0.0021 0.0042 
0.1166 0.1604 0.0594 0.2585 0.0110 0.1375 0.0018 0.0655 0.0051 0.0011 0.0661 0.0086 0.0391 0.0602 0.0024 0.0065 
0.1160 0.0704 0.0332 0.1439 0.0067 0.2985 0.0142 0.0623 0.0123 0.0022 0.0973 0.0211 0.0532 0.0583 0.0026 0.0078 
0.1019 0.2750 0.0713 0.0097 0.0433 0.0823 0.0064 0.0527 0.0160 0.0032 0.1075 0.0931 0.0733 0.0492 0.0013 0.0137 
0.1138 0.0697 0.0171 0.0417 0.0288 0.1021 0.1801 0.0721 0.0022 0.0018 0.0994 0.0796 0.0802 0.0735 0.0147 0.0235 
0.1346 0.0760 0.1712 0.0268 0.0019 0.0693 0.0072 0.1025 0.0097 0.0217 0.0898 0.0410 0.0792 0.0749 0.0299 0.0640 
0.1696 0.0872 0.0647 0.0176 0.0051 0.1407 0.0179 0.0537 0.0661 0.0182 0.0532 0.0225 0.0807 0.0538 0.0128 0.1361 
0.1228 0.2214 0.2537 0.0645 0.0035 0.0404 0.0054 0.0422 0.0029 0.0002 0.0829 0.0096 0.0588 0.0427 0.0053 0.0438 
0.0792 0.0388 0.0944 0.0609 0.0089 0.4482 0.0064 0.0417 0.0037 0.0217 0.0414 0.0640 0.0407 0.0401 0.0069 0.0030 
0.0789 0.0444 0.0901 0.0198 0.0072 0.0430 0.0006 0.0498 0.0030 0.0021 0.4949 0.0152 0.0942 0.0393 0.0069 0.0105 
0.0363 0.1334 0.0046 0.0719 0.0051 0.0251 0.0182 0.0211 0.0174 0.0010 0.0201 0.5888 0.0316 0.0168 0.0058 0.0027 
0.0963 0.0780 0.0110 0.0222 0.0029 0.0922 0.0181 0.0535 0.0043 0.0002 0.0561 0.0073 0.3707 0.0490 0.0254 0.1128 
0.0639 0.0415 0.2789 0.0099 0.0070 0.1907 0.0399 0.0311 0.0246 0.0042 0.0513 0.0072 0.1786 0.0327 0.0113 0.0272 
0.0831 0.4613 0.1356 0.0649 0.0064 0.0222 0.0241 0.0304 0.0046 0.0024 0.0404 0.0201 0.0363 0.0264 0.0131 0.0288 
0.0787 0.0332 0.0815 0.0347 0.0045 0.4311 0.0605 0.0371 0.0059 0.0045 0.0342 0.0484 0.0783 0.0486 0.0061 0.0129 
0.0532 0.0255 0.2432 0.0093 0.0011 0.0335 0.0034 0.0350 0.0069 0.0104 0.4891 0.0049 0.0321 0.0247 0.0088 0.0190 
0.0403 0.2676 0.0030 0.0494 0.0022 0.0468 0.0107 0.0173 0.0115 0.0013 0.0197 0.4900 0.0088 0.0157 0.0062 0.0096 
0.0928 0.0714 0.3392 0.0942 0.0013 0.0495 0.0123 0.0466 0.0021 0.0003 0.0701 0.0045 0.0834 0.0457 0.0212 0.0655 
0.0565 0.0463 0.4993 0.1316 0.0024 0.0612 0.0120 0.0291 0.0045 0.0001 0.0294 0.0168 0.0299 0.0302 0.0278 0.0232 
0.0992 0.0925 0.1434 0.0847 0.0093 0.3560 0.0113 0.0393 0.0038 0.0003 0.0661 0.0024 0.0220 0.0377 0.0145 0.0174 
0.0895 0.1149 0.1383 0.2166 0.0021 0.0462 0.0064 0.0519 0.0018 0.0003 0.2484 0.0187 0.0107 0.0403 0.0038 0.0102 
0.0514 0.1016 0.0286 0.4886 0.0034 0.0508 0.0136 0.0252 0.0177 0.0006 0.0259 0.1222 0.0078 0.0296 0.0182 0.0147 
0.1016 0.0463 0.1522 0.2874 0.0080 0.0931 0.0053 0.0406 0.0042 0.0080 0.0673 0.0078 0.0537 0.0401 0.0203 0.0642 
0.0781 0.1988 0.0898 0.1048 0.0331 0.2211 0.0078 0.0454 0.0016 0.0137 0.0537 0.0264 0.0334 0.0383 0.0005 0.0535 
0.1246 0.1443 0.0401 0.2043 0.0160 0.1069 0.0104 0.0799 0.0145 0.0040 0.1082 0.0380 0.0321 0.0614 0.0054 0.0099 
0.1115 0.0626 0.1294 0.0586 0.0131 0.2196 0.0072 0.0597 0.0168 0.0125 0.0773 0.0743 0.0832 0.0589 0.0042 0.0112 
0.1276 0.0835 0.1442 0.0244 0.0120 0.0754 0.0251 0.0620 0.0110 0.0058 0.2292 0.0374 0.0591 0.0789 0.0059 0.0184 
0.1166 0.1890 0.0752 0.0575 0.0085 0.0738 0.0331 0.0618 0.0067 0.0035 0.0661 0.1097 0.0679 0.0625 0.0490 0.0190 
0.0862 0.0494 0.2450 0.1866 0.0035 0.0556 0.0069 0.0471 0.0026 0.0046 0.0548 0.0252 0.0767 0.0452 0.0070 0.1037 
0.1399 0.0727 0.2241 0.0939 0.0042 0.1386 0.0193 0.0684 0.0057 0.0021 0.0736 0.0137 0.0402 0.0679 0.0187 0.0169 
0.1070 0.1334 0.1353 0.2755 0.0051 0.0668 0.0115 0.0538 0.0010 0.0002 0.0744 0.0123 0.0500 0.0510 0.0101 0.0128 
0.0801 0.0384 0.0125 0.1921 0.2237 0.1352 0.0702 0.0419 0.0002 0.0147 0.0479 0.0412 0.0334 0.0487 0.0181 0.0019 
0.0961 0.2816 0.0109 0.0742 0.0056 0.0505 0.0062 0.1558 0.0085 0.0005 0.0726 0.0217 0.0666 0.0479 0.0505 0.0508 
0.0971 0.0364 0.0019 0.0417 0.2030 0.0636 0.0241 0.0380 0.0117 0.2155 0.0572 0.0639 0.0620 0.0468 0.0032 0.0339 
0.1219 0.2961 0.0459 0.0037 0.0102 0.0917 0.0042 0.0816 0.0070 0.0005 0.0663 0.0310 0.1301 0.0585 0.0420 0.0094 
0.0976 0.0481 0.0077 0.0548 0.0024 0.0677 0.0089 0.0538 0.0233 0.2778 0.0851 0.0556 0.1321 0.0478 0.0089 0.0283 
0.0976 0.0436 0.2017 0.0054 0.0032 0.0426 0.0059 0.0434 0.0165 0.0002 0.1861 0.0569 0.2268 0.0433 0.0141 0.0128 
0.0911 0.0395 0.0345 0.0155 0.0016 0.0535 0.0099 0.0422 0.0006 0.0005 0.0460 0.3655 0.2503 0.0375 0.0078 0.0040 
0.1003 0.0545 0.0483 0.0070 0.0043 0.0500 0.0038 0.0542 0.0067 0.0003 0.0629 0.0097 0.5127 0.0487 0.0136 0.0228 
0.0642 0.0457 0.0003 0.0010 0.0781 0.0487 0.3224 0.0367 0.0019 0.0030 0.0375 0.0390 0.2593 0.0492 0.0059 0.0069 
0.1097 0.0583 0.0356 0.0014 0.0013 0.0511 0.0045 0.1548 0.0016 0.0011 0.1065 0.0088 0.3322 0.0522 0.0559 0.0249 
0.0716 0.0366 0.0385 0.0002 0.0013 0.0522 0.0042 0.0350 0.0463 0.0751 0.0486 0.2355 0.2921 0.0430 0.0075 0.0125 
0.1547 0.0362 0.0281 0.0011 0.0024 0.0359 0.0019 0.0364 0.0011 0.0003 0.0942 0.0203 0.5192 0.0348 0.0286 0.0046 
0.0700 0.0500 0.0062 0.0021 0.0003 0.0390 0.0032 0.0374 0.0011 0.0001 0.0425 0.1013 0.5938 0.0332 0.0050 0.0150 
0.0756 0.0364 0.0058 0.0059 0.0005 0.0348 0.0042 0.0331 0.0038 0.0001 0.0629 0.0093 0.6835 0.0350 0.0021 0.0073 
