0.1345 0.0516 0.1387 0.2146 0.0045 0.1278 0.0109 0.0550 0.0053 0.0144 0.0949 0.0267 0.0572 0.0473 0.0050 0.0117 
0.0944 0.2307 0.0690 0.2244 0.0027 0.0573 0.0059 0.0481 0.0201 0.0053 0.0704 0.0206 0.0492 0.0455 0.0096 0.0466 
0.0602 0.0313 0.0574 0.6156 0.0081 0.0313 0.0176 0.0291 0.0042 0.0014 0.0367 0.0315 0.0331 0.0307 0.0035 0.0083 
0.0519 0.0342 0.2262 0.3614 0.0944 0.0840 0.0126 0.0280 0.0029 0.0013 0.0265 0.0051 0.0256 0.0276 0.0104 0.0080 
0.0770 0.0407 0.0340 0.3260 0.0093 0.1797 0.0078 0.0957 0.0051 0.0024 0.1388 0.0117 0.0254 0.0377 0.0021 0.0067 
0.0874 0.2224 0.0305 0.1791 0.0105 0.0920 0.0045 0.0460 0.0991 0.0129 0.0700 0.0558 0.0286 0.0455 0.0022 0.0133 
0.1996 0.0824 0.0099 0.2877 0.0081 0.1141 0.0109 0.0502 0.0073 0.0021 0.0674 0.0554 0.0411 0.0449 0.0054 0.0134 
0.0834 0.1666 0.1981 0.1808 0.0018 0.0572 0.0102 0.0478 0.0113 0.0010 0.0591 0.0144 0.0928 0.0428 0.0144 0.0184 
0.1048 0.0527 0.0823 0.2422 0.0249 0.1759 0.0134 0.0481 0.0035 0.0024 0.0598 0.0267 0.0987 0.0503 0.0072 0.0070 
0.1207 0.0997 0.1184 0.0883 0.0462 0.1022 0.0061 0.0752 0.0011 0.0016 0.1148 0.0294 0.1132 0.0653 0.0125 0.0053 
0.1081 0.0719 0.0101 0.3356 0.0053 0.0775 0.0062 0.0628 0.0232 0.0014 0.0735 0.0625 0.0676 0.0529 0.0238 0.0179 
0.1385 0.0629 0.0553 0.0517 0.0169 0.0732 0.0479 0.0653 0.0131 0.0727 0.0720 0.0406 0.1626 0.0936 0.0104 0.0233 
0.1163 0.1911 0.0388 0.0741 0.0024 0.1351 0.0077 0.0700 0.0080 0.0006 0.0898 0.0113 0.1399 0.0623 0.0345 0.0181 
0.1024 0.1540 0.0367 0.2155 0.0029 0.0551 0.0104 0.0490 0.0136 0.0171 0.0727 0.0246 0.1387 0.0484 0.0125 0.0463 
0.1078 0.0564 0.2436 0.1757 0.0319 0.0613 0.0171 0.0460 0.0008 0.0024 0.0447 0.0340 0.0725 0.0688 0.0081 0.0286 
0.0900 0.1072 0.2499 0.2587 0.0080 0.0526 0.0043 0.0516 0.0021 0.0002 0.0531 0.0056 0.0296 0.0451 0.0288 0.0134 
0.0920 0.0537 0.0577 0.1446 0.0097 0.3268 0.0056 0.0438 0.0129 0.0431 0.0577 0.0214 0.0466 0.0433 0.0150 0.0260 
0.1165 0.1792 0.0395 0.2283 0.0026 0.0575 0.0037 0.0506 0.0058 0.0021 0.1981 0.0236 0.0380 0.0420 0.0021 0.0105 
0.0704 0.0484 0.0062 0.0235 0.0029 0.4712 0.0048 0.0326 0.0107 0.0093 0.0441 0.2136 0.0211 0.0316 0.0069 0.0027 
0.0738 0.0521 0.0195 0.0235 0.0022 0.0428 0.0032 0.0380 0.0016 0.0016 0.5953 0.0299 0.0524 0.0367 0.0019 0.0256 
0.0494 0.0449 0.0104 0.0305 0.0019 0.0324 0.0058 0.0228 0.0021 0.0011 0.0280 0.7125 0.0313 0.0227 0.0013 0.0030 
0.0495 0.0256 0.0198 0.0137 0.0021 0.0345 0.0024 0.0267 0.0010 0.0008 0.0327 0.0224 0.7268 0.0241 0.0073 0.0105 
0.0478 0.0264 0.0230 0.0240 0.0024 0.0251 0.0035 0.0272 0.0011 0.0005 0.0449 0.0152 0.7220 0.0262 0.0018 0.0091 
0.0593 0.0320 0.0027 0.0118 0.0016 0.0500 0.0026 0.0268 0.0019 0.0003 0.0275 0.0532 0.6894 0.0324 0.0040 0.0045 
0.0554 0.0316 0.0113 0.0042 0.0011 0.0335 0.0013 0.0281 0.0048 0.0003 0.0573 0.0051 0.7165 0.0278 0.0094 0.0121 
0.0514 0.0265 0.0172 0.0022 0.0013 0.0367 0.0019 0.0276 0.0006 0.0001 0.0278 0.0914 0.6691 0.0272 0.0030 0.0160 
0.0601 0.0289 0.0077 0.0059 0.0003 0.0369 0.0042 0.0288 0.0006 0.0001 0.0399 0.0058 0.7383 0.0310 0.0034 0.0083 
0.0570 0.0283 0.0200 0.0024 0.0011 0.0353 0.0061 0.0270 0.0011 0.0001 0.0367 0.0184 0.7291 0.0291 0.0034 0.0053 
0.0553 0.0268 0.0158 0.0040 0.0018 0.0342 0.0021 0.0288 0.0002 0.0002 0.0398 0.0137 0.7386 0.0265 0.0043 0.0080 
0.0567 0.0294 0.0037 0.0043 0.0006 0.0273 0.0043 0.0288 0.0010 0.0001 0.0351 0.0187 0.7364 0.0281 0.0016 0.0241 
0.0551 0.0259 0.0065 0.0021 0.0010 0.0355 0.0054 0.0264 0.0014 0.0024 0.0340 0.0168 0.7550 0.0267 0.0029 0.0030 
0.0567 0.0318 0.0094 0.0010 0.0026 0.0291 0.0016 0.0292 0.0005 0.0001 0.0412 0.0075 0.7532 0.0273 0.0021 0.0069 
0.0532 0.0321 0.0030 0.0034 0.0011 0.0294 0.0072 0.0272 0.0032 0.0001 0.0272 0.0359 0.7326 0.0289 0.0050 0.0109 
0.0540 0.0260 0.0312 0.0032 0.0006 0.0297 0.0050 0.0273 0.0019 0.0001 0.0296 0.0072 0.7474 0.0265 0.0061 0.0043 
0.0556 0.0526 0.0086 0.0035 0.0014 0.0289 0.0021 0.0276 0.0027 0.0003 0.0267 0.0048 0.7370 0.0305 0.0038 0.0137 
0.0605 0.0494 0.0096 0.0069 0.0030 0.0355 0.0029 0.0299 0.0046 0.0001 0.0305 0.0035 0.6387 0.1021 0.0121 0.0109 
0.0546 0.0327 0.1153 0.0042 0.0011 0.0295 0.0061 0.0276 0.0016 0.0001 0.0260 0.0037 0.5545 0.0271 0.0968 0.0193 
0.0936 0.0570 0.1123 0.0219 0.0010 0.0415 0.0340 0.0426 0.0096 0.0001 0.0589 0.0032 0.3035 0.0404 0.0204 0.1600 
0.0639 0.0308 0.4915 0.1101 0.0013 0.0230 0.0388 0.0265 0.0024 0.0001 0.0291 0.0085 0.1237 0.0265 0.0101 0.0141 
0.0653 0.0345 0.2819 0.0163 0.0863 0.2372 0.0414 0.0313 0.0003 0.0006 0.0310 0.0161 0.1043 0.0351 0.0062 0.0120 
0.0985 0.0549 0.0198 0.0537 0.3379 0.0513 0.0339 0.0800 0.0021 0.0027 0.1255 0.0073 0.0415 0.0693 0.0125 0.0091 
0.0775 0.0677 0.0102 0.0291 0.0091 0.0473 0.0053 0.4075 0.0371 0.0165 0.0388 0.0399 0.0471 0.0366 0.1225 0.0078 
0.0428 0.0379 0.0264 0.0155 0.0192 0.0228 0.0272 0.0225 0.2583 0.1741 0.0465 0.0174 0.0632 0.0248 0.0008 0.2008 
0.3784 0.1427 0.0212 0.0524 0.0163 0.0636 0.0097 0.0645 0.0109 0.0037 0.0728 0.0371 0.0428 0.0647 0.0152 0.0040 
0.0965 0.0575 0.2545 0.0713 0.0093 0.0815 0.0300 0.0660 0.0356 0.0246 0.0614 0.0399 0.0753 0.0543 0.0169 0.0254 
0.1538 0.0998 0.1040 0.1620 0.0056 0.0786 0.0091 0.0831 0.0268 0.0038 0.0743 0.0232 0.0434 0.0754 0.0190 0.0382 
0.0960 0.0649 0.1487 0.4267 0.0038 0.0492 0.0045 0.0377 0.0385 0.0018 0.0414 0.0078 0.0157 0.0377 0.0101 0.0157 
0.0562 0.0288 0.3125 0.4724 0.0046 0.0283 0.0018 0.0200 0.0048 0.0013 0.0222 0.0059 0.0075 0.0193 0.0073 0.0072 
0.0532 0.0316 0.0840 0.6740 0.0073 0.0438 0.0021 0.0264 0.0008 0.0002 0.0295 0.0048 0.0038 0.0243 0.0075 0.0067 
0.0527 0.0383 0.0172 0.6910 0.0163 0.0663 0.0013 0.0305 0.0035 0.0002 0.0323 0.0077 0.0070 0.0262 0.0038 0.0057 
0.0551 0.0548 0.0174 0.5739 0.0892 0.0772 0.0072 0.0312 0.0026 0.0026 0.0324 0.0091 0.0099 0.0294 0.0035 0.0046 
0.0706 0.0720 0.0198 0.3564 0.0249 0.2502 0.0043 0.0628 0.0030 0.0070 0.0470 0.0192 0.0200 0.0348 0.0029 0.0051 
0.1086 0.0984 0.0243 0.0781 0.0419 0.1331 0.0168 0.0652 0.0220 0.0371 0.2254 0.0347 0.0489 0.0521 0.0054 0.0081 
0.1398 0.1089 0.0228 0.0511 0.0179 0.0901 0.0588 0.0778 0.0227 0.0089 0.1437 0.1222 0.0454 0.0719 0.0062 0.0118 
0.1184 0.0626 0.0203 0.0288 0.0447 0.0762 0.1838 0.0577 0.0152 0.0221 0.0644 0.0609 0.0853 0.0841 0.0527 0.0227 
0.1169 0.0750 0.0800 0.0316 0.0081 0.0832 0.0075 0.1391 0.0134 0.0300 0.0655 0.0209 0.0447 0.0701 0.1411 0.0728 
0.0844 0.0829 0.0505 0.0284 0.0070 0.1035 0.0056 0.0479 0.1727 0.0687 0.0508 0.0102 0.0776 0.0483 0.0220 0.1393 
0.2583 0.1214 0.1563 0.0614 0.0081 0.0660 0.0056 0.0564 0.0136 0.0027 0.0856 0.0125 0.0454 0.0530 0.0062 0.0475 
0.0607 0.0316 0.5256 0.1460 0.0040 0.0516 0.0043 0.0307 0.0037 0.0011 0.0323 0.0487 0.0227 0.0256 0.0057 0.0057 
0.0562 0.0443 0.2234 0.4012 0.0014 0.0940 0.0042 0.0308 0.0027 0.0005 0.0406 0.0089 0.0439 0.0265 0.0115 0.0097 
0.0575 0.1106 0.0364 0.5704 0.0069 0.0436 0.0062 0.0278 0.0043 0.0002 0.0412 0.0129 0.0367 0.0272 0.0075 0.0105 
0.0884 0.0441 0.0206 0.1102 0.3010 0.1408 0.0236 0.0444 0.0001 0.0032 0.0684 0.0184 0.0812 0.0462 0.0054 0.0042 
0.1144 0.0649 0.0312 0.0628 0.0089 0.0623 0.0024 0.2699 0.0003 0.0027 0.1869 0.0513 0.0772 0.0548 0.0059 0.0042 
0.0749 0.0438 0.0067 0.0880 0.0374 0.0390 0.0217 0.0410 0.0835 0.0334 0.0762 0.1916 0.2102 0.0428 0.0043 0.0056 
0.1482 0.0597 0.0498 0.0649 0.0046 0.0540 0.0011 0.0569 0.0016 0.0003 0.0550 0.0297 0.3891 0.0500 0.0319 0.0030 
0.0641 0.0321 0.0134 0.0312 0.0088 0.0685 0.0065 0.0335 0.0051 0.0521 0.0350 0.0176 0.5808 0.0331 0.0061 0.0121 
0.0542 0.0398 0.0011 0.0850 0.0027 0.0268 0.0013 0.0272 0.0021 0.0001 0.0331 0.0048 0.6902 0.0264 0.0034 0.0022 
0.0605 0.0299 0.0064 0.1032 0.0008 0.0300 0.0010 0.0294 0.0086 0.0125 0.0335 0.0289 0.6203 0.0291 0.0021 0.0038 
0.0581 0.0286 0.0038 0.0497 0.0006 0.0308 0.0006 0.0294 0.0005 0.0001 0.0308 0.0045 0.7298 0.0303 0.0018 0.0008 
0.0538 0.0294 0.0016 0.0628 0.0002 0.0268 0.0010 0.0267 0.0011 0.0001 0.0283 0.0046 0.7335 0.0263 0.0030 0.0011 
0.0458 0.0243 0.0008 0.1374 0.0001 0.0228 0.0011 0.0222 0.0010 0.0001 0.0259 0.0022 0.6895 0.0235 0.0019 0.0018 
0.0612 0.0305 0.0038 0.0418 0.0005 0.0337 0.0013 0.0302 0.0002 0.0001 0.0329 0.0038 0.7199 0.0329 0.0056 0.0019 
0.0601 0.0307 0.0061 0.0503 0.0070 0.0289 0.0002 0.0302 0.0001 0.0001 0.0358 0.0048 0.7020 0.0331 0.0061 0.0053 
0.1008 0.0511 0.0016 0.0043 0.0902 0.0925 0.0037 0.0516 0.0002 0.0001 0.0514 0.0101 0.2114 0.3031 0.0109 0.0174 
0.0615 0.0479 0.0169 0.0080 0.0019 0.0289 0.0010 0.0439 0.0005 0.0002 0.0473 0.0022 0.1849 0.0300 0.5083 0.0165 
0.0997 0.0621 0.0334 0.0069 0.0019 0.0562 0.0027 0.0486 0.0252 0.0219 0.0481 0.0425 0.1494 0.0490 0.0048 0.3476 
0.3293 0.0412 0.0112 0.0173 0.0026 0.0665 0.0059 0.0375 0.0014 0.0008 0.0631 0.0022 0.3641 0.0383 0.0056 0.0129 
0.1062 0.0583 0.0211 0.0144 0.0053 0.1235 0.0019 0.0558 0.0005 0.0001 0.3092 0.0709 0.1714 0.0526 0.0042 0.0048 
0.0591 0.0324 0.0064 0.0139 0.0043 0.0353 0.0013 0.0369 0.0005 0.0003 0.0609 0.5183 0.2009 0.0260 0.0005 0.0030 
0.0610 0.0484 0.0040 0.0136 0.0027 0.0347 0.0058 0.0375 0.0035 0.0001 0.0356 0.0385 0.6765 0.0294 0.0027 0.0062 
0.0540 0.0265 0.0118 0.0050 0.0051 0.0396 0.0136 0.0286 0.0032 0.0008 0.0331 0.0110 0.7345 0.0299 0.0011 0.0022 
0.0564 0.0331 0.0040 0.0005 0.0013 0.0356 0.0010 0.0337 0.0018 0.0001 0.0329 0.0121 0.7553 0.0278 0.0032 0.0014 
0.0530 0.0312 0.0005 0.0024 0.0006 0.0291 0.0032 0.0281 0.0083 0.0019 0.0340 0.0174 0.7497 0.0280 0.0019 0.0107 
0.0578 0.0323 0.0021 0.0006 0.0006 0.0272 0.0045 0.0267 0.0006 0.0001 0.0260 0.0083 0.7593 0.0407 0.0056 0.0078 
0.0543 0.0278 0.0415 0.0014 0.0002 0.0235 0.0067 0.0246 0.0005 0.0001 0.0257 0.0021 0.7468 0.0252 0.0117 0.0081 
0.0490 0.0224 0.0832 0.0058 0.0002 0.0212 0.0043 0.0220 0.0021 0.0001 0.0241 0.0010 0.7220 0.0217 0.0022 0.0188 
0.0553 0.0257 0.0318 0.0088 0.0002 0.0404 0.0034 0.0254 0.0002 0.0001 0.0272 0.0046 0.7411 0.0272 0.0026 0.0065 
0.0540 0.0431 0.0035 0.0115 0.0003 0.0388 0.0026 0.0260 0.0001 0.0001 0.0307 0.0038 0.7490 0.0262 0.0051 0.0054 
0.0514 0.0422 0.0045 0.0193 0.0026 0.0406 0.0022 0.0249 0.0005 0.0001 0.0415 0.0080 0.7270 0.0259 0.0027 0.0067 
0.0529 0.0422 0.0273 0.0404 0.0016 0.0260 0.0026 0.0289 0.0005 0.0001 0.0326 0.0211 0.6766 0.0289 0.0034 0.0153 
0.0671 0.0331 0.0641 0.0206 0.0024 0.0502 0.0323 0.0337 0.0048 0.0002 0.0367 0.0153 0.5545 0.0374 0.0069 0.0409 
0.0762 0.0546 0.1224 0.0073 0.0273 0.0425 0.1181 0.0404 0.0021 0.0002 0.0770 0.0048 0.3388 0.0696 0.0081 0.0105 
0.1126 0.0559 0.0375 0.0056 0.0067 0.0842 0.0139 0.0775 0.0018 0.0027 0.0843 0.0696 0.2579 0.0779 0.0835 0.0284 
0.1102 0.0510 0.0272 0.0026 0.0062 0.0479 0.0307 0.0481 0.0559 0.0361 0.1212 0.0589 0.0444 0.2754 0.0260 0.0581 
0.1097 0.0728 0.0351 0.0134 0.0065 0.0514 0.0073 0.0581 0.0029 0.0045 0.0565 0.0334 0.0460 0.0478 0.3875 0.0668 
0.0911 0.0650 0.0919 0.0104 0.0037 0.0655 0.0040 0.0379 0.0182 0.0112 0.0492 0.0150 0.0414 0.0339 0.0102 0.4515 
0.2502 0.0652 0.2324 0.0609 0.0073 0.0621 0.0081 0.0585 0.0035 0.0042 0.0997 0.0109 0.0486 0.0570 0.0238 0.0077 
0.1035 0.0551 0.2046 0.1032 0.0086 0.2018 0.0272 0.0526 0.0010 0.0003 0.0573 0.0773 0.0427 0.0486 0.0051 0.0112 
0.0712 0.0740 0.0089 0.5963 0.0016 0.0351 0.0021 0.0359 0.0034 0.0001 0.0711 0.0067 0.0508 0.0323 0.0022 0.0083 
0.0566 0.0260 0.0374 0.6150 0.0018 0.0467 0.0032 0.0267 0.0141 0.0022 0.0329 0.0449 0.0545 0.0268 0.0085 0.0029 
0.0549 0.0391 0.0743 0.5866 0.0201 0.0267 0.0227 0.0280 0.0013 0.0001 0.0308 0.0064 0.0438 0.0292 0.0142 0.0219 
0.0471 0.0241 0.0570 0.6715 0.0078 0.0305 0.0174 0.0276 0.0005 0.0001 0.0230 0.0042 0.0297 0.0315 0.0128 0.0153 
0.0775 0.0433 0.0265 0.1220 0.0538 0.4287 0.0262 0.0374 0.0077 0.0145 0.0454 0.0080 0.0537 0.0382 0.0099 0.0073 
0.0776 0.0946 0.0078 0.1107 0.0505 0.0508 0.0217 0.0755 0.0040 0.0093 0.3696 0.0182 0.0535 0.0428 0.0069 0.0065 
0.1105 0.0799 0.0166 0.0513 0.0273 0.0891 0.0272 0.0914 0.1072 0.0230 0.0567 0.0550 0.0414 0.0527 0.1618 0.0089 
0.1073 0.0588 0.0407 0.0420 0.0110 0.0591 0.0361 0.0684 0.0347 0.0746 0.0632 0.0222 0.0690 0.0581 0.0141 0.2407 
0.2005 0.1916 0.0320 0.0519 0.0080 0.0775 0.0073 0.0679 0.1043 0.0129 0.0625 0.0284 0.0401 0.0700 0.0240 0.0211 
0.1299 0.0719 0.2609 0.1129 0.0153 0.0807 0.0096 0.0532 0.0208 0.0203 0.0735 0.0139 0.0490 0.0505 0.0136 0.0241 
0.0943 0.1056 0.3146 0.1170 0.0109 0.1160 0.0097 0.0532 0.0109 0.0003 0.0518 0.0272 0.0280 0.0455 0.0070 0.0081 
0.0910 0.0543 0.1019 0.4048 0.0075 0.0636 0.0040 0.0468 0.0153 0.0107 0.0739 0.0216 0.0364 0.0401 0.0192 0.0089 
0.0899 0.1105 0.0533 0.2452 0.0533 0.1330 0.0059 0.0527 0.0099 0.0064 0.0537 0.0545 0.0604 0.0487 0.0104 0.0121 
0.1041 0.0570 0.0185 0.1921 0.0880 0.1787 0.0193 0.0631 0.0070 0.0037 0.0741 0.0240 0.0768 0.0524 0.0225 0.0185 
0.1198 0.1766 0.0561 0.0636 0.0105 0.1387 0.0088 0.0828 0.0385 0.0117 0.0788 0.0340 0.0610 0.0590 0.0184 0.0417 
0.1154 0.0658 0.0326 0.0158 0.0689 0.1211 0.0773 0.0548 0.0265 0.0850 0.0791 0.0631 0.1142 0.0647 0.0043 0.0113 
0.1431 0.1369 0.0492 0.0490 0.0050 0.0850 0.0069 0.1279 0.0101 0.0022 0.1407 0.0744 0.0535 0.0765 0.0259 0.0137 
0.1085 0.0746 0.1732 0.0414 0.0035 0.0714 0.0152 0.0559 0.0799 0.0399 0.0583 0.0759 0.0719 0.0614 0.0131 0.0559 
0.1679 0.1233 0.2281 0.0353 0.0035 0.0944 0.0077 0.0565 0.0048 0.0013 0.0693 0.0150 0.0794 0.0538 0.0158 0.0439 
0.1101 0.0658 0.2171 0.1136 0.0045 0.1786 0.0051 0.0516 0.0024 0.0058 0.0719 0.0220 0.0714 0.0524 0.0165 0.0113 
0.1148 0.0928 0.0276 0.0201 0.1270 0.1814 0.0264 0.0593 0.0008 0.0029 0.1632 0.0521 0.0648 0.0561 0.0056 0.0051 
0.1210 0.0762 0.0102 0.0318 0.0022 0.1095 0.0045 0.1101 0.0013 0.0024 0.2391 0.1390 0.0666 0.0598 0.0213 0.0051 
0.0703 0.0387 0.0059 0.0050 0.0021 0.0415 0.0003 0.0350 0.0235 0.0503 0.1356 0.2653 0.2607 0.0339 0.0026 0.0295 
0.0810 0.0487 0.0046 0.0034 0.0011 0.0267 0.0022 0.0272 0.0035 0.0006 0.0371 0.1783 0.5503 0.0270 0.0045 0.0038 
0.0611 0.0289 0.0187 0.0141 0.0006 0.0305 0.0029 0.0278 0.0011 0.0001 0.0424 0.0275 0.7070 0.0297 0.0058 0.0021 
0.0559 0.0296 0.0559 0.0065 0.0002 0.0361 0.0048 0.0265 0.0001 0.0001 0.0265 0.0375 0.6909 0.0254 0.0016 0.0027 
0.0570 0.0319 0.0010 0.0415 0.0005 0.0281 0.0008 0.0281 0.0002 0.0001 0.0342 0.0006 0.7446 0.0286 0.0005 0.0026 
0.0532 0.0262 0.0021 0.0177 0.0006 0.0433 0.0008 0.0272 0.0001 0.0005 0.0273 0.0133 0.7554 0.0286 0.0035 0.0003 
0.0562 0.0412 0.0013 0.0053 0.0008 0.0275 0.0010 0.0273 0.0003 0.0001 0.0316 0.0032 0.7697 0.0283 0.0034 0.0032 
0.0553 0.0257 0.0005 0.0244 0.0003 0.0331 0.0019 0.0273 0.0003 0.0011 0.0308 0.0091 0.7564 0.0264 0.0048 0.0026 
0.0540 0.0334 0.0121 0.0003 0.0010 0.0302 0.0024 0.0284 0.0002 0.0001 0.0331 0.0050 0.7573 0.0288 0.0078 0.0062 
0.0545 0.0294 0.0014 0.0043 0.0043 0.0273 0.0093 0.0268 0.0003 0.0001 0.0340 0.0155 0.7464 0.0267 0.0117 0.0081 
0.0510 0.0361 0.0067 0.0027 0.0021 0.0248 0.0035 0.0257 0.0003 0.0001 0.0249 0.0088 0.7141 0.0708 0.0037 0.0251 
0.0567 0.0257 0.0195 0.0058 0.0005 0.0278 0.0024 0.0281 0.0005 0.0038 0.0284 0.0078 0.7284 0.0302 0.0284 0.0059 
0.0484 0.0439 0.0335 0.0013 0.0010 0.0254 0.0029 0.0254 0.0019 0.0003 0.0307 0.0059 0.7052 0.0268 0.0089 0.0385 
0.0848 0.0324 0.0080 0.0316 0.0030 0.0302 0.0066 0.0296 0.0005 0.0001 0.0332 0.0161 0.6696 0.0283 0.0067 0.0195 
0.0709 0.0409 0.0355 0.0174 0.0069 0.0401 0.0270 0.0361 0.0011 0.0001 0.0359 0.0109 0.4419 0.2010 0.0109 0.0238 
0.0399 0.0182 0.0594 0.0157 0.0029 0.0272 0.0450 0.0195 0.0018 0.0011 0.0192 0.0069 0.5503 0.0204 0.1676 0.0050 
0.0466 0.0549 0.0086 0.0153 0.0024 0.0438 0.0067 0.0246 0.0030 0.0188 0.0575 0.0021 0.3782 0.0249 0.0126 0.2999 
0.1882 0.0786 0.0273 0.0096 0.0029 0.1080 0.0136 0.0668 0.0278 0.0042 0.1224 0.0700 0.0994 0.1476 0.0121 0.0217 
0.1421 0.1222 0.1002 0.0478 0.0043 0.0759 0.0133 0.0678 0.0022 0.0022 0.1812 0.0507 0.0641 0.0756 0.0326 0.0179 
0.0941 0.0548 0.0765 0.0272 0.0046 0.1904 0.0035 0.0514 0.0014 0.0123 0.0521 0.2548 0.0939 0.0474 0.0070 0.0284 
0.0812 0.0431 0.0129 0.0249 0.0064 0.0561 0.0019 0.0406 0.0026 0.0029 0.1574 0.0123 0.4938 0.0380 0.0144 0.0115 
0.0960 0.0508 0.0497 0.0624 0.0057 0.0492 0.0050 0.0497 0.0008 0.0032 0.0845 0.2740 0.2164 0.0462 0.0024 0.0042 
0.0594 0.0316 0.0029 0.0180 0.0061 0.1973 0.0088 0.0294 0.0022 0.0008 0.0286 0.0733 0.5038 0.0334 0.0022 0.0022 
0.0570 0.0324 0.0040 0.0184 0.0013 0.0313 0.0016 0.0305 0.0010 0.0003 0.0776 0.0059 0.7000 0.0291 0.0026 0.0070 
0.0570 0.0303 0.0022 0.0056 0.0024 0.0498 0.0003 0.0284 0.0022 0.0158 0.0331 0.1037 0.6277 0.0289 0.0048 0.0077 
0.0609 0.0335 0.0034 0.0040 0.0022 0.0323 0.0010 0.0321 0.0003 0.0006 0.0395 0.0233 0.7285 0.0302 0.0026 0.0057 
0.0657 0.0321 0.0037 0.0029 0.0021 0.0328 0.0011 0.0308 0.0016 0.0001 0.0353 0.0217 0.7304 0.0348 0.0014 0.0037 
0.0594 0.0295 0.0101 0.0022 0.0013 0.0310 0.0013 0.0315 0.0008 0.0011 0.0310 0.0107 0.7494 0.0334 0.0054 0.0019 
0.0588 0.0311 0.0051 0.0005 0.0014 0.0316 0.0016 0.0302 0.0006 0.0001 0.0315 0.0070 0.7567 0.0318 0.0069 0.0053 
0.0612 0.0278 0.0064 0.0006 0.0006 0.0364 0.0014 0.0305 0.0010 0.0001 0.0344 0.0096 0.7541 0.0286 0.0030 0.0045 
0.0605 0.0300 0.0070 0.0001 0.0010 0.0302 0.0013 0.0300 0.0006 0.0001 0.0312 0.0080 0.7617 0.0316 0.0024 0.0046 
0.0572 0.0291 0.0024 0.0006 0.0013 0.0343 0.0072 0.0291 0.0002 0.0001 0.0319 0.0072 0.7605 0.0308 0.0042 0.0040 
0.0567 0.0326 0.0099 0.0001 0.0005 0.0267 0.0021 0.0292 0.0005 0.0001 0.0353 0.0035 0.7506 0.0310 0.0065 0.0150 
0.0591 0.0281 0.0280 0.0005 0.0002 0.0272 0.0029 0.0291 0.0026 0.0001 0.0304 0.0144 0.7214 0.0284 0.0054 0.0225 
0.0585 0.0296 0.0428 0.0006 0.0003 0.0283 0.0024 0.0300 0.0018 0.0001 0.0331 0.0043 0.7268 0.0296 0.0042 0.0080 
0.0572 0.0321 0.0439 0.0065 0.0008 0.0262 0.0051 0.0272 0.0008 0.0001 0.0300 0.0085 0.7213 0.0289 0.0042 0.0075 
0.0678 0.0380 0.0225 0.0192 0.0022 0.0412 0.0059 0.0339 0.0024 0.0001 0.0334 0.0054 0.6384 0.0553 0.0107 0.0238 
0.0888 0.0422 0.0493 0.0382 0.0010 0.0417 0.0131 0.0452 0.0010 0.0001 0.0513 0.0029 0.4962 0.0447 0.0551 0.0295 
0.0764 0.0561 0.1377 0.0452 0.0042 0.0420 0.0387 0.0366 0.0113 0.0011 0.0446 0.0099 0.3178 0.0369 0.0099 0.1317 
0.1264 0.0497 0.1587 0.0296 0.1408 0.0502 0.1336 0.0454 0.0024 0.0014 0.0569 0.0208 0.1110 0.0601 0.0066 0.0067 
0.1125 0.0612 0.0444 0.0075 0.1954 0.0788 0.0847 0.1548 0.0035 0.0040 0.0700 0.0228 0.0502 0.0781 0.0174 0.0147 
0.0813 0.0430 0.0133 0.0166 0.0045 0.0407 0.0141 0.3868 0.0840 0.0417 0.1021 0.0192 0.0249 0.0431 0.0652 0.0195 
0.0869 0.0856 0.0184 0.0139 0.0046 0.0502 0.0035 0.0412 0.3588 0.0561 0.0382 0.0308 0.0393 0.0396 0.0128 0.1200 
0.4047 0.0799 0.1182 0.0409 0.0077 0.0599 0.0067 0.0554 0.0157 0.0097 0.0620 0.0128 0.0260 0.0551 0.0149 0.0304 
0.0657 0.0527 0.5844 0.0957 0.0045 0.0435 0.0054 0.0326 0.0026 0.0016 0.0326 0.0086 0.0163 0.0307 0.0045 0.0187 
0.0680 0.0425 0.0807 0.6152 0.0110 0.0396 0.0016 0.0318 0.0022 0.0006 0.0369 0.0091 0.0121 0.0307 0.0121 0.0057 
0.0462 0.0268 0.0958 0.6374 0.0168 0.0334 0.0035 0.0296 0.0042 0.0008 0.0359 0.0125 0.0184 0.0243 0.0081 0.0064 
0.0631 0.0323 0.0177 0.5736 0.0102 0.1560 0.0024 0.0342 0.0038 0.0008 0.0326 0.0222 0.0115 0.0280 0.0056 0.0061 
0.0797 0.1219 0.0300 0.4520 0.0182 0.0910 0.0024 0.0375 0.0273 0.0027 0.0517 0.0150 0.0158 0.0355 0.0086 0.0105 
0.1139 0.0853 0.0304 0.2563 0.0225 0.2034 0.0243 0.0532 0.0040 0.0051 0.0676 0.0427 0.0332 0.0460 0.0029 0.0091 
0.1072 0.0823 0.0539 0.0422 0.1088 0.1585 0.0511 0.0631 0.0160 0.0085 0.1560 0.0339 0.0508 0.0547 0.0035 0.0096 
0.1493 0.1207 0.0342 0.0414 0.0206 0.0800 0.0827 0.1024 0.0217 0.0022 0.1174 0.0543 0.0551 0.0815 0.0216 0.0149 
0.1023 0.0629 0.0268 0.0211 0.0222 0.0764 0.1896 0.0572 0.0660 0.0804 0.0526 0.0471 0.0745 0.0566 0.0208 0.0436 
0.1356 0.0757 0.0246 0.0385 0.0072 0.1112 0.0096 0.1163 0.0134 0.1217 0.0815 0.0228 0.0588 0.0728 0.0471 0.0631 
0.1075 0.1300 0.0276 0.0281 0.0040 0.0903 0.0043 0.0518 0.1479 0.0554 0.0927 0.0177 0.0526 0.0727 0.0248 0.0927 
0.1778 0.1193 0.0754 0.0203 0.0056 0.0907 0.0113 0.0781 0.0104 0.0248 0.0939 0.0954 0.0629 0.0800 0.0276 0.0265 
0.1375 0.1201 0.2253 0.0248 0.0053 0.0829 0.0145 0.0632 0.0064 0.0002 0.0757 0.0179 0.0497 0.0634 0.0161 0.0971 
0.0882 0.0901 0.3646 0.1715 0.0050 0.0481 0.0115 0.0417 0.0016 0.0003 0.0449 0.0195 0.0424 0.0393 0.0113 0.0200 
0.0323 0.0321 0.5295 0.2587 0.0010 0.0324 0.0054 0.0200 0.0019 0.0005 0.0209 0.0078 0.0267 0.0173 0.0069 0.0067 
0.0879 0.0412 0.0372 0.2141 0.0038 0.4111 0.0061 0.0374 0.0043 0.0014 0.0481 0.0139 0.0353 0.0379 0.0128 0.0075 
0.0760 0.0428 0.0426 0.1656 0.0018 0.0396 0.0011 0.0343 0.0003 0.0010 0.4914 0.0150 0.0321 0.0327 0.0014 0.0222 
0.0455 0.0380 0.0054 0.0372 0.0043 0.1303 0.0016 0.0222 0.0005 0.0080 0.0284 0.5944 0.0489 0.0228 0.0088 0.0037 
0.0861 0.1384 0.0292 0.0398 0.0062 0.0438 0.0045 0.0425 0.0006 0.0001 0.0981 0.0085 0.3819 0.0420 0.0120 0.0663 
0.0783 0.0401 0.1237 0.1147 0.0022 0.0380 0.0096 0.0407 0.0010 0.0005 0.0444 0.0837 0.3723 0.0375 0.0030 0.0102 
0.0671 0.0356 0.0367 0.0051 0.0011 0.3136 0.0037 0.0348 0.0006 0.0008 0.0353 0.0056 0.4205 0.0336 0.0030 0.0027 
0.0487 0.0235 0.0016 0.0139 0.0021 0.0629 0.0010 0.0230 0.0014 0.0001 0.3767 0.0081 0.4116 0.0228 0.0010 0.0016 
0.0217 0.0208 0.0013 0.0064 0.0014 0.0112 0.0005 0.0112 0.0003 0.0011 0.0257 0.5123 0.3712 0.0107 0.0006 0.0035 
0.0538 0.0304 0.0013 0.0048 0.0006 0.0248 0.0043 0.0262 0.0008 0.0002 0.0281 0.0243 0.7579 0.0292 0.0056 0.0077 
0.0541 0.0268 0.0222 0.0030 0.0006 0.0284 0.0040 0.0262 0.0003 0.0001 0.0281 0.0051 0.7653 0.0275 0.0037 0.0046 
0.0554 0.0310 0.0050 0.0038 0.0021 0.0283 0.0016 0.0281 0.0001 0.0001 0.0305 0.0034 0.7760 0.0289 0.0030 0.0029 
0.0533 0.0265 0.0002 0.0134 0.0008 0.0367 0.0032 0.0280 0.0005 0.0001 0.0292 0.0102 0.7591 0.0287 0.0043 0.0057 
0.0529 0.0335 0.0064 0.0026 0.0005 0.0254 0.0029 0.0264 0.0024 0.0001 0.0310 0.0078 0.7635 0.0287 0.0061 0.0101 
0.0529 0.0268 0.0096 0.0061 0.0010 0.0276 0.0030 0.0254 0.0016 0.0013 0.0289 0.0097 0.7551 0.0304 0.0064 0.0142 
0.0479 0.0275 0.0240 0.0050 0.0013 0.0287 0.0040 0.0236 0.0018 0.0001 0.0260 0.0037 0.6478 0.0703 0.0142 0.0744 
0.0626 0.0300 0.0663 0.0104 0.0021 0.0310 0.0104 0.0276 0.0022 0.0001 0.0283 0.0085 0.5677 0.0478 0.0681 0.0371 
0.0660 0.0463 0.0607 0.0147 0.0030 0.0514 0.0059 0.0323 0.0013 0.0019 0.0331 0.0054 0.5440 0.0335 0.0372 0.0632 
0.1278 0.0647 0.0240 0.0304 0.0032 0.0890 0.0109 0.0594 0.0021 0.0037 0.1537 0.0093 0.2619 0.0684 0.0066 0.0852 
0.1292 0.1624 0.0690 0.0200 0.0043 0.1046 0.0104 0.0597 0.0067 0.0013 0.0811 0.0762 0.1426 0.0732 0.0235 0.0358 
0.0984 0.0497 0.1022 0.0550 0.0073 0.0835 0.0064 0.0511 0.0022 0.0043 0.1572 0.0970 0.2131 0.0478 0.0102 0.0145 
0.1097 0.0506 0.0303 0.0150 0.0064 0.1005 0.0069 0.0569 0.0008 0.0005 0.1203 0.1401 0.2996 0.0492 0.0018 0.0115 
0.0430 0.0212 0.0056 0.0083 0.0027 0.0399 0.0072 0.0219 0.0088 0.0013 0.0628 0.1204 0.6283 0.0217 0.0054 0.0014 
0.0452 0.0458 0.0085 0.0075 0.0029 0.0280 0.0027 0.0233 0.0014 0.0008 0.0406 0.0420 0.7151 0.0228 0.0032 0.0102 
0.0546 0.0280 0.0094 0.0062 0.0024 0.0339 0.0059 0.0243 0.0048 0.0002 0.0244 0.0332 0.7097 0.0281 0.0054 0.0294 
0.0450 0.0251 0.0740 0.0110 0.0034 0.0212 0.0133 0.0227 0.0003 0.0003 0.0240 0.0027 0.7153 0.0230 0.0054 0.0133 
0.0546 0.0283 0.0161 0.0070 0.0073 0.0442 0.0075 0.0281 0.0003 0.0010 0.0302 0.0062 0.7188 0.0315 0.0062 0.0125 
0.0735 0.0385 0.0073 0.0046 0.0048 0.0420 0.0073 0.0382 0.0011 0.0022 0.0888 0.0131 0.5706 0.0838 0.0144 0.0097 
0.0781 0.0532 0.0125 0.0110 0.0013 0.0479 0.0008 0.0404 0.0034 0.0018 0.0510 0.0538 0.5181 0.0409 0.0666 0.0193 
0.0610 0.0297 0.0064 0.0054 0.0011 0.0328 0.0021 0.0283 0.0051 0.0045 0.0308 0.0141 0.7083 0.0281 0.0097 0.0326 
0.0572 0.0304 0.0113 0.0035 0.0019 0.0347 0.0029 0.0291 0.0005 0.0001 0.0628 0.0083 0.7207 0.0294 0.0019 0.0056 
0.0487 0.0260 0.0278 0.0037 0.0014 0.0279 0.0013 0.0249 0.0005 0.0002 0.0302 0.0768 0.7031 0.0230 0.0022 0.0022 
0.0538 0.0291 0.0045 0.0235 0.0011 0.0296 0.0016 0.0275 0.0013 0.0001 0.0350 0.0069 0.7478 0.0300 0.0030 0.0056 
0.0530 0.0265 0.0069 0.0069 0.0014 0.0359 0.0104 0.0262 0.0001 0.0001 0.0268 0.0168 0.7541 0.0273 0.0045 0.0035 
0.0551 0.0313 0.0072 0.0078 0.0005 0.0260 0.0026 0.0280 0.0001 0.0001 0.0351 0.0021 0.7652 0.0278 0.0042 0.0073 
0.0527 0.0260 0.0019 0.0232 0.0003 0.0307 0.0019 0.0264 0.0029 0.0001 0.0270 0.0145 0.7466 0.0278 0.0042 0.0139 
0.0524 0.0288 0.0289 0.0043 0.0013 0.0289 0.0030 0.0245 0.0011 0.0001 0.0280 0.0045 0.7464 0.0297 0.0083 0.0101 
0.0577 0.0348 0.0149 0.0125 0.0058 0.0431 0.0211 0.0289 0.0010 0.0001 0.0329 0.0077 0.6601 0.0519 0.0072 0.0206 
0.0748 0.0443 0.0222 0.0110 0.0024 0.0451 0.0112 0.0396 0.0016 0.0002 0.0404 0.0083 0.5308 0.0443 0.0898 0.0342 
0.0684 0.0383 0.0479 0.0189 0.0026 0.0398 0.0115 0.0342 0.0101 0.0062 0.0430 0.0241 0.4561 0.0419 0.0086 0.1484 
0.1791 0.1128 0.0668 0.0158 0.0046 0.0860 0.0315 0.0716 0.0043 0.0006 0.0765 0.0246 0.1756 0.0808 0.0173 0.0521 
0.0880 0.0479 0.2984 0.0383 0.0019 0.0818 0.0280 0.0502 0.0091 0.0021 0.0941 0.0211 0.1375 0.0447 0.0173 0.0396 
0.1037 0.0888 0.0522 0.0249 0.0227 0.0740 0.0720 0.0471 0.0158 0.0026 0.0751 0.0583 0.0324 0.3200 0.0035 0.0069 
0.0963 0.1257 0.0300 0.0623 0.0024 0.0502 0.0032 0.0692 0.0019 0.0003 0.0562 0.0289 0.0350 0.0473 0.3858 0.0053 
0.0486 0.0332 0.0880 0.1342 0.0038 0.0240 0.0022 0.0230 0.0160 0.0367 0.0284 0.0088 0.0486 0.0225 0.0128 0.4693 
0.2242 0.0481 0.1426 0.3209 0.0097 0.0441 0.0054 0.0449 0.0021 0.0003 0.0442 0.0112 0.0249 0.0442 0.0206 0.0125 
0.0917 0.0548 0.1953 0.0785 0.0230 0.2889 0.0110 0.0513 0.0013 0.0018 0.0590 0.0062 0.0425 0.0519 0.0081 0.0347 
0.1021 0.0585 0.0097 0.1719 0.0272 0.1588 0.0016 0.0628 0.0046 0.0027 0.3019 0.0169 0.0222 0.0502 0.0037 0.0053 
0.0730 0.3005 0.0291 0.0703 0.0034 0.1236 0.0046 0.0489 0.0110 0.0011 0.0537 0.1950 0.0415 0.0331 0.0069 0.0045 
0.1201 0.0735 0.0460 0.2647 0.0024 0.0581 0.0091 0.0567 0.0281 0.0018 0.0927 0.0323 0.1089 0.0545 0.0281 0.0230 
0.0834 0.0297 0.3992 0.1847 0.0073 0.0387 0.0081 0.0248 0.0014 0.0005 0.0324 0.0238 0.1067 0.0256 0.0042 0.0296 
0.0785 0.0492 0.2726 0.0694 0.0174 0.2141 0.0137 0.0404 0.0032 0.0003 0.0515 0.0107 0.1000 0.0380 0.0144 0.0265 
0.0923 0.0714 0.0533 0.0851 0.1806 0.0883 0.0532 0.0478 0.0062 0.0062 0.1565 0.0212 0.0393 0.0770 0.0018 0.0196 
0.0911 0.0719 0.0160 0.0928 0.0026 0.0879 0.0075 0.1938 0.0008 0.0125 0.0513 0.0294 0.0260 0.0444 0.2687 0.0034 
0.0372 0.0476 0.0332 0.1797 0.0008 0.0174 0.0038 0.0180 0.2335 0.0179 0.0345 0.0112 0.0099 0.0185 0.0026 0.3342 
0.4283 0.0465 0.0169 0.1239 0.0101 0.1311 0.0058 0.0451 0.0008 0.0053 0.0467 0.0617 0.0198 0.0470 0.0078 0.0034 
0.0786 0.0851 0.3594 0.0919 0.0075 0.1099 0.0029 0.0438 0.0021 0.0013 0.1115 0.0083 0.0276 0.0436 0.0083 0.0182 
0.0821 0.1062 0.0126 0.3530 0.0160 0.1647 0.0056 0.0430 0.0093 0.0029 0.0519 0.0510 0.0457 0.0398 0.0075 0.0089 
0.1091 0.0855 0.1051 0.0644 0.0158 0.2497 0.0050 0.0610 0.0030 0.0045 0.0906 0.0286 0.0990 0.0564 0.0078 0.0145 
0.1204 0.1498 0.0641 0.0930 0.0137 0.1131 0.0339 0.0644 0.0227 0.0019 0.1018 0.0332 0.0698 0.0866 0.0102 0.0214 
0.1238 0.1254 0.0875 0.0878 0.0343 0.1008 0.0578 0.0607 0.0123 0.0046 0.0617 0.0589 0.0680 0.0602 0.0321 0.0240 
0.1127 0.0783 0.0507 0.0377 0.0096 0.1986 0.0182 0.0697 0.0081 0.0252 0.0864 0.0160 0.1333 0.0681 0.0356 0.0518 
0.1222 0.1119 0.0676 0.0382 0.0125 0.0749 0.0174 0.0570 0.0161 0.0348 0.2788 0.0495 0.0363 0.0604 0.0059 0.0163 
0.1061 0.2358 0.0601 0.0537 0.0065 0.0639 0.0714 0.0586 0.0184 0.0016 0.0558 0.1214 0.0369 0.0746 0.0174 0.0179 
0.0853 0.0435 0.3855 0.0979 0.0077 0.0508 0.0208 0.0401 0.0099 0.0073 0.0505 0.0081 0.0820 0.0396 0.0281 0.0428 
0.0958 0.0495 0.2526 0.0335 0.0861 0.1214 0.0310 0.0460 0.0032 0.0227 0.0521 0.0304 0.0955 0.0444 0.0176 0.0182 
0.1078 0.0572 0.0566 0.1888 0.0107 0.0677 0.0073 0.1126 0.0030 0.0110 0.1964 0.0323 0.0868 0.0508 0.0038 0.0070 
0.0992 0.0658 0.0046 0.0390 0.0069 0.2657 0.0034 0.0519 0.0476 0.0291 0.0548 0.1484 0.1273 0.0447 0.0046 0.0070 
0.1249 0.1225 0.0157 0.0759 0.0022 0.0567 0.0032 0.0613 0.0091 0.0016 0.1898 0.0137 0.2398 0.0585 0.0065 0.0185 
0.0962 0.0468 0.0853 0.0698 0.0016 0.0462 0.0046 0.0412 0.0042 0.0001 0.0452 0.2063 0.2960 0.0425 0.0080 0.0059 
0.0383 0.0214 0.1721 0.0775 0.0016 0.0219 0.0021 0.0201 0.0010 0.0003 0.0228 0.0030 0.5785 0.0203 0.0080 0.0110 
0.0449 0.0235 0.0085 0.1942 0.0030 0.0636 0.0026 0.0220 0.0001 0.0001 0.0227 0.0086 0.5761 0.0219 0.0024 0.0062 
0.0581 0.0375 0.0115 0.0420 0.0040 0.0581 0.0029 0.0299 0.0003 0.0003 0.0618 0.0027 0.6562 0.0295 0.0018 0.0034 
0.0462 0.0326 0.0022 0.0704 0.0016 0.0292 0.0016 0.0232 0.0024 0.0005 0.0350 0.0567 0.6663 0.0222 0.0062 0.0037 
0.0498 0.0268 0.0072 0.0262 0.0059 0.0272 0.0117 0.0272 0.0013 0.0003 0.0319 0.0193 0.7179 0.0265 0.0080 0.0128 
0.0524 0.0259 0.0214 0.0109 0.0014 0.0401 0.0005 0.0281 0.0008 0.0002 0.0326 0.0093 0.7284 0.0275 0.0097 0.0110 
0.0490 0.0353 0.0029 0.0157 0.0014 0.0292 0.0008 0.0232 0.0021 0.0062 0.0364 0.0137 0.7428 0.0256 0.0073 0.0083 
0.0519 0.0254 0.0045 0.0169 0.0013 0.0281 0.0032 0.0249 0.0002 0.0001 0.0366 0.0225 0.7498 0.0260 0.0034 0.0053 
0.0522 0.0300 0.0109 0.0069 0.0010 0.0438 0.0026 0.0265 0.0011 0.0002 0.0297 0.0262 0.7297 0.0272 0.0056 0.0065 
0.0543 0.0307 0.0065 0.0280 0.0006 0.0270 0.0029 0.0265 0.0006 0.0001 0.0423 0.0062 0.7353 0.0303 0.0043 0.0045 
0.0541 0.0265 0.0275 0.0204 0.0022 0.0265 0.0038 0.0270 0.0003 0.0001 0.0334 0.0227 0.7141 0.0268 0.0086 0.0061 
0.0660 0.0334 0.0050 0.0123 0.0375 0.0438 0.0219 0.0342 0.0005 0.0003 0.0350 0.0110 0.1492 0.5323 0.0072 0.0105 
0.0435 0.0272 0.0123 0.0169 0.0046 0.0217 0.0075 0.0319 0.0006 0.0001 0.0220 0.0043 0.0904 0.0369 0.6647 0.0153 
0.0596 0.0425 0.0300 0.0134 0.0018 0.0320 0.0069 0.0289 0.0096 0.0519 0.0294 0.0048 0.0495 0.0276 0.0217 0.5903 
0.3912 0.0626 0.0280 0.0069 0.0045 0.1423 0.0080 0.0538 0.0035 0.0241 0.0594 0.0080 0.1259 0.0514 0.0053 0.0251 
0.0848 0.0474 0.0417 0.0345 0.0075 0.0974 0.0075 0.0479 0.0011 0.0013 0.5215 0.0332 0.0222 0.0479 0.0019 0.0021 
0.0730 0.0840 0.0053 0.0224 0.0026 0.0647 0.0051 0.0409 0.0058 0.0006 0.0904 0.5380 0.0192 0.0353 0.0096 0.0032 
0.0495 0.0283 0.0169 0.0104 0.0016 0.0471 0.0021 0.0270 0.0032 0.0018 0.0361 0.0620 0.6529 0.0246 0.0059 0.0307 
0.0551 0.0284 0.0283 0.0081 0.0043 0.0318 0.0022 0.0273 0.0027 0.0006 0.0634 0.0243 0.6837 0.0291 0.0038 0.0067 
0.0450 0.0217 0.0377 0.0088 0.0019 0.0444 0.0048 0.0249 0.0013 0.0002 0.0307 0.1371 0.6102 0.0211 0.0048 0.0054 
0.0577 0.0366 0.0128 0.0169 0.0011 0.0358 0.0061 0.0288 0.0030 0.0001 0.0387 0.0113 0.7017 0.0291 0.0034 0.0173 
0.0626 0.0340 0.0318 0.0136 0.0018 0.0391 0.0057 0.0275 0.0011 0.0002 0.0278 0.0129 0.6981 0.0284 0.0059 0.0094 
0.0495 0.0318 0.0254 0.0069 0.0038 0.0460 0.0040 0.0248 0.0010 0.0003 0.0335 0.0027 0.7240 0.0273 0.0045 0.0145 
0.0506 0.0259 0.0072 0.0160 0.0018 0.0343 0.0048 0.0268 0.0005 0.0008 0.0476 0.0217 0.7234 0.0294 0.0029 0.0064 
0.0503 0.0332 0.0088 0.0085 0.0022 0.0291 0.0040 0.0243 0.0022 0.0006 0.0326 0.0329 0.7177 0.0390 0.0065 0.0080 
0.0478 0.0280 0.0188 0.0176 0.0034 0.0273 0.0099 0.0243 0.0018 0.0005 0.0299 0.0185 0.7238 0.0303 0.0117 0.0065 
0.0468 0.0244 0.0252 0.0230 0.0030 0.0302 0.0051 0.0264 0.0016 0.0006 0.0294 0.0110 0.7233 0.0254 0.0117 0.0128 
0.0495 0.0238 0.0216 0.0257 0.0013 0.0248 0.0073 0.0248 0.0050 0.0008 0.0318 0.0126 0.7123 0.0244 0.0126 0.0217 
0.0503 0.0228 0.0382 0.0396 0.0027 0.0232 0.0334 0.0227 0.0008 0.0002 0.0240 0.0091 0.6931 0.0268 0.0037 0.0094 
0.0511 0.0286 0.0166 0.0166 0.0056 0.0701 0.0086 0.0243 0.0016 0.0006 0.0278 0.0085 0.6605 0.0505 0.0158 0.0133 
0.0955 0.0543 0.0315 0.0272 0.0149 0.0567 0.0188 0.0494 0.0054 0.0035 0.0815 0.0128 0.0767 0.3934 0.0414 0.0372 
0.0717 0.0399 0.0508 0.0351 0.0019 0.0375 0.0062 0.0452 0.0029 0.0016 0.0414 0.0337 0.0586 0.0383 0.4883 0.0466 
0.0858 0.0436 0.0492 0.0327 0.0046 0.0628 0.0436 0.0399 0.0297 0.0176 0.0463 0.0177 0.0779 0.0465 0.0057 0.3963 
0.3102 0.0639 0.0383 0.0514 0.0172 0.0839 0.0561 0.0554 0.0040 0.0029 0.0773 0.0233 0.1278 0.0690 0.0104 0.0089 
0.1099 0.1645 0.1247 0.0837 0.0054 0.0840 0.0042 0.0931 0.0061 0.0086 0.0854 0.0337 0.0915 0.0572 0.0172 0.0307 
0.1009 0.0759 0.0672 0.3354 0.0051 0.0572 0.0037 0.0482 0.0220 0.0089 0.0564 0.0246 0.0390 0.0450 0.0177 0.0926 
0.0821 0.0422 0.3256 0.2497 0.0236 0.0617 0.0152 0.0382 0.0026 0.0003 0.0430 0.0220 0.0366 0.0374 0.0078 0.0121 
0.1017 0.0744 0.1399 0.2312 0.0268 0.1694 0.0053 0.0668 0.0016 0.0008 0.0537 0.0172 0.0394 0.0572 0.0030 0.0115 
0.1059 0.0909 0.0184 0.3289 0.0137 0.1112 0.0022 0.0648 0.0200 0.0024 0.0813 0.0163 0.0716 0.0489 0.0172 0.0064 
0.0725 0.1097 0.0407 0.4661 0.0067 0.0369 0.0057 0.0420 0.0251 0.0027 0.0497 0.0182 0.0369 0.0355 0.0099 0.0417 
0.0706 0.0230 0.2888 0.3978 0.0075 0.0366 0.0217 0.0233 0.0037 0.0005 0.0225 0.0169 0.0409 0.0262 0.0038 0.0161 
0.0682 0.0383 0.1947 0.0537 0.0441 0.4017 0.0105 0.0334 0.0048 0.0019 0.0470 0.0073 0.0409 0.0319 0.0123 0.0093 
0.0601 0.0637 0.0168 0.0844 0.2528 0.0489 0.0591 0.0353 0.0062 0.0054 0.2762 0.0185 0.0278 0.0320 0.0021 0.0107 
0.0868 0.0652 0.0168 0.0915 0.0042 0.0687 0.0161 0.2766 0.0077 0.0120 0.0415 0.0476 0.0224 0.0398 0.2002 0.0030 
0.0300 0.0276 0.1035 0.0572 0.0058 0.0206 0.0034 0.0161 0.3045 0.0367 0.0190 0.0096 0.0224 0.0163 0.0043 0.3230 
0.4352 0.0564 0.0406 0.1402 0.0169 0.0700 0.0022 0.0554 0.0018 0.0086 0.0540 0.0276 0.0259 0.0502 0.0064 0.0086 
0.0561 0.0412 0.4061 0.0864 0.0198 0.2123 0.0021 0.0318 0.0070 0.0013 0.0444 0.0112 0.0331 0.0278 0.0097 0.0096 
0.0912 0.1354 0.0217 0.2134 0.1370 0.1059 0.0117 0.0556 0.0102 0.0014 0.0700 0.0208 0.0564 0.0489 0.0125 0.0080 
0.1238 0.0730 0.0161 0.1100 0.1019 0.1696 0.0337 0.0985 0.0101 0.0099 0.0661 0.0289 0.0682 0.0650 0.0120 0.0131 
0.1211 0.0834 0.1006 0.0299 0.0358 0.1061 0.0248 0.1155 0.0474 0.0422 0.0810 0.0367 0.0553 0.0807 0.0109 0.0288 
0.1035 0.1766 0.0578 0.0206 0.0248 0.0709 0.0334 0.0626 0.1164 0.0190 0.0586 0.0206 0.0930 0.0519 0.0308 0.0594 
0.1061 0.0783 0.2214 0.0559 0.0042 0.0642 0.0073 0.0653 0.0137 0.0640 0.0617 0.0337 0.0993 0.0494 0.0125 0.0631 
0.1351 0.0664 0.0904 0.0270 0.0382 0.1905 0.1110 0.0532 0.0375 0.0271 0.0660 0.0302 0.0493 0.0586 0.0105 0.0089 
0.1260 0.0897 0.1191 0.1214 0.0070 0.0691 0.0053 0.0985 0.0016 0.0029 0.1806 0.0275 0.0723 0.0586 0.0072 0.0131 
0.0893 0.0514 0.1206 0.0955 0.0043 0.1221 0.0021 0.0473 0.0179 0.0663 0.0537 0.1602 0.1011 0.0428 0.0123 0.0129 
0.0800 0.0419 0.0173 0.1634 0.0222 0.0524 0.0073 0.0444 0.0022 0.0013 0.0909 0.0273 0.3880 0.0401 0.0072 0.0141 
0.0770 0.0906 0.0356 0.1797 0.0046 0.0359 0.0021 0.0382 0.0016 0.0003 0.0372 0.0647 0.3885 0.0348 0.0010 0.0081 
0.0557 0.0260 0.0032 0.0613 0.0046 0.1565 0.0027 0.0280 0.0067 0.0343 0.0441 0.0155 0.5293 0.0264 0.0048 0.0008 
0.0529 0.0308 0.0125 0.0155 0.0026 0.0442 0.0022 0.0310 0.0006 0.0006 0.2141 0.0158 0.5460 0.0273 0.0021 0.0018 
0.0192 0.0484 0.0003 0.0363 0.0010 0.0085 0.0019 0.0085 0.0046 0.0002 0.0099 0.2893 0.5570 0.0088 0.0035 0.0027 
0.0513 0.0252 0.0129 0.0166 0.0024 0.0297 0.0037 0.0256 0.0010 0.0019 0.0289 0.0069 0.7590 0.0273 0.0056 0.0021 
0.0508 0.0260 0.0179 0.0107 0.0003 0.0257 0.0006 0.0264 0.0002 0.0001 0.0414 0.0080 0.7568 0.0264 0.0040 0.0050 
0.0450 0.0241 0.0008 0.0403 0.0005 0.0267 0.0019 0.0222 0.0029 0.0011 0.0251 0.0356 0.7361 0.0278 0.0037 0.0062 
0.0497 0.0275 0.0046 0.0376 0.0005 0.0248 0.0018 0.0240 0.0002 0.0001 0.0267 0.0035 0.7430 0.0267 0.0131 0.0166 
0.0420 0.0249 0.0187 0.0401 0.0029 0.0206 0.0299 0.0209 0.0002 0.0001 0.0224 0.0037 0.6886 0.0447 0.0096 0.0310 
0.0663 0.0340 0.0248 0.0104 0.0073 0.0497 0.0038 0.0308 0.0003 0.0001 0.0358 0.0037 0.5951 0.0783 0.0401 0.0196 
0.1078 0.0625 0.0228 0.0133 0.0053 0.0795 0.0184 0.0569 0.0019 0.0026 0.1179 0.0131 0.2439 0.1030 0.0955 0.0557 
0.1165 0.0831 0.0375 0.0228 0.0024 0.0628 0.0035 0.0561 0.0022 0.0078 0.0776 0.0711 0.1117 0.0538 0.2372 0.0538 
0.1248 0.0722 0.0115 0.0166 0.0030 0.1417 0.0070 0.0561 0.0080 0.0093 0.0665 0.0470 0.2405 0.0594 0.0080 0.1285 
0.1321 0.0519 0.0471 0.0313 0.0072 0.0636 0.0035 0.0513 0.0010 0.0014 0.2744 0.0291 0.2437 0.0517 0.0048 0.0059 
0.0876 0.0593 0.0125 0.0102 0.0059 0.1083 0.0040 0.0449 0.0016 0.0016 0.0693 0.4347 0.1086 0.0409 0.0037 0.0069 
0.0783 0.0518 0.0086 0.0165 0.0029 0.0457 0.0046 0.0449 0.0018 0.0005 0.0764 0.0551 0.5660 0.0395 0.0018 0.0059 
0.0607 0.0300 0.0208 0.0105 0.0022 0.0423 0.0018 0.0326 0.0051 0.0027 0.0383 0.0545 0.6603 0.0315 0.0018 0.0050 
0.0540 0.0324 0.0141 0.0048 0.0032 0.0315 0.0019 0.0273 0.0026 0.0002 0.0302 0.0185 0.7347 0.0356 0.0024 0.0067 
0.0546 0.0268 0.0134 0.0142 0.0027 0.0307 0.0030 0.0289 0.0010 0.0001 0.0311 0.0144 0.7354 0.0335 0.0059 0.0043 
0.0558 0.0280 0.0105 0.0050 0.0019 0.0324 0.0026 0.0297 0.0021 0.0002 0.0283 0.0104 0.7434 0.0284 0.0089 0.0125 
0.0591 0.0295 0.0085 0.0080 0.0013 0.0291 0.0050 0.0291 0.0027 0.0008 0.0300 0.0057 0.7470 0.0286 0.0032 0.0125 
0.0572 0.0284 0.0438 0.0053 0.0014 0.0296 0.0029 0.0268 0.0034 0.0003 0.0264 0.0051 0.7281 0.0296 0.0034 0.0085 
0.0503 0.0251 0.0561 0.0126 0.0008 0.0275 0.0024 0.0249 0.0022 0.0001 0.0323 0.0032 0.7178 0.0276 0.0078 0.0094 
0.0486 0.0264 0.0361 0.0192 0.0006 0.0468 0.0040 0.0248 0.0030 0.0001 0.0291 0.0139 0.6984 0.0249 0.0059 0.0184 
0.0494 0.0300 0.0371 0.0385 0.0010 0.0278 0.0050 0.0246 0.0019 0.0001 0.0321 0.0117 0.6826 0.0244 0.0089 0.0251 
0.0524 0.0320 0.0933 0.0465 0.0018 0.0380 0.0214 0.0257 0.0019 0.0003 0.0300 0.0222 0.5486 0.0457 0.0062 0.0339 
0.0534 0.0315 0.2015 0.0308 0.0043 0.0459 0.0243 0.0230 0.0021 0.0002 0.0304 0.0128 0.4569 0.0391 0.0177 0.0262 
0.0943 0.0502 0.1632 0.0404 0.0051 0.0634 0.0554 0.0470 0.0034 0.0014 0.1040 0.0229 0.2002 0.0513 0.0235 0.0743 
0.1257 0.0652 0.0447 0.0444 0.0115 0.0855 0.1319 0.0612 0.0222 0.0075 0.0896 0.0642 0.1340 0.0863 0.0046 0.0214 
0.1492 0.1082 0.0677 0.0350 0.0056 0.1007 0.0064 0.0842 0.0276 0.0091 0.0834 0.0403 0.1154 0.0832 0.0535 0.0305 
0.0872 0.1516 0.0789 0.0525 0.0050 0.0842 0.0050 0.0525 0.0216 0.0295 0.0588 0.0358 0.0789 0.0628 0.0072 0.1886 
0.1412 0.1102 0.0813 0.0859 0.0134 0.1158 0.0359 0.0698 0.0045 0.0073 0.0982 0.0156 0.0915 0.0915 0.0177 0.0201 
0.1086 0.0800 0.2381 0.0842 0.0035 0.0957 0.0064 0.0703 0.0056 0.0010 0.0969 0.0505 0.0791 0.0588 0.0133 0.0081 
0.1011 0.0840 0.0585 0.3002 0.0104 0.0593 0.0160 0.0467 0.0105 0.0042 0.0569 0.0463 0.1312 0.0422 0.0113 0.0212 
0.0604 0.0487 0.0673 0.4923 0.0051 0.0518 0.0224 0.0327 0.0021 0.0005 0.0313 0.0283 0.0909 0.0284 0.0109 0.0270 
0.0663 0.0316 0.0332 0.0319 0.0144 0.4867 0.0104 0.0356 0.0005 0.0426 0.0602 0.0168 0.1307 0.0321 0.0021 0.0050 
0.0706 0.0401 0.0059 0.0019 0.0035 0.0744 0.0002 0.0522 0.0034 0.0096 0.4812 0.0554 0.1613 0.0339 0.0043 0.0021 
0.0430 0.0559 0.0003 0.0080 0.0002 0.0196 0.0019 0.0204 0.0089 0.0026 0.0855 0.5950 0.1332 0.0214 0.0026 0.0014 
0.0571 0.0249 0.0261 0.0006 0.0002 0.0256 0.0027 0.0246 0.0013 0.0001 0.0275 0.0580 0.7096 0.0270 0.0083 0.0066 
0.0580 0.0302 0.0121 0.0013 0.0006 0.0327 0.0016 0.0276 0.0001 0.0001 0.0366 0.0045 0.7559 0.0280 0.0046 0.0065 
0.0597 0.0430 0.0093 0.0026 0.0005 0.0267 0.0080 0.0291 0.0001 0.0001 0.0295 0.0080 0.7491 0.0286 0.0024 0.0040 
0.0586 0.0284 0.0032 0.0161 0.0003 0.0371 0.0187 0.0286 0.0001 0.0001 0.0310 0.0043 0.7301 0.0321 0.0056 0.0059 
0.0602 0.0411 0.0267 0.0058 0.0006 0.0284 0.0021 0.0286 0.0002 0.0001 0.0308 0.0024 0.7380 0.0288 0.0027 0.0038 
0.0561 0.0275 0.0021 0.0315 0.0013 0.0497 0.0008 0.0278 0.0001 0.0064 0.0302 0.0043 0.7254 0.0340 0.0016 0.0014 
0.0593 0.0570 0.0083 0.0065 0.0003 0.0339 0.0011 0.0300 0.0002 0.0001 0.0375 0.0040 0.7238 0.0305 0.0026 0.0051 
0.0612 0.0319 0.0008 0.0490 0.0010 0.0359 0.0008 0.0310 0.0008 0.0006 0.0414 0.0115 0.6912 0.0308 0.0064 0.0056 
0.0687 0.0372 0.0435 0.0021 0.0053 0.0337 0.0030 0.0356 0.0001 0.0001 0.0420 0.0104 0.6715 0.0363 0.0030 0.0078 
0.0794 0.0406 0.0131 0.0054 0.0814 0.0361 0.0321 0.0383 0.0001 0.0001 0.0501 0.0070 0.0874 0.4970 0.0016 0.0307 
0.0495 0.0228 0.0310 0.0054 0.0027 0.0327 0.0038 0.0471 0.0001 0.0005 0.0236 0.0064 0.0412 0.1042 0.6281 0.0010 
