0.0682 0.0275 0.2008 0.4032 0.0040 0.0796 0.0073 0.0272 0.0190 0.0022 0.0684 0.0212 0.0404 0.0251 0.0032 0.0027 
0.0594 0.1414 0.0836 0.4036 0.0035 0.0999 0.0045 0.0321 0.0021 0.0024 0.0585 0.0228 0.0430 0.0270 0.0014 0.0149 
0.0800 0.0342 0.0118 0.3144 0.0058 0.1286 0.0018 0.0347 0.0096 0.0011 0.2630 0.0260 0.0407 0.0334 0.0083 0.0066 
0.0746 0.0474 0.0152 0.1885 0.0136 0.0442 0.0014 0.0379 0.0026 0.0016 0.1310 0.3843 0.0174 0.0366 0.0008 0.0030 
0.0583 0.0372 0.0026 0.3181 0.0014 0.0351 0.0046 0.0353 0.0003 0.0005 0.0304 0.1470 0.2959 0.0288 0.0021 0.0024 
0.0542 0.0337 0.0123 0.0548 0.0011 0.0497 0.0037 0.0283 0.0024 0.0002 0.0294 0.0042 0.6874 0.0283 0.0075 0.0029 
0.0481 0.0776 0.0051 0.0537 0.0013 0.0284 0.0032 0.0243 0.0001 0.0001 0.0256 0.0057 0.6937 0.0233 0.0048 0.0054 
0.0522 0.0259 0.0073 0.0629 0.0006 0.0315 0.0051 0.0283 0.0005 0.0001 0.0347 0.0026 0.7112 0.0251 0.0051 0.0072 
0.0540 0.0299 0.0260 0.0053 0.0029 0.1139 0.0005 0.0268 0.0027 0.0001 0.0321 0.0201 0.6500 0.0252 0.0029 0.0077 
0.0623 0.0425 0.0045 0.0058 0.0257 0.0305 0.0107 0.0308 0.0005 0.0019 0.0636 0.0125 0.6693 0.0318 0.0021 0.0056 
0.0551 0.0260 0.0094 0.0038 0.0006 0.0403 0.0011 0.0553 0.0002 0.0005 0.0329 0.0332 0.6948 0.0297 0.0139 0.0030 
0.0462 0.0353 0.0088 0.0013 0.0024 0.0403 0.0014 0.0224 0.0359 0.0010 0.0425 0.0133 0.6948 0.0232 0.0024 0.0289 
0.0545 0.0417 0.0019 0.0032 0.0013 0.0259 0.0040 0.0278 0.0002 0.0002 0.0380 0.0308 0.7230 0.0312 0.0105 0.0059 
0.0543 0.0291 0.0396 0.0032 0.0008 0.0370 0.0168 0.0284 0.0013 0.0001 0.0295 0.0519 0.6592 0.0278 0.0131 0.0081 
0.0759 0.0390 0.0181 0.0115 0.0002 0.0367 0.0022 0.0329 0.0032 0.0001 0.0374 0.0030 0.6796 0.0339 0.0042 0.0225 
0.0770 0.0331 0.0371 0.0147 0.0001 0.0353 0.0048 0.0321 0.0006 0.0005 0.0364 0.0085 0.6445 0.0601 0.0062 0.0091 
0.0706 0.0867 0.0460 0.0280 0.0011 0.0335 0.0054 0.0335 0.0002 0.0001 0.0331 0.0040 0.5917 0.0339 0.0236 0.0088 
0.0427 0.0224 0.0244 0.2435 0.0001 0.0228 0.0021 0.0214 0.0008 0.0001 0.0244 0.0003 0.5393 0.0212 0.0056 0.0292 
0.0632 0.0311 0.0522 0.0412 0.0022 0.1597 0.0011 0.0303 0.0002 0.0001 0.0383 0.0064 0.5380 0.0324 0.0010 0.0027 
0.0837 0.0648 0.0018 0.0474 0.0134 0.0578 0.0014 0.0462 0.0001 0.0001 0.0530 0.0188 0.5597 0.0404 0.0089 0.0029 
0.0829 0.0486 0.0016 0.0174 0.0149 0.0661 0.0147 0.0486 0.0010 0.0002 0.0759 0.0198 0.5414 0.0411 0.0027 0.0233 
0.0733 0.0415 0.0257 0.0043 0.0032 0.0414 0.0030 0.0446 0.0010 0.0008 0.0850 0.0827 0.5507 0.0358 0.0003 0.0067 
0.0422 0.0339 0.0035 0.0001 0.0027 0.0737 0.0026 0.0217 0.0064 0.0035 0.0238 0.1096 0.6523 0.0198 0.0016 0.0027 
0.0442 0.0276 0.0014 0.0002 0.0050 0.0252 0.0046 0.0319 0.0010 0.0002 0.0960 0.0174 0.7123 0.0236 0.0043 0.0050 
0.0436 0.0243 0.0046 0.0002 0.0021 0.0230 0.0203 0.0222 0.0045 0.0001 0.0287 0.0930 0.6887 0.0287 0.0097 0.0064 
0.0510 0.0243 0.0035 0.0003 0.0005 0.0244 0.0011 0.0257 0.0011 0.0070 0.0310 0.0411 0.7363 0.0240 0.0042 0.0244 
0.0508 0.0248 0.0059 0.0001 0.0008 0.0345 0.0042 0.0259 0.0051 0.0005 0.0264 0.0256 0.7427 0.0235 0.0070 0.0227 
0.0498 0.0283 0.0059 0.0003 0.0002 0.0232 0.0043 0.0241 0.0014 0.0001 0.0556 0.0099 0.7481 0.0268 0.0048 0.0174 
0.0564 0.0244 0.0166 0.0001 0.0006 0.0360 0.0040 0.0235 0.0006 0.0001 0.0259 0.0308 0.7448 0.0265 0.0027 0.0072 
0.0521 0.0329 0.0228 0.0002 0.0008 0.0243 0.0046 0.0275 0.0005 0.0001 0.0348 0.0046 0.7533 0.0262 0.0053 0.0102 
0.0650 0.0335 0.0078 0.0014 0.0075 0.0316 0.0720 0.0347 0.0019 0.0001 0.0319 0.0153 0.0637 0.5957 0.0099 0.0280 
0.0474 0.0385 0.0329 0.0014 0.0013 0.0214 0.0056 0.0296 0.0003 0.0001 0.0220 0.0037 0.0473 0.0235 0.7104 0.0149 
0.0577 0.0326 0.0241 0.0062 0.0018 0.0232 0.0107 0.0230 0.0094 0.0169 0.0248 0.0014 0.0738 0.0238 0.0128 0.6578 
0.4536 0.0465 0.1533 0.0222 0.0013 0.0438 0.0029 0.0439 0.0016 0.0005 0.0628 0.0054 0.1057 0.0433 0.0035 0.0097 
0.1016 0.0554 0.0433 0.0077 0.0053 0.5351 0.0027 0.0498 0.0019 0.0019 0.0495 0.0353 0.0530 0.0479 0.0038 0.0056 
0.0757 0.0387 0.0016 0.0149 0.0093 0.0498 0.0001 0.0462 0.0011 0.0005 0.5884 0.0048 0.1249 0.0383 0.0024 0.0034 
0.0366 0.0538 0.0054 0.0061 0.0011 0.0155 0.0019 0.0204 0.0077 0.0001 0.0230 0.6818 0.1235 0.0182 0.0030 0.0021 
0.0486 0.0235 0.0029 0.0652 0.0011 0.0344 0.0026 0.0232 0.0078 0.0001 0.0260 0.0094 0.7031 0.0257 0.0045 0.0220 
0.0423 0.0315 0.1406 0.0032 0.0021 0.0292 0.0022 0.0214 0.0005 0.0001 0.0212 0.0054 0.6647 0.0227 0.0045 0.0086 
0.0778 0.0463 0.0102 0.0388 0.0315 0.0382 0.0762 0.0395 0.0002 0.0002 0.0391 0.0027 0.5210 0.0706 0.0040 0.0037 
0.0872 0.0538 0.0105 0.0813 0.0027 0.0422 0.0026 0.0623 0.0014 0.0001 0.0435 0.0029 0.5037 0.0423 0.0550 0.0088 
0.1093 0.0514 0.0185 0.1018 0.0288 0.0514 0.0181 0.0558 0.0157 0.0375 0.0606 0.0058 0.1412 0.2376 0.0073 0.0593 
0.1502 0.0746 0.0805 0.0473 0.0048 0.0738 0.0050 0.0744 0.0038 0.0001 0.0629 0.0198 0.0738 0.0645 0.2561 0.0086 
0.0835 0.0388 0.1618 0.0449 0.0177 0.0854 0.0059 0.0404 0.0121 0.0533 0.0514 0.0040 0.1431 0.0375 0.0149 0.2052 
0.1771 0.1061 0.0944 0.1744 0.0032 0.0676 0.0018 0.0597 0.0053 0.0001 0.0883 0.0327 0.0802 0.0564 0.0035 0.0494 
0.1048 0.0506 0.0412 0.0481 0.0053 0.3722 0.0077 0.0510 0.0026 0.0050 0.0663 0.1000 0.0851 0.0503 0.0072 0.0027 
0.0915 0.1741 0.0302 0.0463 0.0072 0.0490 0.0016 0.0511 0.0014 0.0001 0.2770 0.0316 0.1610 0.0452 0.0149 0.0177 
0.0819 0.0612 0.0024 0.1103 0.0624 0.0476 0.1375 0.0433 0.0043 0.0014 0.0409 0.2193 0.0348 0.1356 0.0101 0.0070 
0.0685 0.0422 0.2538 0.0327 0.0070 0.0393 0.0011 0.0514 0.0043 0.0005 0.0350 0.0070 0.0514 0.0335 0.3556 0.0165 
0.1029 0.0548 0.0275 0.0182 0.0064 0.1686 0.0045 0.0566 0.0292 0.0915 0.0578 0.0163 0.0689 0.0494 0.0056 0.2419 
0.3551 0.1388 0.0182 0.0276 0.0065 0.0609 0.0040 0.0620 0.0043 0.0011 0.1388 0.0101 0.0930 0.0559 0.0062 0.0174 
0.1605 0.1315 0.0639 0.0149 0.0054 0.1578 0.0051 0.0688 0.0037 0.0024 0.0749 0.1478 0.0657 0.0743 0.0086 0.0147 
0.1347 0.0741 0.0716 0.0158 0.0113 0.0868 0.0048 0.0666 0.0064 0.0014 0.2568 0.0157 0.1684 0.0646 0.0102 0.0107 
0.1062 0.1243 0.1157 0.0198 0.0024 0.0660 0.0091 0.0548 0.0067 0.0001 0.0561 0.2631 0.1019 0.0540 0.0086 0.0113 
0.1241 0.0604 0.0682 0.0439 0.0037 0.1603 0.0524 0.0589 0.0040 0.0086 0.0762 0.0104 0.2039 0.0612 0.0279 0.0359 
0.0882 0.1629 0.2519 0.0656 0.0053 0.0412 0.0085 0.0446 0.0030 0.0001 0.0671 0.0230 0.1402 0.0422 0.0185 0.0379 
0.0706 0.0315 0.0359 0.0575 0.4095 0.0393 0.1608 0.0319 0.0011 0.0006 0.0332 0.0192 0.0529 0.0452 0.0043 0.0064 
0.0978 0.0684 0.1123 0.0842 0.0032 0.0473 0.0021 0.3681 0.0010 0.0014 0.0596 0.0136 0.0760 0.0460 0.0115 0.0077 
0.0594 0.0554 0.0113 0.0748 0.2034 0.0380 0.0554 0.0326 0.2357 0.0637 0.0348 0.0145 0.0521 0.0521 0.0099 0.0067 
0.2178 0.0709 0.0244 0.0943 0.0050 0.1003 0.0089 0.2198 0.0021 0.0008 0.0780 0.0185 0.0604 0.0620 0.0174 0.0193 
0.0789 0.0666 0.0315 0.0093 0.1733 0.0912 0.0714 0.0367 0.0968 0.1089 0.0522 0.0144 0.0418 0.1008 0.0080 0.0182 
0.1227 0.0800 0.0045 0.1735 0.1024 0.0525 0.0952 0.1139 0.0091 0.0008 0.0664 0.0578 0.0324 0.0541 0.0280 0.0067 
0.0612 0.0331 0.1710 0.1167 0.0027 0.0489 0.0034 0.1185 0.0527 0.1782 0.0406 0.0192 0.0414 0.0329 0.0064 0.0733 
0.1307 0.0545 0.0460 0.0535 0.0040 0.0810 0.0030 0.0546 0.0818 0.2425 0.0770 0.0220 0.0704 0.0518 0.0073 0.0198 
0.1802 0.1945 0.0067 0.0425 0.0136 0.0960 0.0035 0.0775 0.0024 0.0035 0.1092 0.0712 0.1056 0.0743 0.0129 0.0064 
0.1072 0.1687 0.1743 0.1376 0.0013 0.0519 0.0112 0.0594 0.0072 0.0006 0.0756 0.0214 0.0772 0.0524 0.0131 0.0409 
0.1403 0.0689 0.1345 0.1211 0.0021 0.1773 0.0117 0.0674 0.0067 0.0024 0.0703 0.0387 0.0615 0.0679 0.0121 0.0171 
0.0904 0.0447 0.1264 0.0042 0.0101 0.3008 0.0051 0.0444 0.0006 0.0014 0.1885 0.0142 0.1005 0.0447 0.0176 0.0062 
0.0888 0.0679 0.0061 0.0286 0.0021 0.0471 0.0019 0.0494 0.0014 0.0019 0.2197 0.2825 0.1465 0.0428 0.0019 0.0113 
0.0597 0.0422 0.0003 0.0029 0.0014 0.1252 0.0038 0.0278 0.0067 0.0043 0.0332 0.2735 0.3840 0.0268 0.0072 0.0008 
0.0342 0.0179 0.0022 0.0008 0.0019 0.0205 0.0030 0.0169 0.0013 0.0001 0.2560 0.0094 0.6111 0.0157 0.0064 0.0029 
0.0147 0.0311 0.0034 0.0029 0.0003 0.0051 0.0021 0.0072 0.0013 0.0001 0.0075 0.4338 0.4766 0.0067 0.0013 0.0062 
0.0569 0.0268 0.0042 0.0062 0.0005 0.0307 0.0016 0.0275 0.0038 0.0016 0.0335 0.0046 0.7653 0.0284 0.0045 0.0038 
0.0498 0.0669 0.0121 0.0011 0.0006 0.0264 0.0069 0.0251 0.0001 0.0001 0.0262 0.0053 0.7413 0.0270 0.0037 0.0077 
0.0529 0.0316 0.0129 0.0356 0.0005 0.0244 0.0016 0.0254 0.0006 0.0001 0.0271 0.0024 0.7399 0.0256 0.0121 0.0075 
0.0542 0.0257 0.0208 0.0313 0.0040 0.0374 0.0152 0.0273 0.0006 0.0001 0.0283 0.0022 0.7027 0.0336 0.0073 0.0096 
0.0545 0.0575 0.0152 0.0176 0.0016 0.0401 0.0042 0.0281 0.0002 0.0001 0.0280 0.0056 0.6954 0.0275 0.0088 0.0161 
0.0521 0.0331 0.0064 0.0320 0.0010 0.0417 0.0050 0.0259 0.0024 0.0099 0.0481 0.0043 0.6915 0.0270 0.0035 0.0161 
0.0628 0.0735 0.0197 0.0112 0.0048 0.0377 0.0019 0.0313 0.0010 0.0026 0.0495 0.0229 0.6112 0.0329 0.0235 0.0136 
0.0650 0.0433 0.0128 0.0356 0.0166 0.0353 0.0549 0.0356 0.0043 0.0002 0.0466 0.0196 0.0209 0.5732 0.0064 0.0295 
0.0431 0.0211 0.0500 0.0319 0.0024 0.0195 0.0024 0.0299 0.0010 0.0003 0.0323 0.0149 0.0091 0.0219 0.7061 0.0142 
0.0471 0.0353 0.0610 0.0364 0.0006 0.0254 0.0021 0.0224 0.0211 0.0101 0.0206 0.0165 0.0128 0.0211 0.0059 0.6616 
0.4610 0.0473 0.0217 0.2032 0.0024 0.0540 0.0040 0.0444 0.0029 0.0002 0.0586 0.0022 0.0457 0.0446 0.0024 0.0054 
0.1018 0.0722 0.3933 0.0534 0.0034 0.1720 0.0030 0.0503 0.0008 0.0013 0.0553 0.0115 0.0203 0.0513 0.0035 0.0067 
0.0503 0.0246 0.0048 0.4648 0.0049 0.0664 0.0006 0.0283 0.0005 0.0001 0.2773 0.0109 0.0388 0.0243 0.0030 0.0005 
0.0732 0.0466 0.0101 0.1291 0.0077 0.0369 0.0019 0.0409 0.0019 0.0002 0.0514 0.5087 0.0521 0.0351 0.0026 0.0018 
0.0495 0.0251 0.0002 0.1129 0.0067 0.1185 0.0019 0.0273 0.0019 0.0005 0.0279 0.0236 0.5693 0.0243 0.0042 0.0062 
0.0435 0.0756 0.0125 0.0029 0.0046 0.0689 0.0034 0.0225 0.0013 0.0001 0.0288 0.0085 0.6969 0.0209 0.0045 0.0056 
0.0516 0.0803 0.0053 0.0267 0.0003 0.0224 0.0032 0.0256 0.0035 0.0001 0.0263 0.0096 0.7129 0.0233 0.0006 0.0085 
0.0478 0.0211 0.1425 0.0152 0.0005 0.0313 0.0064 0.0208 0.0045 0.0003 0.0216 0.0088 0.6486 0.0219 0.0048 0.0042 
0.0457 0.0394 0.1277 0.0136 0.0016 0.0259 0.0026 0.0230 0.0001 0.0001 0.0305 0.0040 0.6444 0.0246 0.0053 0.0120 
0.0712 0.0521 0.0241 0.1292 0.0014 0.0343 0.0011 0.0404 0.0001 0.0001 0.0345 0.0102 0.5460 0.0339 0.0067 0.0149 
0.1119 0.0596 0.0633 0.0767 0.0380 0.0698 0.0089 0.0585 0.0053 0.0001 0.0594 0.0024 0.3001 0.1047 0.0094 0.0321 
0.1088 0.0593 0.1626 0.0703 0.0128 0.0548 0.0035 0.0695 0.0001 0.0002 0.0575 0.0065 0.2992 0.0524 0.0227 0.0201 
0.0931 0.0503 0.0123 0.0139 0.0075 0.3316 0.0091 0.0573 0.0133 0.0089 0.0556 0.0196 0.2289 0.0462 0.0021 0.0503 
0.1561 0.1543 0.0534 0.0300 0.0097 0.0570 0.0200 0.0661 0.0219 0.0008 0.1586 0.0268 0.1323 0.0591 0.0034 0.0505 
0.1123 0.0709 0.0457 0.0965 0.0107 0.1029 0.0634 0.0625 0.0334 0.0002 0.0487 0.1573 0.0626 0.0561 0.0361 0.0407 
0.1638 0.0431 0.1337 0.0182 0.0198 0.0812 0.0409 0.0743 0.1115 0.0034 0.0546 0.0053 0.0529 0.0687 0.0110 0.1176 
