0.1035 0.0393 0.1312 0.3433 0.0040 0.0717 0.0032 0.0393 0.0153 0.0409 0.0712 0.0149 0.0495 0.0388 0.0045 0.0294 
0.0912 0.0738 0.1185 0.4045 0.0022 0.0506 0.0050 0.0463 0.0050 0.0002 0.0586 0.0198 0.0649 0.0411 0.0050 0.0134 
0.1051 0.0513 0.0034 0.1081 0.0147 0.4062 0.0117 0.0505 0.0051 0.0018 0.0677 0.0272 0.0843 0.0551 0.0051 0.0029 
0.0931 0.0642 0.0070 0.0669 0.0125 0.0631 0.0010 0.0532 0.0021 0.0018 0.4697 0.0094 0.1043 0.0431 0.0034 0.0053 
0.0489 0.0628 0.0059 0.0296 0.0019 0.0554 0.0045 0.0273 0.0042 0.0022 0.0275 0.6268 0.0716 0.0236 0.0053 0.0026 
0.0527 0.0267 0.0217 0.0026 0.0064 0.0452 0.0046 0.0275 0.0035 0.0013 0.0871 0.0165 0.6514 0.0268 0.0181 0.0080 
0.0399 0.0324 0.0121 0.0032 0.0018 0.0220 0.0013 0.0252 0.0006 0.0001 0.0425 0.1198 0.6547 0.0190 0.0018 0.0238 
0.0604 0.0308 0.0034 0.0062 0.0006 0.0278 0.0032 0.0241 0.0061 0.0005 0.0256 0.0417 0.7384 0.0241 0.0011 0.0061 
0.0539 0.0267 0.0245 0.0027 0.0011 0.0312 0.0037 0.0259 0.0010 0.0001 0.0265 0.0097 0.7516 0.0312 0.0051 0.0053 
0.0523 0.0411 0.0035 0.0050 0.0029 0.0385 0.0038 0.0265 0.0003 0.0001 0.0280 0.0080 0.7477 0.0265 0.0105 0.0056 
0.0500 0.0701 0.0067 0.0139 0.0006 0.0227 0.0013 0.0267 0.0024 0.0002 0.0283 0.0069 0.7189 0.0318 0.0030 0.0166 
0.0861 0.0359 0.0457 0.0495 0.0006 0.0351 0.0048 0.0339 0.0038 0.0001 0.0339 0.0051 0.5716 0.0551 0.0172 0.0217 
0.0479 0.0259 0.3570 0.0331 0.0035 0.0236 0.0043 0.0246 0.0002 0.0001 0.0287 0.0029 0.3771 0.0265 0.0227 0.0222 
0.1080 0.0564 0.0379 0.0791 0.1634 0.0618 0.0567 0.0562 0.0002 0.0003 0.0537 0.0064 0.1700 0.1248 0.0110 0.0142 
0.1187 0.1024 0.0179 0.2238 0.0021 0.0610 0.0019 0.1260 0.0008 0.0001 0.0593 0.0056 0.1233 0.0575 0.0637 0.0361 
0.1137 0.0557 0.0394 0.2798 0.0051 0.0549 0.0011 0.0505 0.0996 0.0484 0.0616 0.0048 0.0589 0.0495 0.0069 0.0699 
0.2030 0.0714 0.0495 0.0542 0.0051 0.3030 0.0029 0.0805 0.0008 0.0010 0.0765 0.0184 0.0474 0.0685 0.0149 0.0029 
0.1148 0.0738 0.0104 0.0465 0.0220 0.1873 0.0027 0.0589 0.0021 0.0014 0.3537 0.0139 0.0402 0.0596 0.0011 0.0115 
0.0794 0.0622 0.0038 0.0433 0.0038 0.0498 0.0016 0.0455 0.0019 0.0026 0.1689 0.4445 0.0486 0.0372 0.0019 0.0050 
0.0586 0.0385 0.0174 0.0181 0.0027 0.0380 0.0019 0.0302 0.0046 0.0019 0.0404 0.1465 0.5414 0.0294 0.0037 0.0267 
0.0537 0.0264 0.0396 0.0121 0.0022 0.0355 0.0042 0.0267 0.0034 0.0006 0.0355 0.0185 0.6999 0.0256 0.0054 0.0107 
0.0633 0.0425 0.0915 0.0198 0.0021 0.0356 0.0034 0.0297 0.0011 0.0002 0.0353 0.0233 0.6103 0.0296 0.0027 0.0096 
0.0542 0.0885 0.0144 0.1492 0.0008 0.0291 0.0024 0.0259 0.0042 0.0001 0.0251 0.0161 0.5530 0.0288 0.0034 0.0051 
0.0695 0.0399 0.0495 0.3267 0.0010 0.0435 0.0051 0.0335 0.0040 0.0003 0.0347 0.0010 0.2927 0.0375 0.0158 0.0454 
0.0890 0.0623 0.1997 0.2409 0.0042 0.0486 0.0083 0.0444 0.0013 0.0001 0.0454 0.0056 0.1783 0.0454 0.0145 0.0125 
0.0789 0.0407 0.0289 0.3354 0.0107 0.0537 0.0073 0.0446 0.0005 0.0005 0.0476 0.0113 0.2822 0.0411 0.0089 0.0077 
0.0989 0.0914 0.0069 0.3853 0.0080 0.0856 0.0040 0.0583 0.0062 0.0001 0.0644 0.0072 0.0644 0.0744 0.0085 0.0366 
0.0858 0.0538 0.0671 0.5355 0.0022 0.0324 0.0107 0.0331 0.0297 0.0003 0.0369 0.0158 0.0276 0.0313 0.0129 0.0248 
0.0470 0.0262 0.3356 0.0412 0.0113 0.3671 0.0313 0.0254 0.0029 0.0050 0.0252 0.0117 0.0276 0.0251 0.0066 0.0109 
0.1056 0.1335 0.0826 0.0425 0.0067 0.1529 0.0005 0.0716 0.0029 0.0046 0.3046 0.0088 0.0244 0.0492 0.0034 0.0062 
0.0583 0.0657 0.0018 0.0115 0.0066 0.2469 0.0032 0.0281 0.0169 0.0086 0.1505 0.3400 0.0201 0.0288 0.0104 0.0026 
0.0674 0.0470 0.0273 0.0061 0.0050 0.0363 0.0032 0.0393 0.0016 0.0006 0.4546 0.2222 0.0449 0.0326 0.0014 0.0107 
0.0724 0.0615 0.0096 0.0045 0.0022 0.0708 0.0051 0.0260 0.0062 0.0002 0.0307 0.5254 0.1385 0.0254 0.0069 0.0147 
0.0497 0.0280 0.0625 0.0131 0.0016 0.0267 0.0096 0.0276 0.0014 0.0002 0.0580 0.0069 0.6743 0.0254 0.0064 0.0088 
0.0569 0.0318 0.0294 0.0067 0.0086 0.0471 0.0081 0.0294 0.0003 0.0006 0.0300 0.0358 0.6681 0.0289 0.0073 0.0109 
0.0632 0.0345 0.0043 0.0067 0.0094 0.0347 0.0094 0.0350 0.0010 0.0018 0.0414 0.0097 0.6282 0.1127 0.0043 0.0037 
0.0645 0.0347 0.0196 0.0058 0.0010 0.0342 0.0008 0.0358 0.0053 0.0022 0.0447 0.0144 0.6446 0.0369 0.0465 0.0091 
0.0564 0.0294 0.0089 0.0077 0.0029 0.0287 0.0038 0.0280 0.0051 0.0107 0.0300 0.0187 0.6598 0.0292 0.0078 0.0728 
0.0886 0.0331 0.0359 0.0118 0.0024 0.0308 0.0016 0.0323 0.0005 0.0001 0.0355 0.0126 0.6739 0.0318 0.0040 0.0054 
0.0963 0.0478 0.0526 0.0500 0.0018 0.0460 0.0038 0.0463 0.0073 0.0003 0.0466 0.0073 0.5190 0.0465 0.0069 0.0214 
0.0687 0.0380 0.0236 0.0862 0.0042 0.0487 0.0054 0.0348 0.0005 0.0001 0.0343 0.0040 0.6076 0.0358 0.0037 0.0046 
0.0577 0.0353 0.0313 0.0673 0.0010 0.0283 0.0014 0.0318 0.0011 0.0001 0.0324 0.0024 0.6761 0.0278 0.0013 0.0048 
0.0390 0.0193 0.0018 0.1789 0.0016 0.0244 0.0030 0.0195 0.0054 0.0002 0.0190 0.0093 0.6411 0.0187 0.0065 0.0123 
0.0473 0.0364 0.0383 0.0339 0.0037 0.0518 0.0073 0.0249 0.0005 0.0001 0.0256 0.0069 0.6603 0.0248 0.0121 0.0264 
0.0641 0.0511 0.0284 0.0808 0.0024 0.0380 0.0019 0.0327 0.0005 0.0001 0.0323 0.0075 0.6141 0.0283 0.0051 0.0128 
0.0652 0.0522 0.0332 0.0482 0.0029 0.0572 0.0083 0.0363 0.0034 0.0005 0.0390 0.0099 0.5963 0.0310 0.0045 0.0120 
0.1146 0.0938 0.1010 0.1102 0.0014 0.0588 0.0078 0.0575 0.0110 0.0001 0.0660 0.0102 0.1133 0.0564 0.0166 0.1815 
0.0828 0.0572 0.3744 0.1769 0.0027 0.0486 0.0161 0.0444 0.0024 0.0008 0.0475 0.0283 0.0475 0.0476 0.0075 0.0153 
0.0938 0.0518 0.0583 0.0058 0.0240 0.4843 0.0038 0.0462 0.0010 0.0018 0.0585 0.0128 0.0931 0.0455 0.0109 0.0086 
0.0815 0.0518 0.0236 0.0288 0.0019 0.0564 0.0022 0.0506 0.0024 0.0008 0.5755 0.0233 0.0276 0.0382 0.0029 0.0324 
0.0572 0.0767 0.0216 0.0161 0.0021 0.0335 0.0032 0.0265 0.0272 0.0022 0.0299 0.6361 0.0264 0.0273 0.0026 0.0115 
0.0604 0.0344 0.0417 0.0153 0.0030 0.0792 0.0032 0.0248 0.0022 0.0002 0.0280 0.0141 0.6573 0.0230 0.0066 0.0067 
0.0781 0.0553 0.0129 0.0131 0.0050 0.0491 0.0053 0.0364 0.0011 0.0030 0.1357 0.0158 0.5364 0.0396 0.0030 0.0101 
0.0468 0.0259 0.0078 0.0195 0.0013 0.0375 0.0010 0.0251 0.0011 0.0008 0.0321 0.3023 0.4689 0.0267 0.0018 0.0014 
0.0505 0.0310 0.0091 0.0062 0.0029 0.0449 0.0013 0.0254 0.0073 0.0005 0.0315 0.0310 0.7274 0.0256 0.0024 0.0032 
0.0540 0.0288 0.0018 0.0168 0.0008 0.0262 0.0018 0.0284 0.0006 0.0001 0.0423 0.0101 0.7489 0.0291 0.0059 0.0048 
0.0502 0.0252 0.0379 0.0059 0.0010 0.0235 0.0056 0.0244 0.0006 0.0001 0.0243 0.0324 0.7363 0.0249 0.0056 0.0024 
0.0574 0.0264 0.0086 0.0137 0.0018 0.0353 0.0008 0.0272 0.0008 0.0001 0.0283 0.0014 0.7592 0.0260 0.0035 0.0097 
0.0534 0.0278 0.0030 0.0075 0.0022 0.0468 0.0067 0.0291 0.0006 0.0002 0.0313 0.0026 0.7374 0.0398 0.0018 0.0099 
0.0532 0.0494 0.0059 0.0045 0.0008 0.0288 0.0040 0.0254 0.0005 0.0001 0.0256 0.0088 0.7308 0.0268 0.0288 0.0069 
0.0500 0.0310 0.0061 0.0145 0.0008 0.0233 0.0022 0.0240 0.0040 0.0010 0.0295 0.0035 0.7325 0.0256 0.0059 0.0462 
0.0596 0.0265 0.0447 0.0182 0.0010 0.0259 0.0037 0.0275 0.0013 0.0001 0.0286 0.0085 0.7014 0.0286 0.0061 0.0187 
0.0530 0.0254 0.0872 0.0118 0.0019 0.0342 0.0030 0.0249 0.0011 0.0001 0.0265 0.0073 0.6706 0.0270 0.0096 0.0165 
0.0625 0.0427 0.0350 0.0304 0.0029 0.0621 0.0035 0.0319 0.0005 0.0001 0.0350 0.0062 0.6307 0.0305 0.0129 0.0134 
0.1122 0.1138 0.0572 0.1858 0.0005 0.0529 0.0206 0.0514 0.0042 0.0001 0.0532 0.0125 0.1211 0.0558 0.0064 0.1526 
0.0931 0.0441 0.1677 0.0565 0.0034 0.1804 0.0254 0.0417 0.0016 0.0026 0.0473 0.0117 0.2489 0.0436 0.0240 0.0081 
0.0843 0.0498 0.1597 0.0816 0.0045 0.0534 0.0030 0.0490 0.0003 0.0003 0.4032 0.0117 0.0367 0.0422 0.0069 0.0133 
0.0524 0.0615 0.0062 0.2848 0.0121 0.0208 0.0069 0.0318 0.0104 0.0002 0.0256 0.3797 0.0492 0.0379 0.0125 0.0081 
0.0951 0.0438 0.0703 0.1625 0.0173 0.1238 0.0518 0.0510 0.0240 0.0008 0.0478 0.0184 0.1016 0.0652 0.0403 0.0866 
0.1454 0.0764 0.0732 0.0505 0.0403 0.0872 0.0240 0.0786 0.0762 0.0013 0.0716 0.0073 0.0596 0.1122 0.0105 0.0858 
