0.0654 0.0169 0.4097 0.3538 0.0058 0.0222 0.0123 0.0129 0.0240 0.0003 0.0246 0.0059 0.0280 0.0125 0.0018 0.0040 
0.0510 0.0438 0.1053 0.6325 0.0083 0.0273 0.0014 0.0276 0.0019 0.0005 0.0311 0.0059 0.0339 0.0225 0.0016 0.0054 
0.0521 0.0342 0.0045 0.7167 0.0121 0.0281 0.0040 0.0259 0.0201 0.0003 0.0383 0.0043 0.0276 0.0248 0.0043 0.0026 
0.0526 0.0326 0.0150 0.6841 0.0040 0.0534 0.0027 0.0300 0.0144 0.0014 0.0364 0.0081 0.0304 0.0252 0.0016 0.0080 
0.1030 0.0597 0.0157 0.2191 0.0307 0.3269 0.0010 0.0537 0.0073 0.0053 0.0741 0.0163 0.0275 0.0502 0.0059 0.0037 
0.0569 0.4575 0.0324 0.2291 0.0038 0.0304 0.0010 0.0388 0.0169 0.0014 0.0412 0.0275 0.0153 0.0265 0.0013 0.0200 
0.1133 0.0636 0.0165 0.0597 0.0273 0.3888 0.0110 0.0580 0.0284 0.0059 0.0688 0.0492 0.0415 0.0580 0.0053 0.0046 
0.0735 0.0759 0.2462 0.0131 0.0086 0.0388 0.0011 0.0498 0.0056 0.0005 0.4025 0.0147 0.0300 0.0284 0.0027 0.0085 
0.0796 0.1244 0.0073 0.0463 0.0056 0.1243 0.0058 0.0379 0.0235 0.0032 0.0420 0.4243 0.0152 0.0375 0.0131 0.0101 
0.1099 0.0545 0.1724 0.0254 0.0026 0.0543 0.0019 0.0586 0.0081 0.0008 0.2364 0.0139 0.1768 0.0540 0.0131 0.0173 
0.1131 0.0729 0.0168 0.0123 0.0034 0.1897 0.0030 0.0537 0.0125 0.0024 0.0582 0.3049 0.0665 0.0516 0.0089 0.0302 
0.1056 0.0709 0.0558 0.0136 0.0027 0.0580 0.0072 0.0478 0.0022 0.0005 0.1374 0.0050 0.4046 0.0447 0.0089 0.0351 
0.0762 0.0602 0.2802 0.0468 0.0018 0.0377 0.0096 0.0364 0.0026 0.0003 0.0377 0.1138 0.2323 0.0371 0.0008 0.0265 
0.0931 0.0425 0.0332 0.0283 0.0024 0.0709 0.0035 0.0438 0.0008 0.0014 0.0431 0.0097 0.5795 0.0426 0.0029 0.0022 
0.1002 0.0588 0.1098 0.0746 0.0005 0.0479 0.0010 0.0532 0.0024 0.0001 0.1334 0.0021 0.3545 0.0518 0.0016 0.0085 
0.0933 0.0446 0.0133 0.3589 0.0011 0.0446 0.0016 0.0409 0.0072 0.0001 0.0407 0.1200 0.1871 0.0427 0.0021 0.0021 
0.0517 0.0259 0.0343 0.1811 0.0043 0.0262 0.0005 0.0240 0.0002 0.0001 0.0236 0.0002 0.5803 0.0244 0.0158 0.0075 
0.0526 0.0283 0.0069 0.2998 0.0026 0.0371 0.0006 0.0288 0.0003 0.0001 0.0292 0.0014 0.4722 0.0272 0.0038 0.0094 
0.0773 0.0649 0.0046 0.2029 0.0013 0.0401 0.0030 0.0387 0.0054 0.0001 0.0399 0.0043 0.4719 0.0382 0.0040 0.0035 
0.0759 0.0409 0.0083 0.2500 0.0014 0.0444 0.0091 0.0367 0.0010 0.0001 0.0379 0.0019 0.4432 0.0374 0.0073 0.0046 
0.0805 0.0482 0.0265 0.0848 0.0010 0.0486 0.0094 0.0401 0.0003 0.0001 0.0414 0.0040 0.5644 0.0396 0.0061 0.0053 
0.0687 0.0342 0.0342 0.1958 0.0011 0.0378 0.0010 0.0340 0.0003 0.0001 0.0466 0.0059 0.4941 0.0348 0.0059 0.0056 
0.0754 0.0388 0.0066 0.2093 0.0008 0.0399 0.0018 0.0372 0.0011 0.0001 0.0422 0.0121 0.4889 0.0364 0.0061 0.0035 
0.0515 0.0265 0.0038 0.2017 0.0016 0.0345 0.0021 0.0251 0.0013 0.0001 0.0283 0.0070 0.5743 0.0248 0.0051 0.0126 
0.0778 0.0569 0.0197 0.0363 0.0137 0.0701 0.0003 0.0395 0.0002 0.0001 0.0417 0.0062 0.5913 0.0375 0.0046 0.0043 
0.0658 0.0454 0.0029 0.0251 0.0105 0.1007 0.0018 0.0364 0.0005 0.0006 0.0626 0.0086 0.5918 0.0387 0.0021 0.0066 
0.0733 0.0586 0.0019 0.0415 0.0013 0.0511 0.0030 0.0441 0.0037 0.0002 0.0767 0.0489 0.5308 0.0361 0.0244 0.0043 
0.0767 0.0470 0.0062 0.0066 0.0037 0.0529 0.0030 0.0401 0.0061 0.0013 0.0629 0.1051 0.5205 0.0372 0.0109 0.0198 
0.0813 0.0518 0.0404 0.0013 0.0193 0.0436 0.0022 0.0443 0.0011 0.0001 0.0495 0.0252 0.5702 0.0422 0.0110 0.0166 
0.0966 0.0660 0.0204 0.0018 0.0730 0.0508 0.2391 0.0553 0.0006 0.0002 0.0500 0.0137 0.0946 0.2147 0.0077 0.0155 
0.0682 0.0420 0.1278 0.0054 0.0003 0.0310 0.0048 0.0867 0.0043 0.0002 0.0323 0.0030 0.0463 0.0430 0.4667 0.0380 
0.0585 0.0246 0.2569 0.0083 0.0005 0.0337 0.0037 0.0238 0.1091 0.0326 0.0387 0.0064 0.0409 0.0246 0.0086 0.3292 
0.3935 0.1492 0.0672 0.0198 0.0062 0.0604 0.0083 0.0605 0.0011 0.0003 0.0625 0.0249 0.0217 0.0631 0.0089 0.0522 
0.0388 0.0278 0.5232 0.2623 0.0059 0.0195 0.0147 0.0176 0.0002 0.0001 0.0211 0.0053 0.0216 0.0171 0.0075 0.0176 
0.0276 0.0149 0.3383 0.5139 0.0029 0.0165 0.0027 0.0168 0.0018 0.0001 0.0153 0.0032 0.0182 0.0105 0.0081 0.0093 
0.0498 0.0276 0.0363 0.7178 0.0048 0.0481 0.0061 0.0246 0.0070 0.0008 0.0278 0.0080 0.0134 0.0227 0.0019 0.0032 
0.0707 0.0457 0.0010 0.1821 0.0134 0.5303 0.0013 0.0402 0.0003 0.0022 0.0535 0.0072 0.0110 0.0343 0.0051 0.0016 
0.0776 0.0746 0.0083 0.0300 0.0043 0.0807 0.0008 0.0463 0.0069 0.0016 0.5654 0.0348 0.0227 0.0374 0.0006 0.0080 
0.0489 0.0417 0.0048 0.0065 0.0030 0.0359 0.0006 0.0246 0.0093 0.0016 0.0597 0.6646 0.0698 0.0230 0.0046 0.0013 
0.0776 0.0401 0.0474 0.0208 0.0008 0.0379 0.0064 0.0374 0.0043 0.0001 0.0714 0.0315 0.5554 0.0377 0.0067 0.0248 
0.0805 0.0372 0.0575 0.0118 0.0008 0.0417 0.0019 0.0342 0.0010 0.0001 0.0377 0.0425 0.6007 0.0351 0.0064 0.0110 
0.0556 0.0284 0.0334 0.0080 0.0014 0.0328 0.0024 0.0276 0.0001 0.0001 0.0353 0.0026 0.7391 0.0268 0.0054 0.0013 
0.0513 0.0525 0.0003 0.0190 0.0080 0.0339 0.0080 0.0280 0.0002 0.0001 0.0273 0.0089 0.7211 0.0291 0.0061 0.0065 
0.0622 0.0351 0.0013 0.0104 0.0048 0.0459 0.0042 0.0304 0.0005 0.0001 0.0328 0.0045 0.7262 0.0296 0.0056 0.0070 
0.0566 0.0388 0.0636 0.0048 0.0006 0.0249 0.0018 0.0289 0.0013 0.0083 0.0305 0.0083 0.6881 0.0262 0.0006 0.0166 
0.0551 0.0278 0.0280 0.0187 0.0003 0.0355 0.0024 0.0272 0.0024 0.0032 0.0268 0.0059 0.7142 0.0361 0.0113 0.0051 
0.0583 0.0321 0.0120 0.0166 0.0008 0.0361 0.0014 0.0286 0.0003 0.0001 0.0412 0.0016 0.7240 0.0299 0.0115 0.0057 
0.0454 0.0244 0.0088 0.1361 0.0003 0.0197 0.0013 0.0224 0.0001 0.0001 0.0243 0.0149 0.6687 0.0243 0.0037 0.0059 
0.0385 0.0184 0.0112 0.2992 0.0003 0.0195 0.0021 0.0174 0.0005 0.0001 0.0171 0.0040 0.5406 0.0188 0.0051 0.0075 
0.0578 0.0284 0.0439 0.1401 0.0008 0.0538 0.0016 0.0280 0.0005 0.0001 0.0342 0.0011 0.5660 0.0297 0.0040 0.0102 
0.0425 0.0730 0.0040 0.3191 0.0027 0.0236 0.0016 0.0212 0.0001 0.0002 0.0241 0.0051 0.4552 0.0212 0.0026 0.0038 
0.0503 0.0262 0.0014 0.2319 0.1121 0.0613 0.0134 0.0305 0.0005 0.0001 0.0262 0.0091 0.0609 0.3690 0.0045 0.0027 
0.0696 0.1592 0.0303 0.0976 0.0050 0.0425 0.0053 0.0508 0.0081 0.0001 0.0340 0.0046 0.0272 0.0353 0.4170 0.0136 
0.0252 0.0118 0.0050 0.2599 0.0113 0.0212 0.0069 0.0166 0.0053 0.2262 0.0230 0.0104 0.0295 0.0113 0.0002 0.3362 
0.2270 0.0751 0.3091 0.0149 0.0086 0.1506 0.0026 0.0513 0.0123 0.0019 0.0540 0.0152 0.0157 0.0450 0.0075 0.0093 
0.0862 0.2027 0.1327 0.2193 0.0040 0.0700 0.0059 0.0506 0.0193 0.0005 0.1081 0.0204 0.0188 0.0441 0.0048 0.0125 
0.0859 0.0522 0.0294 0.0160 0.0045 0.5309 0.0032 0.0415 0.0228 0.0022 0.0417 0.1003 0.0209 0.0358 0.0080 0.0046 
0.0877 0.0597 0.0262 0.0152 0.0030 0.0500 0.0011 0.0407 0.0035 0.0005 0.5441 0.0155 0.0877 0.0439 0.0048 0.0163 
0.0529 0.1013 0.0653 0.0204 0.0043 0.0251 0.0225 0.0222 0.0228 0.0006 0.0318 0.5538 0.0241 0.0281 0.0158 0.0088 
0.0804 0.0503 0.3064 0.0716 0.0034 0.0510 0.0262 0.0475 0.0014 0.0005 0.0444 0.0109 0.1222 0.0614 0.0462 0.0764 
0.0658 0.0474 0.4796 0.0971 0.0099 0.0476 0.0192 0.0318 0.0128 0.0011 0.0396 0.0042 0.0367 0.0308 0.0187 0.0578 
0.1042 0.0540 0.0347 0.0581 0.1898 0.1193 0.1834 0.0447 0.0022 0.0201 0.0653 0.0096 0.0455 0.0521 0.0046 0.0123 
0.0717 0.0380 0.0361 0.0514 0.0056 0.1177 0.0018 0.3240 0.0013 0.0054 0.2185 0.0347 0.0462 0.0358 0.0099 0.0019 
0.0566 0.1144 0.0053 0.0829 0.0029 0.0380 0.0018 0.0323 0.2023 0.0273 0.0559 0.2591 0.0762 0.0267 0.0054 0.0129 
0.2036 0.0658 0.0273 0.0647 0.0029 0.1060 0.0027 0.0679 0.0034 0.0006 0.0775 0.0602 0.2309 0.0639 0.0067 0.0160 
0.0962 0.0925 0.1773 0.0134 0.0121 0.0629 0.0067 0.0487 0.0013 0.0006 0.0749 0.0125 0.3380 0.0455 0.0027 0.0147 
0.0942 0.1029 0.0115 0.0046 0.0034 0.3717 0.0013 0.0583 0.0016 0.0013 0.0502 0.0550 0.1850 0.0481 0.0037 0.0073 
0.1072 0.0588 0.0564 0.0024 0.0018 0.0481 0.0018 0.0537 0.0222 0.0008 0.4103 0.0133 0.1027 0.0711 0.0219 0.0279 
0.0815 0.0522 0.1577 0.0073 0.0018 0.0332 0.0077 0.0343 0.0053 0.0001 0.0391 0.4433 0.0423 0.0395 0.0347 0.0203 
0.0721 0.0347 0.1764 0.0145 0.0014 0.0331 0.0062 0.0316 0.0014 0.0001 0.0359 0.0066 0.4125 0.0345 0.0238 0.1152 
0.0889 0.0465 0.2177 0.0204 0.0013 0.0401 0.0409 0.0430 0.0042 0.0001 0.0441 0.0053 0.1262 0.0418 0.0166 0.2633 
0.0602 0.0353 0.4942 0.1259 0.0045 0.0407 0.0804 0.0324 0.0002 0.0006 0.0337 0.0042 0.0235 0.0332 0.0085 0.0225 
0.1048 0.0473 0.2445 0.0307 0.0046 0.3063 0.0018 0.0588 0.0008 0.0026 0.0736 0.0046 0.0519 0.0481 0.0136 0.0062 
0.0890 0.1649 0.0166 0.0634 0.0040 0.0847 0.0035 0.0462 0.0102 0.0011 0.3649 0.0465 0.0289 0.0449 0.0014 0.0299 
0.0955 0.0597 0.0070 0.1292 0.0075 0.0807 0.0016 0.0470 0.0155 0.0002 0.0703 0.3915 0.0324 0.0476 0.0102 0.0042 
0.0941 0.0663 0.2075 0.0514 0.0037 0.0623 0.0056 0.0503 0.0021 0.0003 0.0705 0.0270 0.2675 0.0439 0.0059 0.0415 
0.1270 0.1126 0.0660 0.1505 0.0026 0.0800 0.0030 0.0663 0.0050 0.0010 0.0666 0.0473 0.1850 0.0637 0.0014 0.0219 
0.1067 0.0593 0.0120 0.0254 0.0104 0.2120 0.0042 0.0513 0.0061 0.0021 0.0641 0.0093 0.3670 0.0543 0.0115 0.0045 
0.1214 0.0807 0.0192 0.0188 0.0358 0.0688 0.0086 0.0641 0.0011 0.0005 0.2848 0.0257 0.1760 0.0810 0.0053 0.0081 
0.0738 0.0331 0.0059 0.0359 0.0014 0.0350 0.0014 0.0490 0.0018 0.0008 0.0383 0.2720 0.3949 0.0316 0.0211 0.0040 
0.0477 0.0235 0.0115 0.0168 0.0011 0.0252 0.0016 0.0259 0.0263 0.0091 0.0284 0.0133 0.7271 0.0238 0.0010 0.0177 
0.0678 0.0264 0.0011 0.0166 0.0027 0.0310 0.0008 0.0265 0.0011 0.0003 0.0276 0.0085 0.7541 0.0302 0.0029 0.0024 
0.0535 0.0281 0.0065 0.0137 0.0008 0.0326 0.0011 0.0273 0.0013 0.0001 0.0350 0.0062 0.7609 0.0283 0.0024 0.0022 
0.0550 0.0281 0.0024 0.0136 0.0018 0.0347 0.0005 0.0280 0.0021 0.0001 0.0286 0.0150 0.7568 0.0286 0.0019 0.0032 
0.0581 0.0291 0.0046 0.0073 0.0006 0.0385 0.0016 0.0300 0.0001 0.0001 0.0327 0.0024 0.7581 0.0296 0.0035 0.0038 
0.0572 0.0364 0.0050 0.0013 0.0010 0.0348 0.0018 0.0289 0.0001 0.0001 0.0307 0.0104 0.7581 0.0287 0.0029 0.0032 
0.0553 0.0284 0.0120 0.0078 0.0026 0.0283 0.0010 0.0278 0.0003 0.0001 0.0343 0.0030 0.7626 0.0273 0.0037 0.0058 
0.0575 0.0287 0.0059 0.0093 0.0011 0.0256 0.0078 0.0287 0.0005 0.0001 0.0281 0.0141 0.7512 0.0284 0.0024 0.0109 
0.0553 0.0273 0.0136 0.0083 0.0019 0.0312 0.0101 0.0270 0.0054 0.0001 0.0297 0.0043 0.7502 0.0268 0.0042 0.0048 
0.0570 0.0292 0.0091 0.0078 0.0016 0.0279 0.0008 0.0324 0.0003 0.0021 0.0592 0.0026 0.7347 0.0307 0.0006 0.0038 
0.0642 0.0363 0.0026 0.0078 0.0089 0.0336 0.0030 0.0332 0.0075 0.0005 0.0310 0.0406 0.6499 0.0385 0.0101 0.0323 
0.0995 0.0529 0.0187 0.0034 0.0187 0.0663 0.0939 0.0530 0.0032 0.0002 0.0588 0.0056 0.0783 0.4203 0.0153 0.0120 
0.0829 0.0821 0.0268 0.0080 0.0021 0.0377 0.0030 0.0665 0.0006 0.0008 0.0452 0.0094 0.1243 0.0398 0.4570 0.0137 
0.0680 0.0327 0.0166 0.0109 0.0008 0.0395 0.0027 0.0303 0.0693 0.0125 0.0361 0.0118 0.0511 0.0337 0.0040 0.5799 
0.4990 0.0601 0.0589 0.0168 0.0016 0.0545 0.0075 0.0548 0.0056 0.0001 0.0701 0.0053 0.0522 0.0615 0.0211 0.0312 
0.0925 0.0486 0.1565 0.0152 0.0046 0.4556 0.0048 0.0484 0.0001 0.0005 0.0489 0.0173 0.0436 0.0454 0.0069 0.0113 
0.1024 0.0550 0.0123 0.0241 0.0062 0.0799 0.0005 0.0538 0.0014 0.0014 0.5414 0.0046 0.0529 0.0494 0.0050 0.0097 
0.0473 0.0259 0.0024 0.0475 0.0008 0.0249 0.0013 0.0246 0.0022 0.0006 0.1724 0.6024 0.0206 0.0235 0.0010 0.0026 
0.0698 0.0370 0.0198 0.0096 0.0026 0.0375 0.0008 0.0339 0.0035 0.0001 0.0406 0.1300 0.5661 0.0375 0.0035 0.0078 
0.0693 0.0324 0.0297 0.0323 0.0013 0.0350 0.0019 0.0337 0.0006 0.0005 0.0340 0.0077 0.6755 0.0329 0.0024 0.0107 
0.0591 0.0455 0.0107 0.0259 0.0016 0.0284 0.0030 0.0296 0.0006 0.0001 0.0302 0.0037 0.7096 0.0315 0.0101 0.0107 
0.0473 0.0214 0.0027 0.1056 0.0021 0.0636 0.0024 0.0232 0.0001 0.0001 0.0222 0.0093 0.6731 0.0220 0.0038 0.0014 
0.0593 0.0332 0.0027 0.0102 0.0019 0.0572 0.0019 0.0342 0.0040 0.0001 0.0342 0.0019 0.7244 0.0291 0.0037 0.0022 
0.0556 0.0292 0.0002 0.0235 0.0005 0.0331 0.0034 0.0286 0.0049 0.0006 0.0412 0.0086 0.7281 0.0300 0.0043 0.0083 
0.0566 0.0465 0.0209 0.0011 0.0022 0.0403 0.0019 0.0249 0.0001 0.0002 0.0270 0.0134 0.7283 0.0248 0.0056 0.0062 
0.0479 0.0361 0.0188 0.0010 0.0008 0.0284 0.0056 0.0265 0.0014 0.0001 0.0327 0.0128 0.7425 0.0243 0.0053 0.0160 
0.0586 0.0267 0.0075 0.0022 0.0006 0.0260 0.0050 0.0264 0.0027 0.0001 0.0343 0.0115 0.7029 0.0256 0.0053 0.0648 
0.0506 0.0238 0.0494 0.0018 0.0022 0.0295 0.0042 0.0219 0.0038 0.0002 0.0230 0.0244 0.7074 0.0225 0.0109 0.0244 
0.0522 0.0577 0.0316 0.0043 0.0013 0.0246 0.0035 0.0264 0.0003 0.0001 0.0316 0.0026 0.7119 0.0257 0.0035 0.0230 
0.0770 0.0407 0.0652 0.0270 0.0005 0.0597 0.0113 0.0380 0.0042 0.0003 0.0361 0.0174 0.5138 0.0447 0.0168 0.0473 
0.0974 0.0498 0.1631 0.0508 0.0018 0.0519 0.0061 0.0466 0.0010 0.0001 0.0760 0.0029 0.3631 0.0486 0.0165 0.0246 
0.0797 0.0492 0.0880 0.2226 0.0040 0.0393 0.0197 0.0505 0.0005 0.0003 0.0465 0.0522 0.2842 0.0399 0.0110 0.0123 
0.0867 0.0681 0.0094 0.3240 0.0101 0.0626 0.0238 0.0486 0.0246 0.0001 0.0406 0.0157 0.1527 0.0548 0.0145 0.0641 
0.1353 0.0542 0.0324 0.1869 0.0308 0.1550 0.0195 0.0687 0.0599 0.0013 0.0663 0.0021 0.0620 0.0786 0.0171 0.0300 
