0.0971 0.0430 0.2249 0.3128 0.0014 0.0561 0.0077 0.0380 0.0126 0.0008 0.0863 0.0268 0.0415 0.0375 0.0045 0.0089 
0.0622 0.0660 0.1815 0.4724 0.0022 0.0475 0.0048 0.0286 0.0030 0.0003 0.0409 0.0267 0.0299 0.0273 0.0022 0.0045 
0.0633 0.0462 0.0705 0.6584 0.0046 0.0256 0.0011 0.0272 0.0019 0.0001 0.0404 0.0075 0.0150 0.0304 0.0037 0.0043 
0.0545 0.0337 0.0260 0.6670 0.0070 0.0712 0.0011 0.0270 0.0043 0.0001 0.0295 0.0038 0.0366 0.0267 0.0080 0.0035 
0.0462 0.0508 0.0113 0.6852 0.0042 0.0220 0.0038 0.0291 0.0027 0.0001 0.0331 0.0062 0.0177 0.0224 0.0081 0.0573 
0.0438 0.0236 0.0692 0.7081 0.0040 0.0219 0.0319 0.0201 0.0056 0.0001 0.0208 0.0125 0.0058 0.0208 0.0048 0.0072 
0.0657 0.0321 0.0622 0.1797 0.0871 0.4314 0.0045 0.0318 0.0019 0.0030 0.0358 0.0046 0.0173 0.0320 0.0078 0.0032 
0.0768 0.1665 0.0126 0.2011 0.0610 0.0534 0.0037 0.1046 0.0038 0.0024 0.2225 0.0133 0.0307 0.0411 0.0014 0.0051 
0.1015 0.0634 0.0019 0.0665 0.0367 0.2639 0.0086 0.0781 0.0522 0.0136 0.0598 0.1301 0.0481 0.0513 0.0228 0.0014 
0.1099 0.0581 0.0452 0.0254 0.0065 0.0543 0.0018 0.0842 0.0347 0.0112 0.2952 0.0150 0.0928 0.0484 0.0125 0.1048 
0.1515 0.2948 0.0328 0.0224 0.0034 0.0604 0.0089 0.0409 0.0912 0.0008 0.0447 0.1487 0.0141 0.0415 0.0157 0.0283 
0.1000 0.0503 0.4736 0.0711 0.0021 0.0700 0.0057 0.0342 0.0030 0.0001 0.0409 0.0096 0.0714 0.0337 0.0065 0.0280 
0.0647 0.0526 0.5479 0.1118 0.0062 0.0439 0.0115 0.0280 0.0013 0.0003 0.0403 0.0069 0.0299 0.0268 0.0061 0.0219 
0.0785 0.0366 0.1264 0.3832 0.0630 0.0534 0.0866 0.0388 0.0011 0.0008 0.0435 0.0113 0.0229 0.0452 0.0056 0.0032 
0.1113 0.1097 0.0463 0.0757 0.0069 0.3442 0.0027 0.0915 0.0016 0.0016 0.0554 0.0117 0.0558 0.0548 0.0264 0.0043 
0.0955 0.0449 0.0067 0.1190 0.0089 0.0469 0.0011 0.0473 0.0179 0.0872 0.3633 0.0046 0.0522 0.0450 0.0117 0.0477 
0.0882 0.0442 0.0640 0.0418 0.0018 0.0422 0.0014 0.0340 0.0152 0.0001 0.0538 0.4865 0.0845 0.0337 0.0032 0.0054 
0.0696 0.0319 0.0195 0.0485 0.0027 0.0414 0.0021 0.0318 0.0021 0.0021 0.0380 0.0548 0.6148 0.0310 0.0043 0.0054 
0.0615 0.0329 0.0203 0.0665 0.0014 0.0324 0.0002 0.0320 0.0002 0.0001 0.0382 0.0073 0.6690 0.0318 0.0013 0.0053 
0.0522 0.0281 0.0029 0.1051 0.0014 0.0267 0.0032 0.0256 0.0018 0.0001 0.0251 0.0161 0.6834 0.0249 0.0029 0.0008 
0.0407 0.0225 0.0021 0.1402 0.0032 0.0240 0.0003 0.0214 0.0003 0.0002 0.0240 0.0011 0.6957 0.0198 0.0026 0.0019 
0.0410 0.0259 0.0013 0.1366 0.0014 0.0204 0.0006 0.0212 0.0005 0.0001 0.0212 0.0086 0.6962 0.0220 0.0006 0.0024 
0.0498 0.0236 0.0061 0.0599 0.0008 0.0391 0.0006 0.0241 0.0008 0.0001 0.0259 0.0061 0.7317 0.0246 0.0054 0.0013 
0.0554 0.0375 0.0062 0.0227 0.0008 0.0283 0.0008 0.0276 0.0006 0.0001 0.0324 0.0014 0.7526 0.0275 0.0024 0.0038 
0.0457 0.0246 0.0006 0.0874 0.0011 0.0227 0.0011 0.0222 0.0008 0.0001 0.0243 0.0089 0.7247 0.0232 0.0054 0.0073 
0.0519 0.0262 0.0268 0.0160 0.0026 0.0276 0.0016 0.0246 0.0001 0.0001 0.0264 0.0045 0.7540 0.0260 0.0035 0.0086 
0.0473 0.0249 0.0070 0.0521 0.0019 0.0289 0.0069 0.0256 0.0006 0.0001 0.0297 0.0093 0.7200 0.0340 0.0040 0.0078 
0.0545 0.0283 0.0019 0.0553 0.0048 0.0244 0.0040 0.0272 0.0021 0.0001 0.0292 0.0144 0.6686 0.0278 0.0438 0.0139 
0.0497 0.0252 0.0131 0.0391 0.0021 0.0262 0.0144 0.0273 0.0051 0.0003 0.0286 0.0080 0.5097 0.0244 0.0157 0.2110 
0.1342 0.0596 0.1004 0.0398 0.0043 0.0690 0.0681 0.0570 0.0101 0.0016 0.0574 0.0075 0.2362 0.0968 0.0126 0.0454 
0.0762 0.0511 0.1615 0.0088 0.0038 0.1629 0.0091 0.0396 0.0046 0.0003 0.0312 0.0067 0.3486 0.0329 0.0545 0.0081 
0.0997 0.0534 0.0379 0.0209 0.0054 0.0813 0.0029 0.0526 0.0323 0.0097 0.3015 0.0080 0.1350 0.0476 0.0027 0.1091 
0.1080 0.3506 0.0834 0.0463 0.0046 0.0553 0.0019 0.0508 0.0070 0.0002 0.0562 0.1270 0.0169 0.0553 0.0110 0.0256 
0.0649 0.0401 0.5308 0.0583 0.0050 0.0799 0.0075 0.0331 0.0042 0.0003 0.0372 0.0217 0.0538 0.0318 0.0129 0.0185 
0.1037 0.1101 0.3490 0.0572 0.0062 0.1626 0.0065 0.0460 0.0029 0.0005 0.0505 0.0113 0.0307 0.0406 0.0040 0.0182 
0.0880 0.0965 0.0112 0.5010 0.0024 0.0518 0.0093 0.0471 0.0053 0.0001 0.0848 0.0144 0.0283 0.0446 0.0110 0.0046 
0.0776 0.0430 0.1338 0.4411 0.0164 0.0441 0.0137 0.0398 0.0037 0.0008 0.0533 0.0505 0.0370 0.0367 0.0050 0.0035 
0.0482 0.0350 0.0093 0.3433 0.3188 0.0436 0.0141 0.0249 0.0022 0.0003 0.0252 0.0069 0.0385 0.0746 0.0054 0.0096 
0.0636 0.0431 0.0601 0.2085 0.2970 0.0447 0.0316 0.0700 0.0034 0.0053 0.0404 0.0075 0.0337 0.0671 0.0161 0.0078 
0.1005 0.0789 0.0355 0.1206 0.0275 0.0821 0.0152 0.2260 0.0184 0.0979 0.0518 0.0069 0.0371 0.0500 0.0326 0.0192 
0.0822 0.0538 0.0067 0.2932 0.0040 0.0546 0.0059 0.0505 0.1404 0.0990 0.0830 0.0078 0.0404 0.0385 0.0019 0.0380 
0.3244 0.0869 0.0141 0.2200 0.0102 0.0556 0.0059 0.0534 0.0235 0.0040 0.0642 0.0476 0.0158 0.0583 0.0115 0.0046 
0.0687 0.0406 0.3490 0.2484 0.0048 0.0971 0.0034 0.0387 0.0042 0.0003 0.0423 0.0214 0.0240 0.0327 0.0176 0.0069 
0.1043 0.1083 0.1409 0.2101 0.0053 0.1866 0.0029 0.0420 0.0096 0.0010 0.0506 0.0086 0.0102 0.0388 0.0104 0.0704 
0.0624 0.0342 0.2549 0.4535 0.0057 0.0300 0.0016 0.0275 0.0030 0.0011 0.0714 0.0115 0.0102 0.0240 0.0022 0.0067 
0.0778 0.0428 0.0185 0.0656 0.0085 0.5416 0.0013 0.0436 0.0005 0.0048 0.0431 0.1049 0.0056 0.0369 0.0027 0.0018 
0.0781 0.0430 0.0088 0.1088 0.0030 0.0607 0.0026 0.0423 0.0056 0.0003 0.5694 0.0125 0.0208 0.0382 0.0024 0.0037 
0.0535 0.0470 0.0034 0.0768 0.0038 0.0291 0.0061 0.0260 0.0042 0.0002 0.0399 0.6671 0.0128 0.0259 0.0006 0.0037 
0.0622 0.0340 0.0133 0.0262 0.0059 0.0376 0.0050 0.0304 0.0016 0.0005 0.0294 0.0201 0.6769 0.0281 0.0134 0.0155 
0.0427 0.0257 0.0516 0.0371 0.0037 0.0260 0.0107 0.0278 0.0016 0.0002 0.0318 0.0051 0.6790 0.0224 0.0066 0.0281 
0.0572 0.0305 0.0454 0.0356 0.0026 0.0264 0.0086 0.0257 0.0038 0.0003 0.0294 0.0149 0.6834 0.0252 0.0032 0.0078 
0.0811 0.0549 0.0160 0.0297 0.0088 0.0522 0.0078 0.0391 0.0091 0.0003 0.0466 0.0109 0.5426 0.0546 0.0046 0.0415 
0.0707 0.0353 0.1028 0.0289 0.0043 0.0477 0.0043 0.0367 0.0011 0.0006 0.0450 0.0107 0.5399 0.0399 0.0209 0.0109 
0.0779 0.0787 0.0580 0.0414 0.0021 0.0508 0.0021 0.0444 0.0034 0.0045 0.0446 0.0142 0.5054 0.0414 0.0050 0.0263 
0.0893 0.1603 0.0144 0.1316 0.0029 0.0632 0.0038 0.0398 0.0176 0.0016 0.0426 0.0077 0.3561 0.0410 0.0065 0.0216 
0.0868 0.0578 0.1149 0.1484 0.0026 0.0530 0.0022 0.0479 0.0019 0.0001 0.0759 0.0053 0.3333 0.0497 0.0064 0.0141 
0.0844 0.0427 0.1235 0.1457 0.0027 0.0580 0.0080 0.0441 0.0002 0.0001 0.0460 0.0721 0.3253 0.0396 0.0045 0.0034 
0.0660 0.0347 0.0050 0.3144 0.0008 0.0596 0.0056 0.0343 0.0013 0.0001 0.0420 0.0045 0.3951 0.0319 0.0018 0.0034 
0.0637 0.0315 0.0065 0.1764 0.0024 0.0736 0.0032 0.0310 0.0010 0.0002 0.0441 0.0105 0.5220 0.0305 0.0026 0.0008 
0.0687 0.0538 0.0072 0.0800 0.0027 0.0348 0.0008 0.0364 0.0001 0.0001 0.0438 0.0088 0.6276 0.0334 0.0010 0.0013 
0.0438 0.0227 0.0027 0.0722 0.0013 0.0738 0.0005 0.0256 0.0032 0.0001 0.0228 0.0169 0.6872 0.0227 0.0024 0.0022 
0.0572 0.0522 0.0040 0.0152 0.0016 0.0409 0.0010 0.0281 0.0011 0.0001 0.0342 0.0042 0.7204 0.0281 0.0029 0.0091 
0.0522 0.0460 0.0073 0.0149 0.0013 0.0363 0.0062 0.0254 0.0011 0.0002 0.0311 0.0168 0.7112 0.0260 0.0097 0.0142 
0.0570 0.0340 0.0369 0.0182 0.0019 0.0286 0.0075 0.0276 0.0006 0.0001 0.0398 0.0067 0.6705 0.0300 0.0107 0.0300 
0.0705 0.0369 0.1489 0.0384 0.0021 0.0344 0.0045 0.0352 0.0064 0.0001 0.0353 0.0184 0.3476 0.0384 0.0097 0.1737 
0.0692 0.0323 0.4388 0.0302 0.0141 0.0385 0.0280 0.0321 0.0010 0.0005 0.0307 0.0069 0.2267 0.0321 0.0123 0.0067 
0.0981 0.0652 0.0468 0.0107 0.0121 0.4710 0.0153 0.0602 0.0010 0.0021 0.0527 0.0072 0.0810 0.0537 0.0058 0.0171 
0.0939 0.0586 0.0097 0.0121 0.0021 0.0559 0.0032 0.0517 0.0145 0.0057 0.5591 0.0113 0.0339 0.0513 0.0284 0.0085 
0.0586 0.1222 0.0104 0.0131 0.0021 0.0332 0.0018 0.0278 0.0083 0.0024 0.0655 0.5649 0.0350 0.0286 0.0016 0.0246 
0.1204 0.0572 0.1060 0.0289 0.0021 0.0565 0.0022 0.0535 0.0050 0.0002 0.0628 0.0551 0.3676 0.0537 0.0121 0.0168 
0.0705 0.0433 0.1561 0.0141 0.0029 0.0738 0.0069 0.0350 0.0022 0.0001 0.0377 0.0099 0.4978 0.0371 0.0067 0.0062 
0.0937 0.1324 0.0208 0.0800 0.0013 0.0476 0.0022 0.0454 0.0002 0.0001 0.0433 0.0089 0.4713 0.0442 0.0038 0.0050 
0.0628 0.0356 0.0102 0.4105 0.0005 0.0284 0.0024 0.0292 0.0078 0.0001 0.0318 0.0016 0.3388 0.0297 0.0045 0.0062 
0.0740 0.0374 0.1281 0.1615 0.0013 0.0428 0.0058 0.0361 0.0002 0.0001 0.0371 0.0040 0.4225 0.0377 0.0062 0.0056 
0.0631 0.0345 0.0264 0.2207 0.0029 0.0527 0.0024 0.0327 0.0001 0.0001 0.0377 0.0026 0.4790 0.0308 0.0094 0.0054 
0.0772 0.0679 0.0048 0.2130 0.0115 0.0754 0.0022 0.0390 0.0003 0.0001 0.0451 0.0059 0.4111 0.0388 0.0008 0.0070 
0.0948 0.0741 0.0166 0.1970 0.0019 0.0564 0.0005 0.0516 0.0003 0.0003 0.0518 0.0152 0.3899 0.0460 0.0019 0.0016 
0.0861 0.0524 0.0319 0.0946 0.0030 0.0730 0.0059 0.0471 0.0150 0.0005 0.0482 0.0166 0.4554 0.0423 0.0174 0.0105 
0.0892 0.0730 0.0222 0.0823 0.0117 0.0575 0.0137 0.0443 0.0026 0.0001 0.0594 0.0118 0.4440 0.0452 0.0096 0.0336 
0.0887 0.0556 0.1337 0.0308 0.0294 0.0596 0.0152 0.0476 0.0010 0.0002 0.0498 0.0334 0.3565 0.0514 0.0081 0.0390 
0.1016 0.0725 0.2153 0.0648 0.0024 0.0490 0.0037 0.0621 0.0040 0.0005 0.0541 0.0145 0.2171 0.0540 0.0342 0.0502 
0.0773 0.0340 0.0251 0.0072 0.0064 0.3444 0.0430 0.0374 0.0206 0.0173 0.0363 0.0361 0.2510 0.0379 0.0035 0.0227 
0.0893 0.0748 0.0147 0.0096 0.0093 0.0527 0.0117 0.0463 0.0016 0.0043 0.5287 0.0064 0.0882 0.0513 0.0046 0.0066 
0.0508 0.2524 0.0460 0.0272 0.0022 0.0380 0.0101 0.0257 0.0070 0.0040 0.0308 0.3979 0.0201 0.0254 0.0438 0.0185 
0.0877 0.0415 0.3039 0.0772 0.0048 0.0452 0.0096 0.0425 0.0022 0.0042 0.0551 0.0212 0.1593 0.0399 0.0200 0.0856 
0.1247 0.0618 0.1744 0.0644 0.0157 0.1207 0.0664 0.0621 0.0019 0.0008 0.0664 0.0404 0.1046 0.0599 0.0093 0.0264 
0.1214 0.0961 0.0142 0.2138 0.0073 0.1095 0.0024 0.0674 0.0050 0.0021 0.0913 0.0121 0.1766 0.0572 0.0072 0.0163 
0.0698 0.0877 0.0278 0.3619 0.0072 0.0434 0.0035 0.0387 0.0230 0.0236 0.0447 0.0433 0.1806 0.0348 0.0048 0.0051 
0.1146 0.0729 0.0590 0.2667 0.0067 0.1023 0.0062 0.0575 0.0058 0.0010 0.0527 0.0163 0.1647 0.0497 0.0118 0.0123 
0.0820 0.0489 0.3360 0.1110 0.0064 0.0661 0.0174 0.0462 0.0054 0.0005 0.0647 0.0070 0.1432 0.0431 0.0059 0.0161 
0.1407 0.1147 0.0422 0.0529 0.0305 0.2096 0.0045 0.0672 0.0037 0.0032 0.0682 0.0755 0.0904 0.0704 0.0136 0.0128 
0.1177 0.0775 0.0113 0.0085 0.0481 0.1756 0.0128 0.0685 0.0026 0.0077 0.2610 0.0168 0.0871 0.0756 0.0134 0.0160 
0.0938 0.0604 0.0521 0.0072 0.0056 0.0497 0.0019 0.0591 0.0105 0.0101 0.3806 0.1147 0.0642 0.0500 0.0281 0.0121 
0.1183 0.1031 0.0216 0.0131 0.0065 0.0897 0.0067 0.0592 0.0169 0.0094 0.0596 0.2448 0.1210 0.0597 0.0233 0.0469 
0.1005 0.0353 0.0356 0.0185 0.0026 0.0490 0.0050 0.0393 0.0013 0.0050 0.0891 0.0139 0.5238 0.0367 0.0069 0.0375 
0.0944 0.0761 0.0585 0.0141 0.0054 0.0518 0.0054 0.0420 0.0070 0.0008 0.0570 0.0845 0.4398 0.0454 0.0061 0.0117 
0.0514 0.0241 0.0283 0.1177 0.0022 0.0339 0.0046 0.0272 0.0003 0.0014 0.0347 0.0409 0.6027 0.0244 0.0018 0.0043 
0.0514 0.0264 0.0791 0.0494 0.0013 0.0526 0.0056 0.0264 0.0035 0.0001 0.0281 0.0129 0.6318 0.0254 0.0019 0.0045 
0.0460 0.0222 0.0080 0.0495 0.0013 0.0604 0.0040 0.0228 0.0014 0.0003 0.0471 0.0104 0.6976 0.0219 0.0048 0.0022 
0.0602 0.0423 0.0094 0.0391 0.0018 0.0286 0.0014 0.0286 0.0003 0.0002 0.0403 0.0220 0.6911 0.0281 0.0006 0.0059 
0.0457 0.0236 0.0040 0.0952 0.0014 0.0211 0.0006 0.0219 0.0006 0.0001 0.0228 0.0216 0.7109 0.0259 0.0022 0.0024 
0.0484 0.0257 0.0387 0.0227 0.0042 0.0340 0.0046 0.0248 0.0013 0.0001 0.0244 0.0026 0.7304 0.0302 0.0061 0.0022 
0.0460 0.0276 0.0046 0.1123 0.0026 0.0228 0.0027 0.0236 0.0005 0.0001 0.0246 0.0019 0.6880 0.0227 0.0126 0.0075 
0.0458 0.0220 0.0011 0.0815 0.0032 0.0371 0.0008 0.0227 0.0032 0.0043 0.0235 0.0054 0.7078 0.0220 0.0030 0.0165 
0.0498 0.0289 0.0081 0.0312 0.0078 0.0302 0.0035 0.0262 0.0013 0.0001 0.0260 0.0043 0.7176 0.0267 0.0086 0.0297 
0.0591 0.0328 0.0133 0.0308 0.0080 0.0511 0.0235 0.0297 0.0016 0.0001 0.0347 0.0091 0.6579 0.0344 0.0038 0.0104 
0.0709 0.0599 0.0113 0.0209 0.0019 0.0364 0.0035 0.0457 0.0019 0.0018 0.0356 0.0121 0.6519 0.0335 0.0104 0.0021 
0.0915 0.0789 0.0096 0.0775 0.0008 0.0526 0.0032 0.0473 0.0244 0.0005 0.0463 0.0065 0.2583 0.0490 0.0243 0.2292 
0.1803 0.0672 0.2143 0.0556 0.0024 0.0725 0.0161 0.0620 0.0018 0.0003 0.0767 0.0030 0.1460 0.0647 0.0064 0.0307 
0.0888 0.0671 0.4925 0.0422 0.0021 0.0518 0.0016 0.0454 0.0005 0.0001 0.0463 0.0102 0.0835 0.0474 0.0081 0.0125 
0.0970 0.0484 0.0382 0.3856 0.0040 0.0864 0.0046 0.0492 0.0010 0.0001 0.0765 0.0088 0.1425 0.0474 0.0058 0.0046 
0.1358 0.0802 0.0304 0.3411 0.0040 0.0733 0.0040 0.0724 0.0024 0.0001 0.0749 0.0184 0.0778 0.0655 0.0051 0.0149 
0.1029 0.0510 0.0066 0.1369 0.0073 0.2799 0.0035 0.0519 0.0032 0.0006 0.0588 0.0216 0.2192 0.0492 0.0045 0.0029 
0.0960 0.0917 0.0109 0.0137 0.0268 0.0792 0.0043 0.0508 0.0013 0.0003 0.1918 0.0102 0.3639 0.0481 0.0018 0.0093 
0.0411 0.0254 0.0021 0.0494 0.0021 0.0182 0.0006 0.0241 0.0034 0.0005 0.0272 0.2687 0.5147 0.0181 0.0024 0.0022 
0.0495 0.0275 0.0109 0.0024 0.0042 0.0299 0.0035 0.0278 0.0113 0.0006 0.0254 0.0273 0.7319 0.0263 0.0065 0.0150 
0.0498 0.0287 0.0065 0.0034 0.0042 0.0356 0.0030 0.0278 0.0010 0.0001 0.0588 0.0029 0.7277 0.0318 0.0147 0.0043 
0.0495 0.1053 0.0067 0.0026 0.0016 0.0241 0.0013 0.0249 0.0046 0.0003 0.0241 0.0650 0.6412 0.0256 0.0056 0.0176 
0.0511 0.0254 0.0195 0.0166 0.0008 0.0326 0.0059 0.0270 0.0083 0.0001 0.0288 0.0064 0.7063 0.0272 0.0134 0.0307 
0.0489 0.0339 0.1381 0.0046 0.0010 0.0259 0.0088 0.0230 0.0016 0.0001 0.0296 0.0050 0.6037 0.0254 0.0101 0.0407 
0.0522 0.0351 0.1037 0.0511 0.0019 0.0275 0.0136 0.0252 0.0002 0.0001 0.0278 0.0061 0.6102 0.0254 0.0107 0.0094 
0.0612 0.0312 0.0703 0.0251 0.0021 0.0655 0.0064 0.0316 0.0003 0.0001 0.0312 0.0081 0.6271 0.0289 0.0043 0.0067 
0.0901 0.0570 0.0149 0.0511 0.0035 0.0586 0.0050 0.0465 0.0046 0.0003 0.1077 0.0080 0.4726 0.0500 0.0034 0.0267 
0.0897 0.0634 0.0396 0.0744 0.0030 0.0699 0.0054 0.0463 0.0037 0.0003 0.0607 0.0998 0.3793 0.0476 0.0110 0.0057 
0.0878 0.1075 0.0736 0.1019 0.0021 0.0407 0.0089 0.0412 0.0131 0.0003 0.0519 0.0128 0.3037 0.0431 0.0112 0.1001 
0.1041 0.0513 0.0615 0.0422 0.0270 0.1580 0.0664 0.0510 0.0032 0.0014 0.0527 0.0265 0.2377 0.0880 0.0072 0.0219 
0.1185 0.0802 0.0427 0.0398 0.0304 0.0661 0.0067 0.1010 0.0005 0.0011 0.1736 0.0160 0.1784 0.0843 0.0505 0.0102 
0.1301 0.0949 0.0061 0.0679 0.0058 0.1102 0.0150 0.0874 0.0203 0.0093 0.0730 0.1516 0.0701 0.0669 0.0315 0.0599 
0.1296 0.0550 0.0264 0.0133 0.0086 0.0845 0.0058 0.0540 0.0206 0.0107 0.0936 0.0163 0.3599 0.0513 0.0302 0.0404 
0.1301 0.0737 0.0668 0.0265 0.0252 0.0642 0.0059 0.0631 0.0048 0.0019 0.1823 0.1620 0.1225 0.0572 0.0032 0.0105 
0.1279 0.0634 0.0157 0.0313 0.0037 0.1536 0.0113 0.0663 0.0045 0.0005 0.0676 0.1424 0.2170 0.0611 0.0174 0.0163 
0.0551 0.0297 0.0467 0.0104 0.0046 0.0497 0.0067 0.0284 0.0094 0.0042 0.1205 0.0173 0.5584 0.0275 0.0185 0.0129 
0.0554 0.1273 0.0107 0.0120 0.0061 0.0303 0.0018 0.0268 0.0018 0.0010 0.0280 0.1524 0.5012 0.0248 0.0038 0.0168 
0.0602 0.0302 0.0246 0.0361 0.0022 0.0396 0.0101 0.0316 0.0046 0.0005 0.0340 0.0134 0.6519 0.0396 0.0062 0.0150 
0.0522 0.0575 0.2016 0.0187 0.0008 0.0243 0.0078 0.0236 0.0072 0.0001 0.0241 0.0075 0.4703 0.0403 0.0321 0.0321 
0.0722 0.0369 0.1917 0.1981 0.0034 0.0350 0.0256 0.0343 0.0034 0.0002 0.0438 0.0040 0.2714 0.0363 0.0273 0.0166 
0.0800 0.0420 0.2853 0.1877 0.0054 0.0508 0.0123 0.0412 0.0005 0.0002 0.0399 0.0085 0.1596 0.0462 0.0083 0.0321 
0.0778 0.0438 0.0545 0.4808 0.0021 0.0505 0.0097 0.0388 0.0038 0.0016 0.0407 0.0094 0.1123 0.0407 0.0070 0.0265 
0.1059 0.0613 0.0439 0.0436 0.0524 0.3610 0.0220 0.0510 0.0050 0.0043 0.0709 0.0232 0.0797 0.0559 0.0078 0.0121 
0.0938 0.0649 0.0152 0.0137 0.0802 0.0534 0.0419 0.0660 0.0032 0.0035 0.3989 0.0299 0.0529 0.0751 0.0038 0.0038 
0.1172 0.0618 0.0273 0.0375 0.0177 0.0588 0.0281 0.0909 0.0256 0.0128 0.0773 0.0738 0.0303 0.1188 0.2150 0.0070 
0.0834 0.0530 0.0693 0.0514 0.0019 0.0497 0.0042 0.0532 0.0369 0.0457 0.0500 0.0230 0.0441 0.0457 0.1354 0.2532 
0.2208 0.0872 0.1272 0.0856 0.0018 0.0483 0.0034 0.0460 0.0219 0.0240 0.0497 0.0123 0.0390 0.0479 0.0131 0.1719 
0.1118 0.0473 0.3481 0.1564 0.0093 0.1220 0.0067 0.0409 0.0010 0.0034 0.0450 0.0061 0.0444 0.0417 0.0075 0.0085 
0.0784 0.0369 0.0775 0.2801 0.0110 0.2537 0.0008 0.0428 0.0001 0.0027 0.1190 0.0099 0.0452 0.0361 0.0034 0.0026 
0.0559 0.0296 0.0091 0.3542 0.0037 0.0503 0.0016 0.0337 0.0022 0.0006 0.1663 0.2444 0.0190 0.0275 0.0014 0.0003 
0.0683 0.0364 0.0029 0.3449 0.0018 0.0484 0.0008 0.0329 0.0042 0.0003 0.0426 0.2593 0.1169 0.0315 0.0075 0.0013 
0.0625 0.0454 0.0054 0.1158 0.0038 0.0430 0.0018 0.0292 0.0013 0.0001 0.0331 0.0089 0.6069 0.0294 0.0035 0.0102 
0.0618 0.0332 0.0131 0.1272 0.0011 0.0390 0.0018 0.0345 0.0002 0.0001 0.0388 0.0050 0.6067 0.0307 0.0038 0.0032 
0.0751 0.0476 0.0094 0.1253 0.0040 0.0377 0.0042 0.0390 0.0059 0.0001 0.0422 0.0109 0.5453 0.0415 0.0056 0.0064 
0.0885 0.0436 0.0107 0.0240 0.0898 0.0517 0.0136 0.0458 0.0011 0.0001 0.0478 0.0121 0.4998 0.0535 0.0110 0.0070 
0.1224 0.0783 0.0113 0.0048 0.0844 0.0697 0.0238 0.0874 0.0013 0.0008 0.0737 0.0066 0.0764 0.3259 0.0197 0.0137 
0.0895 0.0637 0.0121 0.0203 0.0013 0.0458 0.0021 0.0778 0.0203 0.0059 0.0422 0.0065 0.0591 0.0470 0.4792 0.0272 
0.1204 0.0561 0.0556 0.0153 0.0026 0.0502 0.0075 0.0452 0.0372 0.0214 0.0551 0.0054 0.0732 0.0455 0.0050 0.4043 
0.3041 0.0840 0.2421 0.0494 0.0026 0.0577 0.0024 0.0577 0.0016 0.0001 0.0623 0.0102 0.0289 0.0575 0.0064 0.0332 
0.0602 0.0375 0.3980 0.3186 0.0057 0.0537 0.0043 0.0291 0.0016 0.0001 0.0305 0.0078 0.0157 0.0284 0.0030 0.0057 
0.0920 0.0572 0.0337 0.3911 0.0075 0.2558 0.0010 0.0463 0.0001 0.0002 0.0470 0.0050 0.0120 0.0412 0.0056 0.0046 
0.0382 0.0204 0.0096 0.5644 0.0010 0.0273 0.0010 0.0198 0.0030 0.0001 0.2803 0.0088 0.0053 0.0176 0.0006 0.0029 
0.0393 0.0278 0.0099 0.4694 0.0027 0.0208 0.0006 0.0184 0.0014 0.0008 0.0192 0.3552 0.0134 0.0195 0.0011 0.0005 
0.0481 0.0286 0.0086 0.4986 0.0018 0.0299 0.0018 0.0230 0.0002 0.0001 0.0243 0.0018 0.3013 0.0241 0.0059 0.0021 
0.0542 0.0312 0.0206 0.3514 0.0022 0.0321 0.0035 0.0273 0.0003 0.0001 0.0305 0.0029 0.4072 0.0276 0.0045 0.0046 
0.0607 0.0321 0.0085 0.2927 0.0043 0.0353 0.0014 0.0312 0.0002 0.0001 0.0313 0.0062 0.4610 0.0296 0.0038 0.0019 
0.0545 0.0292 0.0018 0.1327 0.0198 0.0688 0.0011 0.0307 0.0005 0.0005 0.0331 0.0037 0.5825 0.0273 0.0067 0.0072 
0.0674 0.0452 0.0054 0.0289 0.0067 0.1010 0.0006 0.0372 0.0018 0.0001 0.0629 0.0168 0.5888 0.0331 0.0006 0.0035 
0.0624 0.0511 0.0030 0.0125 0.0026 0.0471 0.0008 0.0323 0.0051 0.0003 0.0516 0.0516 0.6452 0.0303 0.0019 0.0022 
0.0567 0.0561 0.0085 0.0121 0.0018 0.0318 0.0065 0.0287 0.0019 0.0001 0.0361 0.0233 0.6823 0.0272 0.0072 0.0198 
0.0583 0.0342 0.0096 0.0019 0.0102 0.0434 0.0481 0.0289 0.0005 0.0002 0.0276 0.0117 0.3008 0.4078 0.0096 0.0073 
0.0612 0.0909 0.0276 0.0037 0.0008 0.0302 0.0021 0.0439 0.0002 0.0001 0.0307 0.0051 0.3144 0.0326 0.3425 0.0144 
0.0664 0.0310 0.0086 0.0350 0.0014 0.0340 0.0057 0.0311 0.0152 0.0038 0.0447 0.0050 0.3645 0.0291 0.0086 0.3158 
0.2128 0.0433 0.1545 0.0136 0.0011 0.0423 0.0062 0.0428 0.0013 0.0001 0.0497 0.0144 0.3446 0.0412 0.0081 0.0241 
0.0832 0.0481 0.1172 0.0393 0.0043 0.1406 0.0026 0.0418 0.0001 0.0003 0.0436 0.0193 0.4027 0.0436 0.0026 0.0109 
0.0615 0.1319 0.0113 0.0169 0.0110 0.1690 0.0016 0.0312 0.0018 0.0005 0.0465 0.0078 0.4709 0.0283 0.0045 0.0053 
0.1315 0.0786 0.0109 0.0422 0.0104 0.0939 0.0126 0.0783 0.0062 0.0002 0.2107 0.0420 0.1400 0.0745 0.0078 0.0602 
0.1048 0.0650 0.1254 0.0149 0.0042 0.0647 0.0149 0.0575 0.0062 0.0030 0.0615 0.1645 0.1926 0.0524 0.0506 0.0180 
0.1069 0.0708 0.0232 0.0066 0.0026 0.0911 0.0042 0.0540 0.0067 0.0048 0.0554 0.0332 0.3616 0.0486 0.0058 0.1248 
0.1348 0.0887 0.0321 0.0075 0.0027 0.0636 0.0037 0.0650 0.0056 0.0003 0.1960 0.0227 0.2752 0.0674 0.0121 0.0225 
0.1155 0.0585 0.0735 0.0058 0.0035 0.0832 0.0032 0.0556 0.0037 0.0005 0.0645 0.1729 0.1804 0.0591 0.0340 0.0861 
0.0637 0.0492 0.0861 0.0054 0.0048 0.0976 0.0340 0.0323 0.0011 0.0008 0.0463 0.0174 0.4752 0.0297 0.0195 0.0369 
0.0759 0.3114 0.1117 0.0158 0.0014 0.0420 0.0078 0.0390 0.0016 0.0006 0.0383 0.0296 0.2336 0.0385 0.0066 0.0462 
0.0938 0.0479 0.2017 0.0249 0.0042 0.1240 0.0142 0.0446 0.0056 0.0024 0.0594 0.0168 0.2809 0.0454 0.0214 0.0128 
0.0747 0.0410 0.2814 0.0200 0.0024 0.0791 0.0053 0.0439 0.0001 0.0001 0.1821 0.0190 0.1950 0.0366 0.0057 0.0139 
0.1230 0.1254 0.0166 0.1641 0.0022 0.0572 0.0141 0.0606 0.0038 0.0001 0.0610 0.1612 0.1262 0.0569 0.0109 0.0168 
0.0971 0.0473 0.0609 0.1040 0.0113 0.0767 0.0153 0.0476 0.0030 0.0013 0.0596 0.0065 0.4029 0.0481 0.0099 0.0085 
0.1047 0.0672 0.0466 0.0273 0.0051 0.1712 0.0005 0.0669 0.0003 0.0022 0.0928 0.0077 0.3367 0.0495 0.0019 0.0193 
0.0845 0.0572 0.0040 0.0481 0.0026 0.0506 0.0011 0.0419 0.0105 0.0046 0.1083 0.1038 0.4356 0.0417 0.0027 0.0027 
0.0982 0.0484 0.0208 0.0412 0.0013 0.0473 0.0032 0.0444 0.0022 0.0001 0.0818 0.0756 0.4834 0.0458 0.0027 0.0037 
0.0640 0.0402 0.0180 0.0158 0.0019 0.0358 0.0034 0.0313 0.0016 0.0006 0.0316 0.0466 0.6550 0.0323 0.0139 0.0078 
0.0551 0.0319 0.0188 0.0438 0.0014 0.0286 0.0014 0.0276 0.0010 0.0001 0.0291 0.0018 0.7106 0.0280 0.0043 0.0168 
0.0554 0.0276 0.0478 0.0260 0.0016 0.0320 0.0032 0.0278 0.0016 0.0001 0.0321 0.0040 0.6968 0.0289 0.0081 0.0070 
0.0644 0.0327 0.0067 0.0173 0.0045 0.0861 0.0128 0.0308 0.0005 0.0001 0.0294 0.0113 0.6623 0.0324 0.0048 0.0042 
0.0677 0.0674 0.0045 0.0498 0.0030 0.0302 0.0035 0.0348 0.0013 0.0001 0.0361 0.0059 0.6367 0.0312 0.0150 0.0129 
0.0904 0.0394 0.0195 0.1313 0.0011 0.0433 0.0019 0.0412 0.0065 0.0014 0.0409 0.0064 0.3457 0.0438 0.0043 0.1828 
0.1321 0.0561 0.2597 0.0200 0.0022 0.0819 0.0139 0.0527 0.0043 0.0001 0.0524 0.0070 0.2217 0.0517 0.0315 0.0128 
0.1010 0.1483 0.0494 0.0750 0.0067 0.1044 0.0072 0.0513 0.0016 0.0006 0.0537 0.0035 0.3249 0.0491 0.0034 0.0200 
0.1088 0.0684 0.0126 0.1778 0.0019 0.1164 0.0040 0.0594 0.0014 0.0003 0.0810 0.0093 0.2969 0.0535 0.0057 0.0026 
0.1209 0.1968 0.1169 0.0971 0.0011 0.0663 0.0062 0.0596 0.0075 0.0001 0.0673 0.0395 0.0960 0.0668 0.0173 0.0409 
0.1171 0.0629 0.1599 0.3249 0.0042 0.0615 0.0065 0.0564 0.0002 0.0001 0.0594 0.0094 0.0502 0.0548 0.0195 0.0133 
0.0778 0.0420 0.4420 0.0324 0.0567 0.1374 0.0137 0.0393 0.0014 0.0001 0.0412 0.0034 0.0252 0.0390 0.0198 0.0286 
0.1045 0.0986 0.1273 0.3516 0.0078 0.0447 0.0013 0.0725 0.0024 0.0003 0.0773 0.0105 0.0435 0.0425 0.0048 0.0104 
0.0791 0.0447 0.0037 0.0225 0.0042 0.5767 0.0018 0.0431 0.0129 0.0117 0.0404 0.0612 0.0558 0.0382 0.0018 0.0024 
0.0775 0.0605 0.0030 0.0112 0.0037 0.0476 0.0013 0.0396 0.0040 0.0005 0.5521 0.0078 0.1484 0.0343 0.0045 0.0040 
0.0431 0.0387 0.0022 0.0371 0.0029 0.0228 0.0016 0.0216 0.0035 0.0008 0.0666 0.6992 0.0334 0.0209 0.0014 0.0042 
0.0470 0.0240 0.0329 0.0150 0.0029 0.0216 0.0014 0.0227 0.0014 0.0002 0.0267 0.0673 0.6899 0.0236 0.0064 0.0171 
0.0484 0.0241 0.0136 0.0155 0.0054 0.0452 0.0174 0.0252 0.0010 0.0003 0.0225 0.0161 0.7313 0.0283 0.0026 0.0030 
0.0554 0.0449 0.0022 0.0133 0.0016 0.0294 0.0006 0.0308 0.0011 0.0003 0.0315 0.0014 0.7434 0.0289 0.0102 0.0050 
0.0514 0.0251 0.0013 0.0339 0.0011 0.0254 0.0016 0.0259 0.0118 0.0026 0.0283 0.0206 0.7281 0.0291 0.0034 0.0105 
0.0640 0.0268 0.0200 0.0038 0.0011 0.0295 0.0038 0.0262 0.0008 0.0001 0.0260 0.0062 0.7397 0.0316 0.0094 0.0110 
0.0524 0.0259 0.0091 0.0061 0.0006 0.0582 0.0026 0.0259 0.0002 0.0001 0.0304 0.0018 0.7455 0.0252 0.0085 0.0080 
0.0535 0.0644 0.0179 0.0064 0.0005 0.0244 0.0018 0.0257 0.0002 0.0001 0.0307 0.0046 0.7359 0.0260 0.0022 0.0059 
0.0593 0.0251 0.0081 0.0383 0.0003 0.0262 0.0030 0.0254 0.0008 0.0001 0.0256 0.0080 0.7449 0.0254 0.0053 0.0045 
0.0454 0.0260 0.0482 0.0050 0.0022 0.0371 0.0026 0.0230 0.0010 0.0001 0.0244 0.0027 0.7374 0.0241 0.0042 0.0169 
0.0511 0.0371 0.0075 0.0158 0.0061 0.0275 0.0032 0.0260 0.0001 0.0001 0.0297 0.0067 0.7463 0.0267 0.0064 0.0101 
0.0514 0.0331 0.0254 0.0150 0.0013 0.0307 0.0050 0.0294 0.0010 0.0003 0.0323 0.0089 0.7094 0.0307 0.0021 0.0241 
0.1002 0.0526 0.0716 0.0419 0.0016 0.0505 0.0067 0.0497 0.0069 0.0002 0.0607 0.0153 0.2943 0.0789 0.0366 0.1324 
0.0804 0.0430 0.3422 0.0425 0.0137 0.0588 0.0412 0.0383 0.0062 0.0005 0.0383 0.0407 0.1120 0.0430 0.0417 0.0574 
0.1375 0.0823 0.1299 0.0593 0.0267 0.0732 0.0275 0.0840 0.0054 0.0003 0.0617 0.0126 0.1297 0.0565 0.0163 0.0971 
0.1645 0.0625 0.0524 0.0573 0.0329 0.1184 0.0327 0.0780 0.1040 0.0021 0.0591 0.0125 0.0594 0.1208 0.0080 0.0355 
