0.0901 0.0316 0.3292 0.2250 0.0021 0.0398 0.0109 0.0313 0.0074 0.0059 0.0703 0.0697 0.0527 0.0302 0.0010 0.0029 
0.0789 0.0431 0.0342 0.0230 0.0037 0.5376 0.0048 0.0428 0.0008 0.0027 0.0578 0.0332 0.0911 0.0383 0.0027 0.0051 
0.0837 0.0419 0.0013 0.0254 0.0024 0.0444 0.0010 0.0427 0.0029 0.0013 0.5842 0.0133 0.1121 0.0399 0.0011 0.0026 
0.0495 0.0272 0.0003 0.0125 0.0024 0.0335 0.0003 0.0252 0.0014 0.0011 0.0425 0.6966 0.0800 0.0251 0.0003 0.0019 
0.0551 0.0310 0.0019 0.0045 0.0013 0.0273 0.0013 0.0280 0.0010 0.0003 0.0345 0.0457 0.7341 0.0295 0.0014 0.0032 
0.0585 0.0320 0.0021 0.0048 0.0013 0.0356 0.0042 0.0304 0.0013 0.0001 0.0299 0.0142 0.7389 0.0305 0.0043 0.0123 
0.0614 0.0310 0.0109 0.0014 0.0013 0.0347 0.0075 0.0310 0.0003 0.0001 0.0305 0.0024 0.7496 0.0307 0.0019 0.0054 
0.0588 0.0329 0.0054 0.0005 0.0013 0.0335 0.0019 0.0308 0.0010 0.0003 0.0374 0.0042 0.7555 0.0305 0.0021 0.0040 
0.0633 0.0336 0.0069 0.0029 0.0010 0.0310 0.0018 0.0316 0.0027 0.0005 0.0358 0.0216 0.7218 0.0337 0.0024 0.0096 
0.0559 0.0280 0.0350 0.0026 0.0006 0.0275 0.0021 0.0278 0.0014 0.0001 0.0312 0.0128 0.7377 0.0288 0.0048 0.0042 
0.0596 0.0295 0.0081 0.0022 0.0008 0.0383 0.0032 0.0307 0.0016 0.0003 0.0379 0.0062 0.7429 0.0307 0.0018 0.0062 
0.0588 0.0345 0.0016 0.0022 0.0014 0.0297 0.0026 0.0299 0.0014 0.0001 0.0328 0.0153 0.7528 0.0288 0.0037 0.0046 
0.0567 0.0288 0.0089 0.0086 0.0010 0.0308 0.0056 0.0288 0.0008 0.0005 0.0319 0.0097 0.7272 0.0283 0.0051 0.0273 
0.0553 0.0252 0.0395 0.0018 0.0008 0.0458 0.0018 0.0264 0.0001 0.0002 0.0272 0.0088 0.7361 0.0260 0.0014 0.0040 
0.0551 0.0308 0.0077 0.0006 0.0006 0.0321 0.0014 0.0281 0.0011 0.0002 0.0580 0.0088 0.7400 0.0284 0.0018 0.0053 
0.0534 0.0316 0.0003 0.0032 0.0019 0.0284 0.0011 0.0267 0.0008 0.0001 0.0409 0.0436 0.7337 0.0267 0.0042 0.0037 
0.0542 0.0260 0.0029 0.0013 0.0008 0.0294 0.0011 0.0304 0.0003 0.0001 0.0307 0.0332 0.7484 0.0284 0.0053 0.0078 
0.0596 0.0286 0.0094 0.0005 0.0005 0.0318 0.0022 0.0296 0.0008 0.0002 0.0307 0.0067 0.7647 0.0305 0.0016 0.0027 
0.0561 0.0387 0.0066 0.0005 0.0006 0.0283 0.0016 0.0272 0.0011 0.0001 0.0302 0.0096 0.7600 0.0315 0.0046 0.0037 
0.0527 0.0289 0.0069 0.0014 0.0005 0.0268 0.0026 0.0262 0.0008 0.0001 0.0284 0.0078 0.7583 0.0276 0.0168 0.0144 
0.0367 0.0190 0.0264 0.0024 0.0002 0.0163 0.0115 0.0190 0.0016 0.0001 0.0200 0.0056 0.6489 0.0185 0.0155 0.1586 
0.0489 0.0212 0.2389 0.0141 0.0003 0.0188 0.0489 0.0196 0.0013 0.0001 0.0216 0.0046 0.5018 0.0217 0.0224 0.0160 
0.0521 0.0313 0.1802 0.0075 0.0006 0.0781 0.0089 0.0235 0.0014 0.0006 0.0273 0.0029 0.4907 0.0273 0.0142 0.0532 
0.1145 0.0810 0.0961 0.0246 0.0022 0.1065 0.0123 0.0532 0.0035 0.0006 0.1249 0.0166 0.1595 0.0886 0.0057 0.1100 
0.1235 0.0904 0.1552 0.0433 0.0038 0.0801 0.0141 0.0665 0.0019 0.0014 0.1080 0.0801 0.1059 0.0964 0.0173 0.0121 
0.1327 0.0830 0.1480 0.0425 0.0051 0.1081 0.0107 0.0671 0.0089 0.0061 0.0770 0.0537 0.0719 0.0658 0.0252 0.0942 
0.1266 0.1008 0.1935 0.1358 0.0050 0.0513 0.0118 0.0491 0.0069 0.0042 0.0642 0.0320 0.0523 0.0505 0.0061 0.1101 
0.1073 0.0510 0.1763 0.1551 0.0040 0.2333 0.0078 0.0478 0.0010 0.0089 0.0647 0.0345 0.0508 0.0473 0.0048 0.0054 
0.1240 0.0684 0.0538 0.0653 0.0046 0.0807 0.0026 0.0614 0.0064 0.0037 0.3512 0.0291 0.0732 0.0604 0.0045 0.0109 
0.0712 0.0374 0.0078 0.0953 0.0029 0.0570 0.0026 0.0356 0.0048 0.0011 0.0982 0.4863 0.0634 0.0342 0.0008 0.0014 
0.0632 0.0377 0.0050 0.0225 0.0043 0.1016 0.0024 0.0315 0.0006 0.0021 0.0380 0.1501 0.5010 0.0313 0.0014 0.0072 
0.0506 0.0270 0.0018 0.0129 0.0037 0.0639 0.0006 0.0272 0.0002 0.0005 0.0596 0.0110 0.7070 0.0248 0.0064 0.0029 
0.0426 0.0484 0.0035 0.0040 0.0019 0.0212 0.0042 0.0233 0.0005 0.0001 0.0299 0.0791 0.7159 0.0209 0.0011 0.0037 
0.0576 0.0249 0.0008 0.0355 0.0002 0.0236 0.0030 0.0263 0.0016 0.0001 0.0284 0.0156 0.7494 0.0286 0.0010 0.0035 
0.0559 0.0254 0.0410 0.0037 0.0001 0.0246 0.0038 0.0248 0.0027 0.0001 0.0251 0.0075 0.7464 0.0265 0.0083 0.0043 
0.0561 0.0283 0.0126 0.0091 0.0019 0.0276 0.0027 0.0272 0.0001 0.0001 0.0283 0.0026 0.7663 0.0275 0.0061 0.0042 
0.0554 0.0279 0.0050 0.0059 0.0026 0.0327 0.0005 0.0287 0.0003 0.0001 0.0275 0.0043 0.7678 0.0297 0.0046 0.0072 
0.0559 0.0271 0.0013 0.0109 0.0005 0.0332 0.0008 0.0279 0.0018 0.0001 0.0434 0.0029 0.7576 0.0281 0.0042 0.0046 
0.0610 0.0323 0.0054 0.0016 0.0018 0.0398 0.0018 0.0316 0.0014 0.0013 0.0498 0.0302 0.6999 0.0319 0.0075 0.0027 
0.0521 0.0641 0.0062 0.0005 0.0262 0.0307 0.0455 0.0270 0.0002 0.0001 0.0283 0.0171 0.6236 0.0446 0.0118 0.0224 
0.0732 0.0355 0.0112 0.0002 0.0791 0.0366 0.0958 0.0380 0.0005 0.0001 0.0407 0.0113 0.0989 0.4161 0.0284 0.0347 
0.0332 0.0267 0.0594 0.0016 0.0142 0.0128 0.1415 0.0281 0.0120 0.0037 0.0262 0.0043 0.0616 0.0937 0.4628 0.0182 
0.0699 0.0243 0.1776 0.0271 0.0002 0.0224 0.0026 0.0399 0.0067 0.0522 0.0244 0.0115 0.0225 0.0257 0.0746 0.4184 
0.2667 0.0498 0.0666 0.0094 0.0059 0.1382 0.0043 0.0508 0.0323 0.0835 0.0569 0.0040 0.0920 0.0506 0.0072 0.0818 
0.1689 0.1791 0.0019 0.0919 0.0042 0.0903 0.0029 0.0606 0.0002 0.0003 0.1858 0.0189 0.1208 0.0588 0.0080 0.0077 
0.1322 0.0866 0.0013 0.1490 0.0019 0.1385 0.0073 0.0695 0.0072 0.0005 0.0896 0.1532 0.0875 0.0650 0.0062 0.0045 
0.1267 0.1130 0.2165 0.0522 0.0008 0.0612 0.0064 0.0566 0.0073 0.0001 0.0682 0.0393 0.1820 0.0543 0.0040 0.0117 
0.1268 0.0607 0.0415 0.0233 0.0032 0.2027 0.0030 0.0604 0.0006 0.0010 0.0602 0.0438 0.3095 0.0597 0.0024 0.0011 
0.0863 0.0431 0.0256 0.0046 0.0019 0.0524 0.0006 0.0465 0.0005 0.0008 0.1825 0.0034 0.5014 0.0427 0.0066 0.0011 
0.0403 0.0230 0.0002 0.0160 0.0003 0.0336 0.0035 0.0201 0.0014 0.0001 0.0260 0.2963 0.5169 0.0197 0.0021 0.0008 
0.0566 0.0340 0.0024 0.0005 0.0006 0.0329 0.0043 0.0273 0.0018 0.0001 0.0355 0.0101 0.7533 0.0281 0.0089 0.0038 
0.0545 0.0302 0.0072 0.0002 0.0001 0.0359 0.0051 0.0272 0.0001 0.0001 0.0303 0.0096 0.7585 0.0262 0.0043 0.0112 
0.0538 0.0367 0.0204 0.0008 0.0001 0.0278 0.0062 0.0267 0.0010 0.0001 0.0374 0.0056 0.7441 0.0264 0.0019 0.0113 
0.0518 0.0284 0.0200 0.0078 0.0035 0.0248 0.0086 0.0257 0.0001 0.0001 0.0321 0.0091 0.7524 0.0313 0.0014 0.0032 
0.0564 0.0296 0.0251 0.0158 0.0002 0.0318 0.0016 0.0294 0.0001 0.0001 0.0310 0.0070 0.7249 0.0283 0.0168 0.0024 
0.0585 0.0289 0.0045 0.0244 0.0018 0.0313 0.0005 0.0288 0.0010 0.0054 0.0564 0.0166 0.6950 0.0292 0.0032 0.0145 
0.0534 0.0321 0.0008 0.0197 0.0034 0.0307 0.0014 0.0328 0.0001 0.0001 0.0331 0.0331 0.7202 0.0272 0.0096 0.0030 
0.0679 0.0438 0.0008 0.0181 0.0275 0.0369 0.0446 0.0355 0.0011 0.0001 0.0359 0.0153 0.0872 0.5659 0.0137 0.0059 
0.0375 0.0295 0.0294 0.0091 0.0056 0.0160 0.0137 0.0243 0.0006 0.0001 0.0171 0.0040 0.0765 0.0335 0.6959 0.0073 
0.0463 0.0187 0.0430 0.0136 0.0002 0.0355 0.0048 0.0188 0.0174 0.0165 0.0184 0.0013 0.0537 0.0190 0.0188 0.6741 
0.4821 0.0613 0.0997 0.0086 0.0024 0.0516 0.0034 0.0510 0.0065 0.0166 0.0628 0.0032 0.0497 0.0508 0.0136 0.0367 
0.0941 0.0724 0.0089 0.0379 0.0046 0.5198 0.0034 0.0473 0.0006 0.0021 0.0660 0.0575 0.0387 0.0433 0.0018 0.0018 
0.0754 0.0479 0.0022 0.0542 0.0026 0.0447 0.0006 0.0407 0.0021 0.0010 0.5927 0.0302 0.0610 0.0411 0.0006 0.0029 
0.0466 0.0299 0.0050 0.0058 0.0037 0.0478 0.0022 0.0227 0.0024 0.0003 0.0283 0.7078 0.0645 0.0256 0.0058 0.0018 
0.0498 0.0310 0.0105 0.0078 0.0026 0.0272 0.0037 0.0233 0.0030 0.0001 0.0411 0.0145 0.6682 0.0265 0.0173 0.0735 
0.0767 0.0355 0.0790 0.0040 0.0018 0.0366 0.0101 0.0352 0.0011 0.0045 0.0329 0.0222 0.5774 0.0332 0.0078 0.0420 
0.0641 0.0692 0.1085 0.0073 0.0046 0.0366 0.0137 0.0345 0.0013 0.0002 0.0350 0.0091 0.5724 0.0327 0.0048 0.0061 
0.0796 0.0391 0.0050 0.0516 0.0073 0.0553 0.0284 0.0409 0.0011 0.0011 0.0679 0.0102 0.5645 0.0417 0.0018 0.0045 
0.0813 0.0399 0.0233 0.0109 0.0002 0.0519 0.0008 0.0428 0.0018 0.0001 0.0993 0.0658 0.5334 0.0415 0.0046 0.0026 
0.0521 0.0280 0.0019 0.0134 0.0003 0.0270 0.0010 0.0251 0.0022 0.0029 0.0396 0.0965 0.6698 0.0262 0.0104 0.0037 
0.0581 0.0350 0.0051 0.0190 0.0008 0.0292 0.0026 0.0273 0.0001 0.0001 0.0275 0.0153 0.7409 0.0280 0.0027 0.0086 
0.0526 0.0260 0.0014 0.0089 0.0002 0.0526 0.0016 0.0259 0.0001 0.0005 0.0321 0.0027 0.7488 0.0321 0.0086 0.0061 
0.0623 0.0393 0.0021 0.0038 0.0014 0.0396 0.0018 0.0302 0.0003 0.0001 0.0402 0.0099 0.7298 0.0326 0.0024 0.0045 
0.0609 0.0358 0.0032 0.0096 0.0006 0.0264 0.0027 0.0289 0.0001 0.0001 0.0297 0.0185 0.7447 0.0278 0.0065 0.0050 
0.0460 0.0240 0.0743 0.0021 0.0005 0.0248 0.0129 0.0244 0.0003 0.0001 0.0228 0.0024 0.7113 0.0230 0.0102 0.0211 
0.0631 0.0375 0.0109 0.0171 0.0010 0.0658 0.0083 0.0307 0.0018 0.0001 0.0308 0.0038 0.6786 0.0305 0.0046 0.0157 
0.0741 0.0760 0.0042 0.0048 0.0013 0.0462 0.0131 0.0353 0.0008 0.0003 0.0372 0.0027 0.6549 0.0327 0.0022 0.0142 
0.0928 0.0808 0.1069 0.0037 0.0001 0.0463 0.0078 0.0471 0.0008 0.0001 0.0573 0.0112 0.4742 0.0470 0.0094 0.0149 
0.0748 0.0387 0.1291 0.0059 0.0005 0.0642 0.0080 0.0371 0.0075 0.0001 0.0471 0.0171 0.5097 0.0406 0.0096 0.0102 
0.0696 0.0358 0.0160 0.0013 0.0016 0.1058 0.0058 0.0339 0.0003 0.0001 0.0508 0.0166 0.6081 0.0299 0.0145 0.0101 
0.0642 0.2433 0.0212 0.0065 0.0024 0.0291 0.0129 0.0353 0.0011 0.0001 0.0553 0.0299 0.4210 0.0318 0.0139 0.0323 
0.0787 0.0339 0.4356 0.0573 0.0032 0.0289 0.0101 0.0327 0.0034 0.0001 0.0308 0.0586 0.1513 0.0321 0.0147 0.0287 
0.0629 0.0340 0.2246 0.0080 0.0037 0.2161 0.0153 0.0387 0.0006 0.0008 0.0353 0.0029 0.2730 0.0441 0.0147 0.0252 
0.1056 0.1198 0.0118 0.0102 0.0061 0.1517 0.0054 0.0529 0.0035 0.0022 0.2879 0.0136 0.1573 0.0489 0.0048 0.0184 
0.0845 0.2973 0.0014 0.0516 0.0022 0.0465 0.0128 0.0443 0.0165 0.0006 0.0684 0.2451 0.0677 0.0427 0.0083 0.0101 
0.0919 0.0427 0.0965 0.0222 0.0032 0.0522 0.0133 0.0388 0.0137 0.0002 0.0622 0.0952 0.3803 0.0407 0.0340 0.0129 
0.0733 0.0470 0.1490 0.0166 0.0064 0.0556 0.0042 0.0516 0.0048 0.0003 0.0781 0.0393 0.3856 0.0430 0.0073 0.0379 
0.1415 0.0827 0.0347 0.0144 0.0021 0.0944 0.0200 0.0727 0.0401 0.0019 0.0834 0.0529 0.1805 0.0775 0.0120 0.0893 
0.1075 0.0990 0.1723 0.0161 0.0096 0.0674 0.0963 0.0538 0.0161 0.0045 0.0754 0.0171 0.1687 0.0612 0.0129 0.0220 
0.1378 0.0784 0.0644 0.0085 0.0088 0.2367 0.0045 0.0896 0.0016 0.0088 0.0850 0.0551 0.1089 0.0783 0.0102 0.0235 
0.0869 0.0543 0.0249 0.0075 0.0043 0.0542 0.0059 0.0486 0.0149 0.0048 0.4066 0.0415 0.1563 0.0447 0.0110 0.0336 
0.0701 0.0468 0.0126 0.0083 0.0080 0.0553 0.0057 0.0366 0.0086 0.0014 0.1164 0.5229 0.0513 0.0355 0.0070 0.0134 
0.0969 0.1061 0.0088 0.0042 0.0022 0.0794 0.0137 0.0535 0.0016 0.0002 0.0736 0.1497 0.2632 0.0463 0.0198 0.0808 
0.0900 0.0701 0.1416 0.0026 0.0029 0.0506 0.0340 0.0479 0.0073 0.0001 0.0550 0.0326 0.3719 0.0508 0.0107 0.0320 
0.0984 0.0554 0.0919 0.0089 0.0296 0.0446 0.2161 0.0457 0.0085 0.0003 0.0471 0.0160 0.0471 0.2564 0.0112 0.0228 
0.0546 0.0292 0.1922 0.0128 0.0010 0.0556 0.0050 0.0530 0.0002 0.0019 0.0315 0.0051 0.0714 0.0299 0.4334 0.0233 
0.0642 0.0398 0.1817 0.0112 0.0021 0.0307 0.0034 0.0313 0.0433 0.0590 0.0356 0.0110 0.0574 0.0304 0.0078 0.3912 
0.3952 0.0733 0.0080 0.0760 0.0030 0.0919 0.0120 0.0706 0.0006 0.0003 0.0783 0.0195 0.0693 0.0733 0.0078 0.0208 
0.1390 0.0720 0.1890 0.0069 0.0042 0.1935 0.0053 0.0688 0.0027 0.0003 0.1280 0.0188 0.0522 0.0650 0.0160 0.0383 
0.1457 0.1583 0.1085 0.0521 0.0053 0.0759 0.0062 0.0748 0.0093 0.0005 0.1110 0.0949 0.0516 0.0719 0.0121 0.0220 
0.1260 0.0749 0.1308 0.2738 0.0026 0.0589 0.0088 0.0569 0.0083 0.0002 0.0639 0.0312 0.0621 0.0623 0.0134 0.0259 
0.0911 0.0348 0.1817 0.0075 0.0035 0.3372 0.0046 0.0356 0.0021 0.0003 0.0487 0.0096 0.1727 0.0324 0.0297 0.0083 
0.0765 0.4232 0.0137 0.0126 0.0131 0.0454 0.0072 0.0548 0.0008 0.0002 0.0848 0.0232 0.1882 0.0359 0.0073 0.0129 
0.0887 0.0907 0.0019 0.0550 0.3342 0.0419 0.0506 0.0566 0.0168 0.0001 0.0423 0.0363 0.0709 0.0943 0.0083 0.0115 
0.0818 0.0339 0.4291 0.0110 0.0043 0.0441 0.0051 0.1464 0.0321 0.0008 0.0331 0.0043 0.0473 0.0321 0.0844 0.0102 
0.1096 0.0706 0.0527 0.0024 0.0145 0.1447 0.0037 0.0514 0.0471 0.2512 0.0722 0.0182 0.0358 0.0462 0.0013 0.0784 
0.1385 0.0642 0.0038 0.0144 0.0021 0.0639 0.0014 0.0641 0.0030 0.0032 0.4958 0.0323 0.0507 0.0519 0.0059 0.0046 
0.0896 0.0559 0.0407 0.0061 0.0005 0.0423 0.0128 0.0434 0.0073 0.0030 0.0629 0.4907 0.0822 0.0426 0.0144 0.0054 
0.0915 0.0513 0.0685 0.0065 0.0005 0.0617 0.0032 0.0457 0.0035 0.0001 0.0497 0.0300 0.4942 0.0470 0.0157 0.0312 
0.0845 0.0414 0.0244 0.0042 0.0002 0.0574 0.0038 0.0420 0.0002 0.0003 0.0618 0.0112 0.6037 0.0433 0.0141 0.0075 
0.0812 0.0636 0.0497 0.0024 0.0018 0.0716 0.0061 0.0428 0.0001 0.0001 0.0506 0.0280 0.5272 0.0407 0.0142 0.0204 
0.0815 0.1108 0.0129 0.0026 0.1463 0.0412 0.1644 0.0410 0.0006 0.0001 0.0430 0.0053 0.2479 0.0669 0.0081 0.0276 
0.1000 0.0506 0.1735 0.0042 0.0016 0.0481 0.0091 0.0976 0.0001 0.0006 0.0516 0.0065 0.2973 0.0473 0.0808 0.0312 
0.0853 0.0385 0.1353 0.0003 0.0037 0.0545 0.0037 0.0398 0.0302 0.1444 0.1064 0.0208 0.2558 0.0446 0.0040 0.0329 
0.1165 0.0580 0.0043 0.0014 0.0024 0.1016 0.0013 0.0524 0.0008 0.0008 0.1771 0.0906 0.3277 0.0486 0.0134 0.0030 
0.0446 0.0315 0.0014 0.0014 0.0008 0.0200 0.0019 0.0225 0.0008 0.0021 0.0995 0.2638 0.4790 0.0227 0.0048 0.0032 
0.0401 0.0195 0.0040 0.0011 0.0001 0.0311 0.0013 0.0222 0.0011 0.0001 0.0236 0.1747 0.6510 0.0196 0.0042 0.0067 
0.0581 0.0329 0.0075 0.0008 0.0003 0.0334 0.0019 0.0276 0.0008 0.0001 0.0331 0.0050 0.7468 0.0323 0.0019 0.0177 
0.0641 0.0284 0.0072 0.0003 0.0002 0.0554 0.0048 0.0284 0.0002 0.0001 0.0300 0.0150 0.7273 0.0265 0.0096 0.0027 
0.0575 0.0832 0.0283 0.0008 0.0002 0.0272 0.0059 0.0278 0.0029 0.0001 0.0356 0.0058 0.6718 0.0289 0.0022 0.0220 
0.0719 0.0278 0.0133 0.0393 0.0001 0.0257 0.0034 0.0273 0.0013 0.0001 0.0275 0.0105 0.7128 0.0296 0.0046 0.0053 
0.0497 0.0248 0.1278 0.0072 0.0006 0.0273 0.0018 0.0240 0.0002 0.0001 0.0251 0.0006 0.6758 0.0259 0.0062 0.0032 
0.0532 0.0276 0.0053 0.0676 0.0008 0.0278 0.0010 0.0278 0.0001 0.0001 0.0319 0.0030 0.7199 0.0273 0.0061 0.0011 
0.0465 0.0244 0.0003 0.0645 0.0002 0.0736 0.0026 0.0233 0.0006 0.0001 0.0238 0.0061 0.7036 0.0232 0.0037 0.0038 
0.0471 0.0697 0.0045 0.0709 0.0006 0.0230 0.0026 0.0227 0.0014 0.0001 0.0278 0.0019 0.6844 0.0246 0.0050 0.0139 
0.0597 0.0399 0.0474 0.0933 0.0014 0.0361 0.0062 0.0273 0.0002 0.0005 0.0284 0.0048 0.5906 0.0299 0.0089 0.0252 
0.0899 0.0546 0.1535 0.0321 0.0064 0.1478 0.0125 0.0455 0.0016 0.0002 0.0529 0.0051 0.2425 0.0581 0.0054 0.0919 
0.1257 0.0736 0.0575 0.1067 0.0021 0.1011 0.0072 0.0649 0.0014 0.0014 0.1214 0.0168 0.2142 0.0631 0.0233 0.0195 
0.1372 0.1482 0.0337 0.0909 0.0062 0.0954 0.0142 0.0655 0.0083 0.0054 0.0969 0.0754 0.1019 0.0652 0.0038 0.0517 
0.1094 0.0677 0.0853 0.0225 0.0308 0.1214 0.1797 0.0521 0.0077 0.0010 0.0663 0.0396 0.1045 0.0960 0.0096 0.0062 
0.1325 0.0956 0.0815 0.0396 0.0053 0.1115 0.0081 0.1119 0.0027 0.0061 0.1314 0.0380 0.0423 0.0671 0.1099 0.0165 
0.0847 0.1158 0.0382 0.0358 0.0021 0.0383 0.0057 0.0323 0.1105 0.0286 0.0567 0.0410 0.0077 0.0323 0.0086 0.3618 
0.1812 0.0273 0.5294 0.0879 0.0024 0.0193 0.0050 0.0187 0.0046 0.0011 0.0315 0.0441 0.0192 0.0179 0.0030 0.0075 
0.0789 0.0407 0.0241 0.0088 0.0123 0.6026 0.0037 0.0383 0.0016 0.0139 0.0473 0.0586 0.0281 0.0374 0.0010 0.0027 
0.0858 0.0458 0.0024 0.0228 0.0018 0.0431 0.0018 0.0492 0.0014 0.0027 0.6487 0.0165 0.0299 0.0430 0.0010 0.0042 
0.0519 0.0425 0.0040 0.0099 0.0010 0.0251 0.0030 0.0249 0.0081 0.0010 0.0308 0.7500 0.0165 0.0264 0.0034 0.0016 
0.0534 0.0262 0.0323 0.0088 0.0010 0.0265 0.0021 0.0262 0.0010 0.0001 0.0256 0.0200 0.7396 0.0260 0.0022 0.0093 
0.0583 0.0276 0.0147 0.0180 0.0005 0.0286 0.0011 0.0279 0.0005 0.0001 0.0289 0.0013 0.7582 0.0291 0.0018 0.0037 
0.0564 0.0278 0.0038 0.0153 0.0010 0.0380 0.0010 0.0280 0.0001 0.0001 0.0284 0.0083 0.7625 0.0275 0.0022 0.0001 
0.0562 0.0343 0.0003 0.0131 0.0008 0.0283 0.0014 0.0284 0.0003 0.0001 0.0313 0.0040 0.7693 0.0278 0.0029 0.0016 
0.0548 0.0268 0.0001 0.0172 0.0003 0.0326 0.0038 0.0272 0.0005 0.0001 0.0287 0.0086 0.7614 0.0281 0.0021 0.0080 
0.0559 0.0284 0.0048 0.0003 0.0008 0.0468 0.0008 0.0275 0.0001 0.0001 0.0300 0.0050 0.7671 0.0273 0.0035 0.0021 
0.0534 0.0460 0.0018 0.0011 0.0008 0.0251 0.0010 0.0270 0.0011 0.0001 0.0366 0.0043 0.7677 0.0259 0.0046 0.0038 
0.0537 0.0267 0.0027 0.0050 0.0003 0.0319 0.0042 0.0284 0.0002 0.0001 0.0264 0.0160 0.7585 0.0342 0.0038 0.0083 
0.0514 0.0308 0.0211 0.0010 0.0001 0.0275 0.0027 0.0241 0.0011 0.0001 0.0268 0.0042 0.7489 0.0276 0.0168 0.0161 
0.0532 0.0260 0.0097 0.0022 0.0008 0.0260 0.0067 0.0251 0.0001 0.0014 0.0385 0.0040 0.7581 0.0275 0.0061 0.0147 
0.0444 0.0243 0.0174 0.0011 0.0003 0.0188 0.0027 0.0216 0.0003 0.0001 0.0273 0.0150 0.6964 0.0216 0.0203 0.0886 
0.0592 0.0342 0.0083 0.0050 0.0086 0.0345 0.0497 0.0324 0.0019 0.0013 0.0358 0.0184 0.2424 0.4521 0.0038 0.0125 
0.0551 0.0455 0.0535 0.0037 0.0013 0.0256 0.0016 0.0297 0.0001 0.0001 0.0268 0.0048 0.1313 0.0273 0.5833 0.0107 
0.0698 0.0347 0.0040 0.0043 0.0051 0.0648 0.0073 0.0353 0.0043 0.0623 0.0444 0.0085 0.2274 0.0364 0.0115 0.3798 
0.1585 0.0717 0.0038 0.0006 0.0359 0.0776 0.0273 0.0761 0.0008 0.0002 0.2921 0.0225 0.0970 0.1233 0.0086 0.0038 
0.1091 0.0816 0.0081 0.0029 0.0013 0.0519 0.0040 0.0971 0.0008 0.0003 0.0665 0.2868 0.1118 0.0537 0.1168 0.0072 
0.1275 0.0609 0.0086 0.0029 0.0006 0.0713 0.0051 0.0602 0.0283 0.0356 0.0836 0.0251 0.2809 0.0599 0.0141 0.1355 
0.2014 0.0747 0.0378 0.0002 0.0564 0.0690 0.1488 0.0709 0.0022 0.0001 0.0759 0.0291 0.1057 0.0952 0.0225 0.0102 
0.1238 0.0597 0.0388 0.0011 0.1026 0.0601 0.1757 0.0727 0.0001 0.0005 0.0700 0.0214 0.1741 0.0636 0.0181 0.0181 
0.1219 0.0558 0.0650 0.0157 0.0001 0.0527 0.0019 0.1297 0.0361 0.0203 0.0636 0.0145 0.3013 0.0604 0.0447 0.0165 
0.0947 0.0415 0.0105 0.0157 0.0038 0.0588 0.0011 0.0412 0.0590 0.0305 0.0471 0.0289 0.4811 0.0420 0.0141 0.0299 
0.1517 0.0513 0.0065 0.0035 0.0093 0.0551 0.0034 0.0447 0.0001 0.0001 0.0671 0.0086 0.5324 0.0439 0.0137 0.0089 
0.1094 0.0613 0.0165 0.0246 0.0019 0.0617 0.0024 0.0589 0.0001 0.0001 0.0800 0.0260 0.4974 0.0524 0.0024 0.0053 
0.0842 0.0751 0.0901 0.0278 0.0014 0.0401 0.0035 0.0407 0.0102 0.0001 0.0396 0.0276 0.5147 0.0406 0.0018 0.0029 
0.0815 0.0371 0.0022 0.0121 0.0024 0.3445 0.0050 0.0398 0.0024 0.0008 0.0419 0.0032 0.3785 0.0367 0.0070 0.0050 
0.1042 0.0998 0.0497 0.0050 0.0061 0.0543 0.0051 0.0577 0.0005 0.0001 0.2243 0.0032 0.3185 0.0526 0.0024 0.0169 
0.0963 0.0561 0.0089 0.0332 0.0010 0.0446 0.0014 0.0513 0.0113 0.0001 0.0529 0.3342 0.2387 0.0476 0.0150 0.0075 
0.0786 0.0422 0.0099 0.0059 0.0219 0.0409 0.0615 0.0411 0.0332 0.0026 0.0479 0.0080 0.0829 0.4834 0.0077 0.0324 
0.0689 0.0297 0.0398 0.0110 0.0019 0.0302 0.0019 0.0441 0.0001 0.0001 0.0313 0.0061 0.0721 0.0316 0.6245 0.0070 
0.0514 0.0484 0.0294 0.0177 0.0016 0.0312 0.0050 0.0257 0.0874 0.0104 0.0260 0.0022 0.0439 0.0240 0.0024 0.5933 
0.4239 0.0462 0.0241 0.1983 0.0066 0.0455 0.0035 0.0428 0.0018 0.0005 0.0519 0.0024 0.0901 0.0428 0.0129 0.0067 
0.0433 0.0439 0.6451 0.0765 0.0030 0.0500 0.0050 0.0232 0.0029 0.0003 0.0273 0.0065 0.0270 0.0216 0.0059 0.0185 
0.0583 0.0375 0.0406 0.6841 0.0032 0.0351 0.0010 0.0284 0.0010 0.0010 0.0454 0.0088 0.0264 0.0265 0.0006 0.0022 
0.0791 0.0526 0.0022 0.0797 0.0089 0.6071 0.0006 0.0391 0.0006 0.0032 0.0395 0.0361 0.0094 0.0374 0.0019 0.0024 
0.0813 0.0404 0.0032 0.0503 0.0067 0.0498 0.0008 0.0492 0.0005 0.0006 0.6498 0.0061 0.0176 0.0401 0.0011 0.0024 
0.0494 0.0466 0.0011 0.0182 0.0014 0.0248 0.0003 0.0273 0.0042 0.0010 0.0267 0.7487 0.0249 0.0240 0.0006 0.0008 
0.0537 0.0267 0.0005 0.0219 0.0003 0.0276 0.0027 0.0280 0.0019 0.0002 0.0332 0.0054 0.7559 0.0359 0.0021 0.0040 
0.0548 0.0276 0.0182 0.0003 0.0013 0.0492 0.0034 0.0259 0.0002 0.0002 0.0265 0.0131 0.7396 0.0288 0.0054 0.0056 
0.0537 0.0508 0.0018 0.0011 0.0014 0.0264 0.0014 0.0276 0.0001 0.0001 0.0292 0.0024 0.7592 0.0270 0.0102 0.0080 
0.0578 0.0276 0.0169 0.0029 0.0002 0.0273 0.0043 0.0288 0.0013 0.0001 0.0299 0.0061 0.7484 0.0292 0.0053 0.0142 
0.0543 0.0268 0.0837 0.0035 0.0014 0.0243 0.0022 0.0254 0.0013 0.0001 0.0256 0.0064 0.7047 0.0267 0.0046 0.0093 
0.0558 0.0286 0.0187 0.0021 0.0050 0.0425 0.0112 0.0275 0.0002 0.0001 0.0296 0.0053 0.7353 0.0276 0.0040 0.0069 
0.0674 0.0350 0.0021 0.0037 0.0011 0.0422 0.0035 0.0382 0.0001 0.0001 0.0462 0.0029 0.6916 0.0380 0.0077 0.0206 
0.0682 0.0383 0.0029 0.0038 0.0005 0.0367 0.0058 0.0339 0.0198 0.0002 0.0393 0.0337 0.6477 0.0328 0.0203 0.0161 
0.0848 0.0455 0.0200 0.0027 0.0081 0.0364 0.0853 0.0379 0.0034 0.0032 0.0618 0.0110 0.4179 0.1602 0.0037 0.0181 
0.0556 0.0265 0.0179 0.0008 0.0006 0.0978 0.0010 0.0425 0.0001 0.0001 0.0288 0.0249 0.4102 0.0284 0.2644 0.0008 
0.0516 0.0286 0.0161 0.0001 0.0010 0.0291 0.0006 0.0257 0.0091 0.0085 0.0928 0.0163 0.5786 0.0256 0.0037 0.1128 
0.1157 0.0238 0.0001 0.0011 0.0010 0.0205 0.0034 0.0216 0.0001 0.0001 0.0289 0.1021 0.6554 0.0208 0.0038 0.0026 
0.0546 0.0273 0.0072 0.0001 0.0003 0.0375 0.0024 0.0275 0.0008 0.0001 0.0382 0.0120 0.7510 0.0273 0.0062 0.0080 
0.0538 0.0489 0.0027 0.0001 0.0005 0.0353 0.0022 0.0273 0.0003 0.0001 0.0347 0.0131 0.7446 0.0267 0.0016 0.0085 
0.0463 0.0238 0.0888 0.0010 0.0001 0.0195 0.0035 0.0211 0.0006 0.0001 0.0265 0.0104 0.7219 0.0220 0.0035 0.0113 
0.0479 0.0209 0.1014 0.0029 0.0001 0.0200 0.0016 0.0204 0.0008 0.0001 0.0224 0.0096 0.7245 0.0214 0.0024 0.0042 
0.0573 0.0287 0.0139 0.0024 0.0003 0.0303 0.0024 0.0275 0.0001 0.0001 0.0321 0.0032 0.7654 0.0299 0.0035 0.0034 
0.0559 0.0303 0.0001 0.0155 0.0029 0.0428 0.0010 0.0281 0.0001 0.0001 0.0359 0.0101 0.7393 0.0283 0.0093 0.0011 
0.0438 0.0350 0.0014 0.0043 0.0179 0.0220 0.0102 0.0225 0.0002 0.0001 0.0235 0.0125 0.4590 0.3372 0.0057 0.0050 
0.0417 0.0243 0.0016 0.0524 0.0016 0.0182 0.0069 0.0214 0.0003 0.0001 0.0196 0.0061 0.5093 0.0203 0.2732 0.0034 
0.0671 0.0324 0.0581 0.0255 0.0019 0.0342 0.0016 0.0374 0.0022 0.0252 0.0426 0.0048 0.5421 0.0323 0.0008 0.0918 
0.1009 0.0388 0.0048 0.0319 0.0016 0.0478 0.0030 0.0434 0.0008 0.0021 0.0449 0.0120 0.6221 0.0387 0.0069 0.0003 
0.0837 0.0473 0.0024 0.1190 0.0144 0.0459 0.0059 0.0470 0.0006 0.0001 0.0500 0.0139 0.4880 0.0628 0.0131 0.0061 
0.1077 0.0688 0.0070 0.0538 0.0663 0.0554 0.0418 0.0551 0.0013 0.0001 0.0546 0.0137 0.1062 0.3025 0.0433 0.0224 
0.0676 0.0351 0.0423 0.0428 0.0027 0.0449 0.0153 0.0588 0.0024 0.0058 0.0351 0.0026 0.1229 0.0516 0.4515 0.0185 
0.0933 0.0602 0.0904 0.0089 0.0030 0.0740 0.0035 0.0420 0.0441 0.0938 0.0647 0.0077 0.0593 0.0417 0.0115 0.3019 
0.2784 0.2476 0.0193 0.0361 0.0045 0.0757 0.0051 0.0580 0.0093 0.0045 0.0714 0.0313 0.0351 0.0759 0.0072 0.0407 
0.1123 0.1149 0.2861 0.1014 0.0024 0.0674 0.0051 0.0482 0.0024 0.0022 0.0772 0.0730 0.0312 0.0468 0.0248 0.0046 
0.1041 0.0508 0.0177 0.0137 0.0029 0.4480 0.0034 0.0478 0.0032 0.0268 0.0862 0.0733 0.0541 0.0478 0.0026 0.0176 
0.0816 0.0401 0.0070 0.0228 0.0030 0.0414 0.0013 0.0406 0.0006 0.0024 0.5764 0.0775 0.0598 0.0401 0.0016 0.0037 
0.0454 0.0256 0.0030 0.0126 0.0024 0.0332 0.0019 0.0235 0.0008 0.0018 0.0366 0.7243 0.0620 0.0241 0.0010 0.0019 
0.0532 0.0284 0.0045 0.0105 0.0013 0.0305 0.0030 0.0280 0.0010 0.0002 0.0323 0.0249 0.7428 0.0278 0.0024 0.0093 
0.0522 0.0252 0.0054 0.0042 0.0008 0.0446 0.0042 0.0259 0.0008 0.0001 0.0297 0.0190 0.7538 0.0264 0.0050 0.0030 
0.0538 0.0313 0.0032 0.0018 0.0016 0.0276 0.0011 0.0281 0.0003 0.0001 0.0292 0.0203 0.7698 0.0267 0.0030 0.0022 
0.0551 0.0262 0.0006 0.0042 0.0003 0.0388 0.0029 0.0272 0.0018 0.0001 0.0304 0.0120 0.7607 0.0281 0.0019 0.0097 
0.0549 0.0273 0.0073 0.0002 0.0005 0.0359 0.0078 0.0262 0.0002 0.0001 0.0339 0.0064 0.7595 0.0303 0.0021 0.0075 
0.0533 0.0303 0.0112 0.0002 0.0011 0.0247 0.0032 0.0260 0.0002 0.0001 0.0388 0.0198 0.7536 0.0252 0.0088 0.0035 
0.0546 0.0275 0.0021 0.0064 0.0011 0.0264 0.0058 0.0268 0.0016 0.0001 0.0300 0.0212 0.6764 0.0687 0.0050 0.0465 
0.0513 0.0251 0.0256 0.0022 0.0006 0.0310 0.0024 0.0246 0.0003 0.0001 0.0270 0.0139 0.7379 0.0254 0.0273 0.0053 
0.0490 0.0260 0.0064 0.0005 0.0019 0.0345 0.0008 0.0254 0.0002 0.0185 0.0431 0.0120 0.7139 0.0241 0.0010 0.0427 
0.0605 0.0454 0.0006 0.0021 0.0021 0.0294 0.0018 0.0326 0.0008 0.0001 0.0414 0.0355 0.6941 0.0316 0.0160 0.0064 
0.0848 0.0489 0.0058 0.0024 0.0035 0.0481 0.0514 0.0430 0.0042 0.0001 0.0419 0.0216 0.2091 0.4073 0.0102 0.0179 
0.0719 0.0505 0.0313 0.0018 0.0006 0.0345 0.0034 0.0359 0.0002 0.0001 0.0355 0.0045 0.1605 0.0375 0.5185 0.0137 
0.0712 0.0340 0.0513 0.0014 0.0003 0.0513 0.0021 0.0348 0.0037 0.0117 0.0411 0.0102 0.2802 0.0339 0.0097 0.3631 
0.3360 0.0899 0.0080 0.0016 0.0013 0.0559 0.0153 0.0537 0.0010 0.0001 0.0724 0.0062 0.2575 0.0570 0.0073 0.0371 
0.1292 0.1174 0.1359 0.0315 0.0003 0.0596 0.0088 0.0617 0.0016 0.0001 0.0665 0.0136 0.2709 0.0658 0.0153 0.0220 
0.0954 0.0458 0.1353 0.0220 0.0008 0.0709 0.0035 0.0460 0.0010 0.0001 0.0482 0.0073 0.4391 0.0473 0.0276 0.0099 
0.1126 0.0719 0.0251 0.0193 0.0067 0.0596 0.0102 0.0588 0.0016 0.0001 0.0724 0.0054 0.4625 0.0558 0.0091 0.0292 
0.1134 0.0754 0.0035 0.0091 0.0262 0.1329 0.0056 0.0660 0.0006 0.0001 0.0567 0.0265 0.4158 0.0503 0.0054 0.0125 
0.0787 0.1525 0.2260 0.0032 0.0034 0.0458 0.0064 0.0412 0.0050 0.0001 0.0497 0.0155 0.3052 0.0395 0.0016 0.0264 
0.0947 0.0524 0.0502 0.0190 0.0016 0.1783 0.0040 0.0516 0.0139 0.0016 0.0495 0.0217 0.4066 0.0431 0.0091 0.0026 
0.0925 0.1434 0.0893 0.0010 0.0051 0.1251 0.0123 0.0439 0.0034 0.0005 0.1089 0.0216 0.2848 0.0409 0.0115 0.0160 
0.0993 0.1960 0.0064 0.0069 0.0019 0.0594 0.0343 0.0524 0.0037 0.0001 0.1209 0.0666 0.2714 0.0508 0.0080 0.0220 
0.0893 0.2204 0.1029 0.0038 0.0006 0.0490 0.0061 0.0425 0.0075 0.0001 0.0412 0.0617 0.2690 0.0441 0.0318 0.0300 
0.0534 0.0238 0.3610 0.0005 0.0022 0.0615 0.0110 0.0165 0.0045 0.0003 0.0304 0.0030 0.3142 0.0158 0.0123 0.0896 
0.0981 0.0567 0.1524 0.0027 0.0428 0.0447 0.1179 0.0622 0.0002 0.0001 0.1329 0.0149 0.1810 0.0522 0.0034 0.0379 
0.1602 0.1144 0.1249 0.0379 0.0014 0.0904 0.0050 0.1059 0.0118 0.0002 0.0810 0.0500 0.0904 0.0818 0.0270 0.0179 
0.1178 0.0494 0.1251 0.0364 0.0018 0.0452 0.0006 0.0473 0.0363 0.0554 0.0609 0.0078 0.2106 0.0459 0.0032 0.1564 
0.1337 0.0684 0.0305 0.0042 0.0051 0.2981 0.0053 0.0532 0.0051 0.0021 0.0553 0.0334 0.2447 0.0508 0.0058 0.0045 
0.1016 0.0505 0.0249 0.0484 0.0018 0.0657 0.0016 0.0513 0.0003 0.0003 0.4634 0.0157 0.1065 0.0510 0.0019 0.0152 
0.0526 0.0470 0.0145 0.0077 0.0035 0.0379 0.0008 0.0280 0.0016 0.0001 0.0299 0.5950 0.1499 0.0254 0.0045 0.0019 
0.0795 0.0439 0.0018 0.0109 0.0172 0.0541 0.0477 0.0434 0.0006 0.0001 0.0420 0.0104 0.2791 0.3475 0.0096 0.0121 
0.0489 0.0917 0.0337 0.0093 0.0010 0.0230 0.0163 0.0251 0.0035 0.0001 0.0235 0.0057 0.1971 0.0249 0.4656 0.0310 
0.0578 0.0232 0.1441 0.0219 0.0027 0.0240 0.0075 0.0225 0.0058 0.0243 0.0315 0.0001 0.1439 0.0225 0.0075 0.4609 
0.1797 0.0575 0.2316 0.0056 0.0059 0.0791 0.0121 0.0728 0.0003 0.0011 0.0666 0.0104 0.1995 0.0567 0.0141 0.0070 
0.0888 0.0567 0.0097 0.0064 0.3441 0.0861 0.0971 0.0558 0.0006 0.0010 0.0687 0.0181 0.0856 0.0754 0.0021 0.0038 
0.1217 0.1281 0.0061 0.0281 0.0018 0.0642 0.0024 0.2176 0.0179 0.0001 0.0871 0.0366 0.0813 0.0578 0.1390 0.0104 
0.1233 0.0473 0.0588 0.0152 0.0024 0.0473 0.0056 0.0465 0.1733 0.1034 0.0585 0.0436 0.0823 0.0457 0.0062 0.1407 
0.2850 0.0452 0.2553 0.0208 0.0081 0.0665 0.0011 0.0494 0.0006 0.0013 0.0764 0.0187 0.1160 0.0443 0.0018 0.0096 
0.0917 0.0968 0.0062 0.0067 0.0085 0.3323 0.0016 0.0521 0.0050 0.0029 0.0665 0.1126 0.1628 0.0452 0.0045 0.0046 
0.0938 0.0598 0.0011 0.0113 0.0067 0.0499 0.0024 0.0489 0.0035 0.0001 0.3004 0.0313 0.3364 0.0457 0.0030 0.0059 
0.0438 0.0356 0.0075 0.0026 0.0086 0.0259 0.0425 0.0225 0.0112 0.0002 0.0217 0.3313 0.0374 0.3961 0.0046 0.0086 
0.0337 0.0196 0.1041 0.0117 0.0018 0.0185 0.0037 0.0259 0.0024 0.0003 0.0179 0.0051 0.0593 0.0252 0.6529 0.0179 
0.0363 0.0367 0.1583 0.0225 0.0006 0.0188 0.0141 0.0192 0.0204 0.0034 0.0185 0.0032 0.0337 0.0174 0.0046 0.5922 
0.4206 0.0554 0.0430 0.1361 0.0026 0.0625 0.0225 0.0529 0.0050 0.0050 0.0612 0.0011 0.0375 0.0569 0.0064 0.0315 
0.0847 0.0554 0.2532 0.0214 0.0046 0.3153 0.0032 0.0458 0.0008 0.0003 0.0655 0.0268 0.0674 0.0422 0.0097 0.0035 
0.0732 0.3682 0.0029 0.3103 0.0019 0.0318 0.0067 0.0390 0.0021 0.0002 0.0578 0.0171 0.0382 0.0356 0.0065 0.0086 
0.0907 0.0462 0.0264 0.4494 0.0014 0.1014 0.0053 0.0455 0.0027 0.0001 0.0799 0.0377 0.0625 0.0446 0.0026 0.0038 
0.1121 0.0525 0.2882 0.0112 0.0107 0.1899 0.0006 0.0569 0.0001 0.0005 0.0814 0.0256 0.1148 0.0505 0.0029 0.0022 
0.1167 0.1689 0.0074 0.0117 0.0077 0.1520 0.0029 0.0717 0.0034 0.0005 0.0719 0.0594 0.2600 0.0577 0.0066 0.0018 
0.1559 0.1011 0.0046 0.0115 0.0813 0.0923 0.0732 0.0899 0.0061 0.0001 0.1177 0.0139 0.1398 0.0914 0.0109 0.0104 
0.0990 0.2210 0.2210 0.0077 0.0021 0.0417 0.0313 0.0490 0.0072 0.0001 0.0461 0.0233 0.0838 0.0441 0.0671 0.0559 
0.1310 0.0645 0.0821 0.0040 0.0019 0.1192 0.0123 0.0650 0.0069 0.1324 0.0829 0.0129 0.0946 0.0644 0.0152 0.1107 
0.1217 0.0739 0.0460 0.0014 0.0345 0.0640 0.0067 0.0656 0.0010 0.0010 0.3610 0.0053 0.1489 0.0553 0.0046 0.0091 
0.0989 0.0492 0.0011 0.0225 0.0010 0.0569 0.0011 0.0655 0.0005 0.0008 0.0645 0.5147 0.0632 0.0452 0.0109 0.0042 
0.0808 0.0418 0.0112 0.0038 0.0011 0.0375 0.0005 0.0385 0.0487 0.0061 0.1080 0.0477 0.5003 0.0436 0.0006 0.0297 
0.0743 0.0233 0.0032 0.0081 0.0014 0.0460 0.0019 0.0238 0.0003 0.0005 0.0220 0.1302 0.6363 0.0235 0.0032 0.0019 
0.0575 0.0307 0.0152 0.0042 0.0048 0.0423 0.0008 0.0299 0.0006 0.0002 0.0668 0.0016 0.7057 0.0300 0.0040 0.0058 
0.0802 0.0438 0.0006 0.0166 0.0026 0.0502 0.0022 0.0473 0.0005 0.0003 0.0446 0.1398 0.5280 0.0385 0.0022 0.0027 
0.0613 0.0321 0.0065 0.0018 0.0021 0.0498 0.0022 0.0337 0.0026 0.0001 0.0345 0.0141 0.7234 0.0319 0.0006 0.0035 
0.0652 0.0334 0.0030 0.0014 0.0016 0.0340 0.0022 0.0345 0.0019 0.0008 0.0391 0.0136 0.7332 0.0326 0.0026 0.0010 
0.0660 0.0364 0.0053 0.0006 0.0010 0.0339 0.0016 0.0340 0.0019 0.0002 0.0412 0.0085 0.7278 0.0337 0.0045 0.0035 
0.0760 0.0367 0.0109 0.0010 0.0013 0.0423 0.0019 0.0382 0.0026 0.0003 0.0428 0.0230 0.6719 0.0391 0.0026 0.0094 
0.0712 0.0361 0.0061 0.0005 0.0013 0.0426 0.0040 0.0398 0.0001 0.0002 0.0393 0.0067 0.7063 0.0371 0.0043 0.0046 
0.0682 0.0348 0.0088 0.0003 0.0005 0.0396 0.0042 0.0348 0.0003 0.0002 0.0463 0.0099 0.7062 0.0342 0.0046 0.0070 
0.0773 0.0388 0.0051 0.0008 0.0005 0.0369 0.0022 0.0374 0.0010 0.0011 0.0602 0.0166 0.6684 0.0399 0.0021 0.0115 
0.0636 0.0316 0.0217 0.0013 0.0011 0.0321 0.0006 0.0305 0.0011 0.0001 0.0340 0.0275 0.7097 0.0353 0.0029 0.0070 
0.0591 0.0288 0.0054 0.0019 0.0011 0.0342 0.0011 0.0323 0.0003 0.0022 0.0329 0.0046 0.7597 0.0296 0.0037 0.0030 
0.0567 0.0345 0.0024 0.0005 0.0011 0.0335 0.0008 0.0308 0.0008 0.0001 0.0404 0.0069 0.7556 0.0297 0.0022 0.0042 
0.0542 0.0275 0.0003 0.0027 0.0008 0.0257 0.0014 0.0276 0.0024 0.0001 0.0343 0.0340 0.7553 0.0278 0.0019 0.0042 
0.0566 0.0273 0.0061 0.0006 0.0005 0.0324 0.0029 0.0294 0.0011 0.0001 0.0308 0.0161 0.7522 0.0276 0.0053 0.0112 
0.0521 0.0268 0.0366 0.0005 0.0005 0.0251 0.0155 0.0264 0.0013 0.0001 0.0327 0.0054 0.7356 0.0264 0.0042 0.0112 
0.0573 0.0289 0.0339 0.0013 0.0008 0.0267 0.0046 0.0283 0.0005 0.0001 0.0288 0.0075 0.7436 0.0262 0.0043 0.0073 
0.0775 0.0460 0.0203 0.0032 0.0088 0.0486 0.0133 0.0419 0.0048 0.0001 0.0420 0.0061 0.1628 0.4670 0.0131 0.0447 
0.0495 0.0252 0.0823 0.0059 0.0010 0.0182 0.0163 0.0232 0.0010 0.0001 0.0192 0.0046 0.1888 0.0201 0.5247 0.0201 
0.0740 0.0422 0.0393 0.0067 0.0013 0.0884 0.0107 0.0334 0.0043 0.0626 0.0425 0.0109 0.1833 0.0321 0.0026 0.3657 
0.2161 0.1038 0.0345 0.0134 0.0061 0.0656 0.0129 0.0620 0.0043 0.0010 0.2362 0.0156 0.0818 0.1282 0.0065 0.0120 
0.1299 0.0783 0.1417 0.0545 0.0022 0.0870 0.0069 0.0664 0.0016 0.0011 0.0856 0.1153 0.0695 0.0724 0.0719 0.0158 
0.1320 0.0745 0.0901 0.0257 0.0034 0.0832 0.0062 0.0690 0.0101 0.0717 0.0823 0.0475 0.1452 0.0689 0.0120 0.0783 
0.1540 0.1042 0.0633 0.0537 0.0099 0.0909 0.0019 0.0688 0.0013 0.0029 0.1588 0.0637 0.1339 0.0681 0.0035 0.0212 
0.1210 0.0667 0.0147 0.0232 0.0034 0.1882 0.0043 0.0612 0.0024 0.0085 0.1284 0.1678 0.1276 0.0661 0.0042 0.0125 
0.0876 0.0454 0.0123 0.0067 0.0019 0.0562 0.0030 0.0436 0.0061 0.0006 0.2213 0.0844 0.3727 0.0447 0.0050 0.0085 
0.0371 0.0212 0.0107 0.0075 0.0011 0.0177 0.0034 0.0171 0.0002 0.0008 0.0212 0.4044 0.4370 0.0163 0.0011 0.0032 
0.0525 0.0249 0.0091 0.0046 0.0008 0.0637 0.0021 0.0262 0.0002 0.0002 0.0300 0.0110 0.7432 0.0283 0.0010 0.0022 
0.0522 0.0304 0.0022 0.0013 0.0006 0.0393 0.0024 0.0259 0.0003 0.0001 0.0353 0.0267 0.7494 0.0265 0.0050 0.0026 
0.0540 0.0350 0.0001 0.0014 0.0010 0.0275 0.0014 0.0275 0.0001 0.0001 0.0329 0.0193 0.7674 0.0273 0.0034 0.0022 
0.0554 0.0254 0.0024 0.0008 0.0002 0.0296 0.0022 0.0281 0.0014 0.0001 0.0275 0.0281 0.7577 0.0267 0.0053 0.0094 
0.0535 0.0267 0.0252 0.0002 0.0003 0.0254 0.0029 0.0256 0.0018 0.0001 0.0268 0.0032 0.7558 0.0280 0.0014 0.0235 
0.0610 0.0294 0.0037 0.0010 0.0006 0.0358 0.0032 0.0273 0.0003 0.0005 0.0275 0.0067 0.7662 0.0295 0.0050 0.0024 
0.0473 0.0692 0.0129 0.0001 0.0002 0.0260 0.0024 0.0251 0.0016 0.0001 0.0243 0.0010 0.7300 0.0318 0.0117 0.0168 
0.0530 0.0334 0.0083 0.0022 0.0001 0.0296 0.0097 0.0252 0.0010 0.0001 0.0284 0.0040 0.7307 0.0388 0.0118 0.0240 
0.0422 0.0514 0.1212 0.0006 0.0002 0.0232 0.0027 0.0209 0.0002 0.0001 0.0263 0.0032 0.6533 0.0232 0.0109 0.0208 
0.0412 0.0177 0.2156 0.0217 0.0003 0.0144 0.0280 0.0161 0.0001 0.0001 0.0174 0.0043 0.5803 0.0179 0.0080 0.0174 
0.0618 0.0300 0.1370 0.1589 0.0006 0.0295 0.0109 0.0279 0.0006 0.0001 0.0279 0.0027 0.3727 0.0310 0.0091 0.0993 
0.0791 0.0380 0.1513 0.1564 0.0283 0.0615 0.0761 0.0371 0.0008 0.0024 0.0399 0.0083 0.2212 0.0428 0.0181 0.0387 
0.0875 0.2241 0.0118 0.1558 0.0379 0.0768 0.0121 0.1204 0.0011 0.0001 0.0481 0.0184 0.0914 0.0449 0.0334 0.0363 
0.1187 0.0551 0.0105 0.0614 0.0308 0.1539 0.0235 0.0834 0.1798 0.0061 0.0510 0.0070 0.0446 0.0725 0.0051 0.0965 
