0.1615 0.1502 0.1091 0.1310 0.0021 0.0722 0.0086 0.0573 0.0187 0.0149 0.0923 0.0558 0.0452 0.0551 0.0019 0.0241 
0.0839 0.0406 0.0577 0.0102 0.0081 0.5291 0.0034 0.0359 0.0032 0.0121 0.0487 0.0644 0.0597 0.0351 0.0042 0.0037 
0.0832 0.0406 0.0016 0.0230 0.0048 0.0556 0.0040 0.0471 0.0013 0.0120 0.5835 0.0260 0.0711 0.0411 0.0026 0.0026 
0.0396 0.0224 0.0001 0.0174 0.0029 0.0184 0.0040 0.0198 0.0187 0.0003 0.0923 0.6954 0.0396 0.0198 0.0075 0.0019 
0.0260 0.0136 0.0013 0.0037 0.0013 0.0118 0.0014 0.0129 0.0026 0.0003 0.0126 0.2514 0.6432 0.0128 0.0016 0.0035 
0.0582 0.0270 0.0043 0.0038 0.0008 0.0326 0.0018 0.0304 0.0016 0.0002 0.0272 0.0034 0.7709 0.0302 0.0034 0.0045 
0.0562 0.0291 0.0011 0.0011 0.0010 0.0315 0.0078 0.0276 0.0006 0.0001 0.0294 0.0034 0.7719 0.0288 0.0065 0.0040 
0.0585 0.0305 0.0014 0.0011 0.0003 0.0267 0.0037 0.0283 0.0003 0.0001 0.0299 0.0102 0.7765 0.0281 0.0029 0.0018 
0.0558 0.0280 0.0011 0.0006 0.0005 0.0304 0.0046 0.0276 0.0024 0.0001 0.0289 0.0070 0.7691 0.0283 0.0043 0.0115 
0.0543 0.0273 0.0109 0.0003 0.0005 0.0316 0.0045 0.0280 0.0003 0.0001 0.0312 0.0032 0.7684 0.0284 0.0048 0.0065 
0.0545 0.0307 0.0093 0.0005 0.0002 0.0302 0.0030 0.0268 0.0001 0.0001 0.0347 0.0054 0.7640 0.0267 0.0026 0.0115 
0.0522 0.0318 0.0158 0.0003 0.0005 0.0299 0.0042 0.0246 0.0011 0.0003 0.0272 0.0227 0.7524 0.0256 0.0034 0.0081 
0.0508 0.0275 0.0070 0.0054 0.0002 0.0230 0.0034 0.0248 0.0003 0.0001 0.0361 0.0037 0.7490 0.0264 0.0050 0.0377 
0.0498 0.0246 0.0222 0.0045 0.0010 0.0280 0.0099 0.0241 0.0003 0.0001 0.0251 0.0259 0.7490 0.0270 0.0046 0.0042 
0.0541 0.0383 0.0102 0.0032 0.0006 0.0294 0.0010 0.0272 0.0002 0.0001 0.0331 0.0021 0.7580 0.0299 0.0056 0.0072 
0.0516 0.0283 0.0018 0.0203 0.0005 0.0267 0.0045 0.0264 0.0027 0.0001 0.0289 0.0136 0.7524 0.0281 0.0056 0.0088 
0.0511 0.0273 0.0345 0.0089 0.0008 0.0254 0.0056 0.0235 0.0008 0.0002 0.0289 0.0070 0.7229 0.0300 0.0077 0.0254 
0.0492 0.0254 0.0506 0.0125 0.0104 0.0246 0.0548 0.0232 0.0001 0.0001 0.0281 0.0072 0.6534 0.0343 0.0133 0.0131 
0.0954 0.0487 0.0708 0.0069 0.0428 0.0460 0.0698 0.0486 0.0005 0.0014 0.0646 0.0169 0.1259 0.2963 0.0379 0.0275 
0.0938 0.0462 0.0133 0.0051 0.0059 0.0599 0.0238 0.0711 0.0046 0.0061 0.0601 0.0243 0.1232 0.0687 0.3537 0.0403 
0.1035 0.0530 0.0160 0.0088 0.0037 0.0529 0.0032 0.0573 0.0150 0.0535 0.1457 0.0173 0.1024 0.0599 0.0120 0.2958 
0.2651 0.2355 0.0181 0.0102 0.0042 0.0729 0.0101 0.0578 0.0336 0.0048 0.0596 0.0637 0.0412 0.0607 0.0268 0.0358 
0.1502 0.1123 0.1950 0.0403 0.0054 0.0884 0.0222 0.0662 0.0048 0.0018 0.0836 0.0165 0.1012 0.0686 0.0198 0.0240 
0.0991 0.0810 0.4061 0.0722 0.0018 0.0554 0.0120 0.0553 0.0038 0.0006 0.0685 0.0197 0.0307 0.0468 0.0088 0.0382 
0.1190 0.0755 0.1276 0.3031 0.0042 0.0928 0.0104 0.0545 0.0067 0.0005 0.0613 0.0276 0.0391 0.0551 0.0094 0.0131 
0.1259 0.0652 0.1668 0.0859 0.0233 0.2085 0.0109 0.0625 0.0006 0.0059 0.0823 0.0168 0.0660 0.0593 0.0099 0.0104 
0.1128 0.0975 0.0229 0.3049 0.0158 0.0668 0.0040 0.0636 0.0019 0.0001 0.1299 0.0331 0.0783 0.0542 0.0014 0.0129 
0.1088 0.0599 0.0208 0.1421 0.0048 0.1322 0.0024 0.0581 0.0046 0.0011 0.0578 0.1402 0.2134 0.0521 0.0008 0.0010 
0.0786 0.0655 0.0275 0.0938 0.0075 0.0436 0.0022 0.0398 0.0126 0.0102 0.0543 0.0072 0.5078 0.0353 0.0129 0.0011 
0.0837 0.0567 0.0139 0.2244 0.0165 0.0393 0.0064 0.0537 0.0024 0.0001 0.0449 0.0302 0.3641 0.0484 0.0067 0.0088 
0.1107 0.0756 0.0685 0.0863 0.0026 0.0604 0.0021 0.0548 0.0040 0.0001 0.0518 0.0077 0.3969 0.0486 0.0149 0.0153 
0.1038 0.0538 0.0380 0.0545 0.0018 0.1781 0.0027 0.0532 0.0037 0.0118 0.0816 0.0094 0.3094 0.0549 0.0101 0.0332 
0.1165 0.2922 0.0332 0.1134 0.0040 0.0532 0.0008 0.0478 0.0022 0.0016 0.0810 0.0391 0.1462 0.0497 0.0027 0.0165 
0.0933 0.0475 0.0118 0.0214 0.0064 0.3024 0.0037 0.0463 0.0003 0.0046 0.0463 0.0920 0.2494 0.0534 0.0152 0.0059 
0.0607 0.0331 0.0246 0.0054 0.0032 0.0591 0.0030 0.0371 0.0006 0.0001 0.4376 0.0043 0.2633 0.0321 0.0112 0.0248 
0.0393 0.0307 0.0081 0.0104 0.0019 0.0228 0.0040 0.0205 0.0029 0.0006 0.0375 0.6017 0.1898 0.0184 0.0019 0.0094 
0.1142 0.0625 0.0403 0.0249 0.0013 0.0450 0.0115 0.0468 0.0155 0.0003 0.0470 0.0305 0.1990 0.0478 0.0109 0.3026 
0.0541 0.0303 0.5383 0.0265 0.0029 0.0423 0.0291 0.0262 0.0006 0.0011 0.0278 0.0045 0.1618 0.0273 0.0043 0.0228 
0.0819 0.0420 0.0107 0.0014 0.0101 0.5366 0.0061 0.0442 0.0001 0.0048 0.0752 0.0061 0.1334 0.0407 0.0030 0.0037 
0.0669 0.0353 0.0018 0.0064 0.0011 0.0323 0.0019 0.0417 0.0021 0.0008 0.5548 0.1543 0.0649 0.0332 0.0005 0.0021 
0.0443 0.0264 0.0005 0.0067 0.0005 0.0200 0.0024 0.0225 0.0097 0.0005 0.0272 0.6662 0.1441 0.0236 0.0034 0.0021 
0.0557 0.0270 0.0161 0.0011 0.0008 0.0305 0.0037 0.0265 0.0008 0.0001 0.0273 0.0061 0.7627 0.0278 0.0043 0.0097 
0.0551 0.0345 0.0220 0.0010 0.0006 0.0294 0.0021 0.0267 0.0003 0.0001 0.0268 0.0040 0.7589 0.0252 0.0043 0.0091 
0.0546 0.0294 0.0037 0.0149 0.0008 0.0268 0.0018 0.0278 0.0016 0.0001 0.0310 0.0038 0.7728 0.0273 0.0008 0.0030 
0.0543 0.0265 0.0059 0.0118 0.0018 0.0280 0.0006 0.0283 0.0005 0.0002 0.0305 0.0110 0.7617 0.0343 0.0026 0.0021 
0.0540 0.0294 0.0037 0.0035 0.0016 0.0382 0.0043 0.0265 0.0006 0.0001 0.0260 0.0077 0.7659 0.0275 0.0091 0.0022 
0.0546 0.0343 0.0011 0.0056 0.0026 0.0267 0.0043 0.0273 0.0008 0.0002 0.0318 0.0021 0.7703 0.0278 0.0026 0.0080 
0.0586 0.0254 0.0035 0.0069 0.0006 0.0313 0.0026 0.0297 0.0014 0.0002 0.0278 0.0123 0.7599 0.0265 0.0056 0.0077 
0.0502 0.0280 0.0110 0.0013 0.0006 0.0289 0.0046 0.0262 0.0035 0.0006 0.0351 0.0059 0.7541 0.0252 0.0072 0.0174 
0.0583 0.0281 0.0054 0.0018 0.0014 0.0343 0.0021 0.0257 0.0011 0.0001 0.0313 0.0126 0.7604 0.0264 0.0029 0.0081 
0.0506 0.0291 0.0128 0.0006 0.0029 0.0307 0.0011 0.0251 0.0005 0.0003 0.0331 0.0136 0.7544 0.0364 0.0022 0.0067 
0.0516 0.0268 0.0072 0.0043 0.0006 0.0254 0.0002 0.0268 0.0002 0.0002 0.0336 0.0280 0.7504 0.0284 0.0046 0.0117 
0.0513 0.0267 0.0080 0.0027 0.0013 0.0300 0.0035 0.0256 0.0030 0.0001 0.0267 0.0187 0.7559 0.0280 0.0081 0.0105 
0.0561 0.0272 0.0022 0.0030 0.0014 0.0299 0.0048 0.0267 0.0001 0.0001 0.0385 0.0065 0.7641 0.0299 0.0058 0.0043 
0.0564 0.0315 0.0010 0.0026 0.0008 0.0283 0.0032 0.0267 0.0008 0.0002 0.0286 0.0219 0.7639 0.0265 0.0021 0.0058 
0.0562 0.0270 0.0029 0.0062 0.0003 0.0302 0.0019 0.0281 0.0010 0.0014 0.0326 0.0059 0.7712 0.0273 0.0034 0.0045 
0.0548 0.0284 0.0046 0.0003 0.0010 0.0407 0.0014 0.0272 0.0001 0.0001 0.0297 0.0077 0.7716 0.0281 0.0013 0.0035 
0.0561 0.0348 0.0011 0.0016 0.0005 0.0265 0.0003 0.0276 0.0001 0.0001 0.0329 0.0094 0.7767 0.0281 0.0027 0.0018 
0.0559 0.0278 0.0026 0.0085 0.0002 0.0271 0.0034 0.0281 0.0011 0.0001 0.0299 0.0062 0.7731 0.0279 0.0032 0.0053 
0.0570 0.0280 0.0096 0.0019 0.0002 0.0307 0.0038 0.0276 0.0001 0.0001 0.0278 0.0042 0.7638 0.0303 0.0053 0.0101 
0.0551 0.0313 0.0185 0.0016 0.0032 0.0318 0.0018 0.0267 0.0002 0.0001 0.0316 0.0037 0.7552 0.0270 0.0070 0.0056 
0.0543 0.0327 0.0121 0.0029 0.0252 0.0276 0.0062 0.0288 0.0001 0.0001 0.0319 0.0050 0.4219 0.3383 0.0034 0.0099 
0.0541 0.0257 0.0091 0.0195 0.0003 0.0224 0.0024 0.0391 0.0008 0.0001 0.0254 0.0054 0.4177 0.0244 0.3447 0.0091 
0.0851 0.0439 0.0377 0.0051 0.0013 0.0474 0.0022 0.0433 0.0136 0.0176 0.0513 0.0099 0.3564 0.0415 0.0042 0.2395 
0.2639 0.0492 0.0144 0.0141 0.0091 0.0503 0.0024 0.0484 0.0002 0.0002 0.0649 0.0075 0.4245 0.0439 0.0037 0.0034 
0.0668 0.0471 0.0097 0.0118 0.0292 0.0858 0.0310 0.0342 0.0006 0.0008 0.0483 0.0283 0.0201 0.5797 0.0010 0.0054 
0.0495 0.0473 0.0139 0.0351 0.0013 0.0291 0.0026 0.0369 0.0022 0.0001 0.0342 0.0053 0.0149 0.0268 0.6942 0.0067 
0.0371 0.0216 0.0510 0.0302 0.0016 0.0379 0.0037 0.0214 0.0169 0.0099 0.0256 0.0219 0.0454 0.0192 0.0016 0.6552 
0.4940 0.0794 0.0549 0.0303 0.0045 0.0656 0.0091 0.0628 0.0046 0.0005 0.0719 0.0065 0.0252 0.0602 0.0072 0.0232 
0.0458 0.0343 0.6233 0.0939 0.0045 0.0524 0.0099 0.0286 0.0038 0.0002 0.0353 0.0126 0.0166 0.0244 0.0094 0.0050 
0.0992 0.0689 0.1134 0.2507 0.0219 0.2083 0.0083 0.0511 0.0045 0.0006 0.0582 0.0174 0.0241 0.0478 0.0126 0.0129 
0.0938 0.0730 0.0326 0.3115 0.0404 0.0875 0.0115 0.0613 0.0022 0.0016 0.1607 0.0115 0.0268 0.0612 0.0051 0.0193 
0.1083 0.1930 0.0808 0.0879 0.0064 0.1769 0.0024 0.0658 0.0091 0.0097 0.0585 0.1026 0.0211 0.0513 0.0102 0.0160 
0.1104 0.2272 0.1065 0.1725 0.0037 0.0575 0.0046 0.0473 0.0500 0.0160 0.0749 0.0230 0.0256 0.0457 0.0035 0.0316 
0.1005 0.0419 0.0166 0.0697 0.0054 0.4571 0.0029 0.0414 0.0038 0.0040 0.0524 0.0898 0.0725 0.0393 0.0010 0.0018 
0.0832 0.0391 0.0172 0.0447 0.0022 0.0554 0.0008 0.0430 0.0014 0.0019 0.5299 0.0426 0.0952 0.0396 0.0006 0.0029 
0.0420 0.0439 0.0008 0.0513 0.0026 0.0256 0.0006 0.0211 0.0008 0.0011 0.0304 0.6908 0.0649 0.0203 0.0013 0.0026 
0.0486 0.0256 0.0027 0.0722 0.0016 0.0268 0.0018 0.0262 0.0013 0.0001 0.0259 0.0246 0.7137 0.0243 0.0010 0.0038 
0.0506 0.0254 0.0206 0.0483 0.0006 0.0236 0.0011 0.0249 0.0021 0.0001 0.0257 0.0046 0.7361 0.0302 0.0021 0.0042 
0.0506 0.0240 0.0318 0.0458 0.0006 0.0263 0.0006 0.0243 0.0008 0.0005 0.0230 0.0048 0.7365 0.0248 0.0045 0.0011 
0.0535 0.0299 0.0037 0.0387 0.0016 0.0308 0.0013 0.0275 0.0005 0.0001 0.0264 0.0011 0.7519 0.0289 0.0021 0.0022 
0.0524 0.0254 0.0002 0.0517 0.0003 0.0279 0.0005 0.0260 0.0001 0.0001 0.0278 0.0024 0.7528 0.0259 0.0050 0.0019 
0.0597 0.0303 0.0054 0.0056 0.0002 0.0311 0.0018 0.0294 0.0005 0.0001 0.0343 0.0037 0.7613 0.0316 0.0027 0.0026 
0.0601 0.0289 0.0002 0.0078 0.0002 0.0423 0.0022 0.0292 0.0001 0.0001 0.0342 0.0035 0.7566 0.0291 0.0048 0.0011 
0.0532 0.0423 0.0035 0.0010 0.0120 0.0256 0.0136 0.0265 0.0008 0.0001 0.0321 0.0056 0.7149 0.0363 0.0085 0.0244 
0.0819 0.0402 0.0034 0.0129 0.0319 0.0388 0.0276 0.0404 0.0001 0.0001 0.0470 0.0107 0.5200 0.1185 0.0096 0.0171 
0.0483 0.0251 0.0431 0.0038 0.0014 0.0220 0.0021 0.0382 0.0001 0.0013 0.0238 0.0034 0.5319 0.0254 0.2275 0.0027 
0.0647 0.0323 0.0006 0.0304 0.0013 0.0353 0.0013 0.0344 0.0072 0.0152 0.0334 0.0032 0.6545 0.0323 0.0011 0.0529 
0.1160 0.0294 0.0006 0.0136 0.0019 0.0367 0.0008 0.0294 0.0016 0.0014 0.0399 0.0024 0.6879 0.0308 0.0072 0.0003 
0.0591 0.0323 0.0073 0.0040 0.0003 0.0601 0.0016 0.0294 0.0001 0.0001 0.0462 0.0150 0.7080 0.0283 0.0064 0.0024 
0.0622 0.0826 0.0038 0.0479 0.0001 0.0294 0.0014 0.0305 0.0008 0.0001 0.0385 0.0107 0.6489 0.0321 0.0016 0.0096 
0.0522 0.0228 0.0149 0.1671 0.0003 0.0220 0.0014 0.0217 0.0002 0.0001 0.0236 0.0040 0.6381 0.0230 0.0050 0.0038 
0.0546 0.0270 0.0685 0.0174 0.0030 0.0506 0.0022 0.0287 0.0001 0.0001 0.0297 0.0019 0.6831 0.0270 0.0032 0.0030 
0.0885 0.0588 0.0002 0.0206 0.0807 0.0949 0.0058 0.0474 0.0011 0.0005 0.0535 0.0051 0.2228 0.3022 0.0026 0.0153 
0.0978 0.0671 0.0059 0.0126 0.0038 0.0575 0.0203 0.0620 0.0042 0.0001 0.0685 0.0089 0.0688 0.0578 0.4565 0.0081 
0.0938 0.1011 0.0673 0.0115 0.0011 0.0454 0.0024 0.0471 0.0144 0.0181 0.0468 0.0353 0.0663 0.0459 0.0398 0.3638 
0.2131 0.0591 0.0224 0.0157 0.0045 0.1570 0.0118 0.0591 0.0022 0.0177 0.0565 0.0065 0.2720 0.0565 0.0085 0.0372 
0.0722 0.0382 0.0545 0.0088 0.0038 0.0594 0.0014 0.0385 0.0008 0.0001 0.5221 0.0048 0.1525 0.0372 0.0010 0.0048 
0.0463 0.0363 0.0019 0.0096 0.0024 0.0423 0.0064 0.0264 0.0011 0.0014 0.0409 0.7056 0.0558 0.0214 0.0019 0.0003 
0.0487 0.0305 0.0037 0.0097 0.0013 0.0305 0.0077 0.0270 0.0011 0.0001 0.0546 0.0236 0.7049 0.0246 0.0048 0.0273 
0.0495 0.0236 0.0099 0.0024 0.0018 0.0506 0.0042 0.0238 0.0006 0.0003 0.0336 0.0444 0.7265 0.0228 0.0013 0.0046 
0.0505 0.0390 0.0230 0.0003 0.0011 0.0265 0.0021 0.0259 0.0002 0.0024 0.0371 0.0153 0.7481 0.0241 0.0014 0.0030 
0.0503 0.0288 0.0024 0.0042 0.0002 0.0281 0.0037 0.0248 0.0029 0.0001 0.0281 0.0433 0.7511 0.0272 0.0013 0.0040 
0.0554 0.0281 0.0057 0.0011 0.0005 0.0279 0.0024 0.0262 0.0005 0.0011 0.0297 0.0075 0.7702 0.0287 0.0085 0.0064 
0.0535 0.0300 0.0104 0.0010 0.0006 0.0272 0.0024 0.0265 0.0001 0.0001 0.0281 0.0105 0.7690 0.0273 0.0045 0.0093 
0.0578 0.0286 0.0038 0.0032 0.0013 0.0276 0.0011 0.0275 0.0006 0.0001 0.0291 0.0077 0.7770 0.0288 0.0014 0.0045 
0.0545 0.0260 0.0040 0.0056 0.0010 0.0351 0.0006 0.0275 0.0008 0.0003 0.0307 0.0053 0.7667 0.0307 0.0050 0.0062 
0.0532 0.0332 0.0019 0.0016 0.0006 0.0300 0.0069 0.0257 0.0001 0.0001 0.0305 0.0139 0.7620 0.0278 0.0051 0.0077 
0.0561 0.0428 0.0075 0.0042 0.0002 0.0246 0.0042 0.0265 0.0003 0.0001 0.0284 0.0057 0.7627 0.0272 0.0045 0.0054 
0.0533 0.0265 0.0065 0.0064 0.0002 0.0393 0.0038 0.0268 0.0011 0.0001 0.0272 0.0046 0.7539 0.0287 0.0054 0.0163 
0.0672 0.0382 0.0637 0.0093 0.0018 0.0348 0.0156 0.0351 0.0013 0.0001 0.0347 0.0059 0.5933 0.0466 0.0163 0.0364 
0.1164 0.0787 0.0634 0.0602 0.0077 0.0667 0.0345 0.0620 0.0040 0.0001 0.0575 0.0109 0.2741 0.0613 0.0484 0.0544 
0.1361 0.0468 0.0887 0.0160 0.0174 0.1069 0.0233 0.0569 0.0442 0.0022 0.0518 0.0035 0.0986 0.1278 0.0139 0.1660 
