0.1395 0.0500 0.0086 0.0507 0.0008 0.3031 0.0018 0.0495 0.0192 0.0483 0.1192 0.0583 0.0860 0.0491 0.0050 0.0110 
0.1147 0.0605 0.0425 0.0022 0.0006 0.0708 0.0034 0.0492 0.0019 0.0005 0.3891 0.0562 0.1466 0.0478 0.0022 0.0118 
0.0674 0.0369 0.0046 0.0051 0.0022 0.0551 0.0035 0.0324 0.0001 0.0003 0.0562 0.5181 0.1768 0.0329 0.0056 0.0027 
0.0545 0.0374 0.0021 0.0026 0.0013 0.0259 0.0026 0.0276 0.0008 0.0001 0.0495 0.0155 0.7445 0.0295 0.0038 0.0027 
0.0626 0.0323 0.0027 0.0147 0.0002 0.0323 0.0056 0.0321 0.0003 0.0001 0.0315 0.0328 0.6958 0.0340 0.0051 0.0182 
0.0559 0.0312 0.0594 0.0029 0.0029 0.0257 0.0014 0.0267 0.0003 0.0001 0.0264 0.0011 0.7254 0.0264 0.0077 0.0069 
0.0698 0.0356 0.0101 0.0011 0.0099 0.0589 0.0126 0.0379 0.0001 0.0001 0.0364 0.0019 0.6322 0.0744 0.0057 0.0134 
0.0682 0.0347 0.0051 0.0038 0.0001 0.0337 0.0008 0.0375 0.0010 0.0001 0.0516 0.0038 0.5917 0.0321 0.1171 0.0190 
0.0687 0.0350 0.0131 0.0026 0.0011 0.0328 0.0029 0.0339 0.0153 0.0144 0.0383 0.0556 0.5501 0.0348 0.0011 0.1003 
0.1180 0.0369 0.0318 0.0026 0.0018 0.0591 0.0056 0.0347 0.0002 0.0002 0.0340 0.0024 0.6299 0.0340 0.0053 0.0037 
0.0522 0.0337 0.0356 0.0035 0.0062 0.0724 0.0013 0.0284 0.0003 0.0002 0.0990 0.0064 0.6244 0.0257 0.0021 0.0085 
0.0609 0.0372 0.0152 0.0081 0.0026 0.0449 0.0018 0.0419 0.0010 0.0002 0.0460 0.1593 0.5463 0.0291 0.0016 0.0042 
0.0588 0.0342 0.0030 0.0260 0.0008 0.0351 0.0027 0.0313 0.0043 0.0001 0.0492 0.0240 0.6919 0.0318 0.0008 0.0062 
0.0524 0.0264 0.0315 0.0029 0.0035 0.0550 0.0030 0.0264 0.0021 0.0008 0.0297 0.0328 0.6969 0.0259 0.0056 0.0053 
0.0562 0.0351 0.0142 0.0024 0.0022 0.0353 0.0077 0.0331 0.0002 0.0001 0.0425 0.0043 0.7293 0.0278 0.0014 0.0083 
0.0550 0.0371 0.0035 0.0037 0.0014 0.0340 0.0032 0.0284 0.0086 0.0001 0.0372 0.0348 0.7110 0.0283 0.0037 0.0102 
0.0567 0.0335 0.0097 0.0056 0.0048 0.0308 0.0206 0.0289 0.0026 0.0010 0.0327 0.0275 0.6899 0.0423 0.0086 0.0046 
0.0573 0.0315 0.0198 0.0065 0.0010 0.0353 0.0032 0.0324 0.0008 0.0003 0.0313 0.0093 0.7036 0.0310 0.0252 0.0115 
0.0521 0.0573 0.0083 0.0102 0.0018 0.0268 0.0085 0.0243 0.0164 0.0016 0.0265 0.0032 0.3301 0.0469 0.0062 0.3798 
0.0869 0.0342 0.0359 0.0126 0.0053 0.0689 0.0133 0.0342 0.0001 0.0002 0.0430 0.0067 0.6081 0.0358 0.0101 0.0050 
0.0717 0.0575 0.0534 0.0072 0.0008 0.0451 0.0011 0.0486 0.0011 0.0018 0.0920 0.0372 0.5397 0.0361 0.0016 0.0051 
0.0629 0.0331 0.0008 0.0618 0.0018 0.0393 0.0050 0.0316 0.0101 0.0005 0.0407 0.0749 0.5999 0.0308 0.0027 0.0040 
0.0535 0.0321 0.0173 0.0099 0.0027 0.0321 0.0024 0.0264 0.0006 0.0001 0.0364 0.0109 0.7411 0.0262 0.0034 0.0053 
0.0519 0.0264 0.0050 0.0094 0.0016 0.0411 0.0022 0.0299 0.0002 0.0001 0.0300 0.0149 0.7573 0.0259 0.0019 0.0026 
0.0550 0.0276 0.0048 0.0061 0.0006 0.0276 0.0022 0.0302 0.0040 0.0001 0.0344 0.0093 0.7608 0.0326 0.0043 0.0006 
0.0489 0.0308 0.0026 0.0038 0.0134 0.0278 0.0147 0.0248 0.0050 0.0001 0.0305 0.0129 0.7262 0.0366 0.0128 0.0094 
0.0834 0.0489 0.0190 0.0035 0.0556 0.0419 0.0898 0.0420 0.0001 0.0002 0.0427 0.0147 0.1692 0.3240 0.0347 0.0305 
0.0379 0.0217 0.0430 0.0147 0.0005 0.0152 0.0024 0.0331 0.0010 0.0010 0.0153 0.0010 0.1631 0.0241 0.5778 0.0484 
0.0596 0.0275 0.0792 0.0193 0.0022 0.0305 0.0065 0.0273 0.0310 0.0249 0.0355 0.0064 0.1101 0.0272 0.0073 0.5054 
0.3651 0.0821 0.0756 0.0489 0.0026 0.0668 0.0062 0.0559 0.0038 0.0001 0.0633 0.0085 0.0989 0.0591 0.0059 0.0574 
0.0572 0.0425 0.5018 0.2019 0.0038 0.0489 0.0034 0.0216 0.0016 0.0010 0.0268 0.0118 0.0430 0.0241 0.0035 0.0070 
0.0807 0.0633 0.0339 0.0220 0.0085 0.5920 0.0056 0.0411 0.0010 0.0034 0.0473 0.0160 0.0353 0.0391 0.0046 0.0064 
0.0768 0.0442 0.0022 0.0303 0.0075 0.0691 0.0024 0.0457 0.0013 0.0008 0.6200 0.0139 0.0354 0.0414 0.0013 0.0077 
0.0497 0.0344 0.0030 0.0107 0.0064 0.0265 0.0005 0.0288 0.0022 0.0038 0.0530 0.7306 0.0236 0.0236 0.0018 0.0013 
0.0462 0.0280 0.0077 0.0131 0.0018 0.0230 0.0022 0.0249 0.0043 0.0019 0.0315 0.0385 0.7378 0.0241 0.0032 0.0118 
0.0513 0.0256 0.0094 0.0037 0.0018 0.0388 0.0065 0.0246 0.0016 0.0001 0.0256 0.0238 0.7524 0.0256 0.0056 0.0038 
0.0521 0.0319 0.0176 0.0037 0.0029 0.0264 0.0030 0.0262 0.0002 0.0006 0.0318 0.0056 0.7615 0.0283 0.0035 0.0048 
0.0543 0.0270 0.0010 0.0225 0.0010 0.0292 0.0021 0.0259 0.0014 0.0001 0.0248 0.0190 0.7554 0.0288 0.0030 0.0046 
0.0532 0.0262 0.0069 0.0056 0.0019 0.0292 0.0018 0.0259 0.0018 0.0019 0.0308 0.0030 0.7637 0.0331 0.0070 0.0080 
0.0511 0.0299 0.0051 0.0043 0.0021 0.0340 0.0043 0.0264 0.0003 0.0003 0.0259 0.0078 0.7598 0.0268 0.0118 0.0101 
0.0521 0.0439 0.0075 0.0104 0.0008 0.0217 0.0019 0.0233 0.0016 0.0013 0.0329 0.0080 0.7422 0.0284 0.0021 0.0219 
0.0613 0.0391 0.0316 0.0307 0.0010 0.0286 0.0043 0.0265 0.0013 0.0003 0.0249 0.0149 0.6241 0.0580 0.0121 0.0412 
0.0513 0.0257 0.2040 0.0439 0.0011 0.0374 0.0058 0.0251 0.0003 0.0001 0.0281 0.0002 0.4829 0.0363 0.0390 0.0192 
0.0778 0.0518 0.0430 0.0457 0.0010 0.0446 0.0038 0.0395 0.0010 0.0001 0.0462 0.0120 0.5709 0.0382 0.0067 0.0179 
0.0490 0.0249 0.0038 0.3061 0.0026 0.0252 0.0061 0.0241 0.0002 0.0008 0.0264 0.0118 0.4853 0.0233 0.0029 0.0075 
0.0607 0.0316 0.0665 0.1251 0.0006 0.0425 0.0010 0.0297 0.0001 0.0001 0.0331 0.0073 0.5621 0.0312 0.0027 0.0061 
0.0543 0.0278 0.0102 0.0665 0.0038 0.0842 0.0011 0.0264 0.0002 0.0001 0.0315 0.0054 0.6597 0.0260 0.0021 0.0008 
0.0607 0.0537 0.0006 0.0380 0.0054 0.0457 0.0014 0.0345 0.0001 0.0001 0.0395 0.0048 0.6839 0.0295 0.0011 0.0013 
0.0570 0.0318 0.0003 0.0243 0.0011 0.0540 0.0030 0.0372 0.0011 0.0003 0.0393 0.0318 0.6862 0.0281 0.0022 0.0021 
0.0609 0.0361 0.0117 0.0059 0.0014 0.0326 0.0011 0.0295 0.0042 0.0001 0.0505 0.0292 0.6992 0.0300 0.0003 0.0073 
0.0518 0.0259 0.0144 0.0042 0.0011 0.0321 0.0006 0.0265 0.0001 0.0021 0.0342 0.0444 0.7324 0.0267 0.0016 0.0022 
0.0522 0.0326 0.0091 0.0016 0.0032 0.0312 0.0010 0.0272 0.0001 0.0001 0.0318 0.0128 0.7593 0.0265 0.0032 0.0086 
0.0535 0.0260 0.0003 0.0115 0.0008 0.0257 0.0029 0.0292 0.0008 0.0001 0.0334 0.0150 0.7556 0.0296 0.0053 0.0104 
0.0569 0.0305 0.0085 0.0019 0.0006 0.0272 0.0026 0.0272 0.0014 0.0002 0.0280 0.0125 0.7595 0.0300 0.0062 0.0069 
0.0529 0.0313 0.0107 0.0029 0.0024 0.0299 0.0038 0.0262 0.0010 0.0001 0.0291 0.0056 0.7591 0.0326 0.0046 0.0080 
0.0559 0.0273 0.0214 0.0065 0.0008 0.0310 0.0021 0.0275 0.0019 0.0001 0.0305 0.0065 0.6733 0.0359 0.0168 0.0626 
0.0513 0.0265 0.0383 0.0059 0.0011 0.0369 0.0289 0.0246 0.0051 0.0001 0.0259 0.0107 0.6559 0.0260 0.0075 0.0553 
0.0754 0.0430 0.0716 0.0243 0.0006 0.0388 0.0131 0.0343 0.0024 0.0016 0.0711 0.0064 0.5115 0.0395 0.0113 0.0551 
0.1300 0.0899 0.0626 0.0161 0.0042 0.1204 0.0249 0.0642 0.0070 0.0032 0.0692 0.0613 0.1286 0.1102 0.0225 0.0856 
0.1142 0.0861 0.1625 0.0270 0.0056 0.0946 0.0102 0.0581 0.0029 0.0008 0.0998 0.0105 0.1946 0.0561 0.0441 0.0329 
0.1084 0.0629 0.1369 0.0431 0.0042 0.0629 0.0067 0.0656 0.0035 0.0032 0.3076 0.0760 0.0272 0.0533 0.0069 0.0315 
0.1077 0.1193 0.0558 0.0422 0.0043 0.1008 0.0466 0.0527 0.0048 0.0005 0.0553 0.2812 0.0452 0.0508 0.0117 0.0212 
0.1029 0.1928 0.0567 0.1222 0.0088 0.0860 0.0058 0.0479 0.0086 0.0005 0.0545 0.0125 0.2133 0.0505 0.0145 0.0225 
0.1109 0.0561 0.0981 0.1134 0.0035 0.0855 0.0065 0.0534 0.0022 0.0054 0.0776 0.0142 0.3027 0.0486 0.0069 0.0150 
0.0852 0.0653 0.2077 0.1572 0.0026 0.0463 0.0136 0.0412 0.0113 0.0010 0.0626 0.0388 0.1906 0.0428 0.0096 0.0241 
0.0884 0.0620 0.1040 0.3012 0.0120 0.0730 0.0099 0.0417 0.0022 0.0042 0.0439 0.0329 0.1355 0.0436 0.0182 0.0273 
0.1356 0.1128 0.1160 0.1102 0.0096 0.1299 0.0187 0.0722 0.0006 0.0029 0.0712 0.0069 0.1038 0.0642 0.0185 0.0268 
0.1065 0.0577 0.0232 0.0168 0.0422 0.2685 0.0324 0.0580 0.0062 0.0027 0.1872 0.0268 0.0839 0.0736 0.0065 0.0077 
0.1155 0.0709 0.0230 0.0150 0.0046 0.0586 0.0008 0.0792 0.0024 0.0021 0.3318 0.1734 0.0593 0.0518 0.0058 0.0058 
0.0538 0.0367 0.0054 0.0161 0.0022 0.0296 0.0014 0.0294 0.0158 0.0129 0.0427 0.4351 0.2770 0.0270 0.0035 0.0112 
0.0714 0.0347 0.0236 0.0157 0.0021 0.0385 0.0070 0.0342 0.0011 0.0001 0.0423 0.0248 0.6612 0.0321 0.0067 0.0045 
0.0589 0.0316 0.0232 0.0192 0.0018 0.0359 0.0034 0.0292 0.0022 0.0001 0.0329 0.0257 0.6968 0.0268 0.0022 0.0102 
0.0647 0.0304 0.0070 0.0399 0.0010 0.0379 0.0018 0.0329 0.0022 0.0005 0.0387 0.0096 0.6919 0.0310 0.0024 0.0083 
0.0478 0.0256 0.0026 0.0117 0.0027 0.0853 0.0029 0.0241 0.0006 0.0006 0.0288 0.0131 0.7220 0.0257 0.0024 0.0042 
0.0586 0.0479 0.0027 0.0083 0.0014 0.0358 0.0014 0.0300 0.0006 0.0002 0.0589 0.0188 0.7016 0.0286 0.0026 0.0024 
0.0588 0.0305 0.0042 0.0069 0.0006 0.0367 0.0034 0.0296 0.0011 0.0003 0.0318 0.0436 0.7107 0.0283 0.0056 0.0080 
0.0537 0.0288 0.0206 0.0037 0.0026 0.0286 0.0014 0.0288 0.0006 0.0001 0.0331 0.0088 0.7458 0.0270 0.0048 0.0118 
0.0569 0.0320 0.0056 0.0032 0.0056 0.0367 0.0085 0.0292 0.0001 0.0001 0.0336 0.0115 0.7276 0.0388 0.0046 0.0062 
0.0561 0.0313 0.0038 0.0051 0.0005 0.0283 0.0006 0.0302 0.0003 0.0001 0.0324 0.0123 0.7574 0.0292 0.0093 0.0030 
0.0565 0.0276 0.0078 0.0024 0.0006 0.0347 0.0013 0.0281 0.0121 0.0011 0.0276 0.0101 0.7479 0.0275 0.0045 0.0101 
0.0598 0.0307 0.0086 0.0022 0.0008 0.0368 0.0024 0.0305 0.0005 0.0001 0.0572 0.0034 0.7277 0.0312 0.0046 0.0038 
0.0530 0.0369 0.0180 0.0027 0.0018 0.0248 0.0016 0.0278 0.0003 0.0001 0.0401 0.0594 0.6969 0.0273 0.0065 0.0030 
0.0625 0.0291 0.0018 0.0142 0.0022 0.0382 0.0035 0.0308 0.0008 0.0001 0.0305 0.0155 0.7225 0.0391 0.0032 0.0062 
0.1010 0.0558 0.0181 0.0054 0.0043 0.0559 0.0433 0.0548 0.0027 0.0001 0.0543 0.0037 0.3455 0.2323 0.0139 0.0091 
0.0557 0.0303 0.0208 0.0393 0.0006 0.0244 0.0190 0.0260 0.0032 0.0011 0.0305 0.0032 0.2821 0.0280 0.3995 0.0363 
0.0719 0.0299 0.0281 0.0107 0.0053 0.0537 0.0198 0.0281 0.0034 0.0620 0.0299 0.0137 0.2187 0.1238 0.0061 0.2950 
0.2133 0.0859 0.0297 0.0120 0.0053 0.0883 0.0104 0.0778 0.0008 0.0032 0.1510 0.0073 0.0703 0.1129 0.1105 0.0212 
0.1342 0.0950 0.0369 0.0345 0.0069 0.0923 0.0275 0.0703 0.0093 0.0155 0.1388 0.0674 0.0796 0.0776 0.0235 0.0907 
0.1933 0.0851 0.0910 0.0452 0.0057 0.0795 0.0069 0.0773 0.0065 0.0053 0.0990 0.0653 0.1168 0.0711 0.0137 0.0382 
0.1262 0.0633 0.1309 0.0444 0.0029 0.1195 0.0091 0.0666 0.0144 0.0059 0.0992 0.0748 0.1043 0.0669 0.0137 0.0578 
0.1458 0.1192 0.0810 0.0763 0.0054 0.0733 0.0101 0.0669 0.0086 0.0019 0.0901 0.0484 0.1647 0.0696 0.0083 0.0303 
0.1105 0.0794 0.2012 0.1989 0.0035 0.0765 0.0062 0.0562 0.0050 0.0010 0.0604 0.0412 0.0755 0.0540 0.0093 0.0212 
0.0557 0.0444 0.3867 0.2963 0.0029 0.0284 0.0061 0.0262 0.0042 0.0008 0.0337 0.0064 0.0318 0.0273 0.0118 0.0374 
0.0313 0.0184 0.2964 0.5279 0.0072 0.0201 0.0037 0.0141 0.0011 0.0005 0.0161 0.0123 0.0246 0.0131 0.0072 0.0061 
0.0580 0.0305 0.1145 0.4792 0.0097 0.1307 0.0019 0.0350 0.0002 0.0008 0.0332 0.0093 0.0570 0.0272 0.0073 0.0054 
0.0652 0.1040 0.0139 0.5301 0.0054 0.0862 0.0034 0.0372 0.0073 0.0006 0.0677 0.0093 0.0216 0.0323 0.0053 0.0105 
0.0864 0.0668 0.0048 0.0799 0.0129 0.4713 0.0096 0.0414 0.0099 0.0027 0.0823 0.0622 0.0208 0.0399 0.0043 0.0048 
0.0804 0.0615 0.0219 0.0447 0.0110 0.0409 0.0109 0.0475 0.0021 0.0024 0.4967 0.0537 0.0709 0.0446 0.0022 0.0086 
0.0740 0.0481 0.0299 0.0387 0.0014 0.0633 0.0040 0.0422 0.0078 0.0019 0.0428 0.4898 0.0966 0.0388 0.0136 0.0072 
0.0466 0.0308 0.0339 0.0126 0.0010 0.0399 0.0027 0.0214 0.0099 0.0042 0.0385 0.0077 0.6732 0.0220 0.0204 0.0351 
0.0655 0.0321 0.0169 0.0334 0.0016 0.0329 0.0048 0.0300 0.0003 0.0011 0.0730 0.0382 0.6313 0.0300 0.0011 0.0077 
0.0489 0.0236 0.0401 0.0272 0.0013 0.0319 0.0011 0.0228 0.0002 0.0005 0.0230 0.0968 0.6537 0.0219 0.0040 0.0030 
0.0495 0.0251 0.0035 0.0224 0.0010 0.0639 0.0010 0.0246 0.0008 0.0002 0.0511 0.0096 0.7178 0.0243 0.0013 0.0042 
0.0489 0.0248 0.0005 0.0056 0.0024 0.0387 0.0010 0.0243 0.0001 0.0003 0.0727 0.0299 0.7241 0.0241 0.0013 0.0016 
0.0404 0.0382 0.0005 0.0030 0.0013 0.0200 0.0006 0.0209 0.0010 0.0001 0.0214 0.1098 0.7174 0.0214 0.0026 0.0018 
0.0556 0.0270 0.0013 0.0040 0.0003 0.0257 0.0056 0.0268 0.0032 0.0001 0.0284 0.0065 0.7673 0.0275 0.0038 0.0171 
0.0529 0.0278 0.0169 0.0008 0.0006 0.0302 0.0056 0.0265 0.0005 0.0001 0.0288 0.0070 0.7633 0.0281 0.0038 0.0072 
0.0526 0.0350 0.0133 0.0048 0.0003 0.0238 0.0019 0.0267 0.0006 0.0001 0.0312 0.0067 0.7581 0.0257 0.0113 0.0081 
0.0534 0.0273 0.0129 0.0153 0.0010 0.0396 0.0101 0.0281 0.0026 0.0001 0.0267 0.0123 0.5988 0.0847 0.0097 0.0777 
0.0467 0.0328 0.1117 0.0072 0.0013 0.0256 0.0061 0.0208 0.0002 0.0001 0.0219 0.0029 0.6284 0.0222 0.0513 0.0214 
0.0517 0.0345 0.0580 0.0236 0.0019 0.0728 0.0160 0.0251 0.0013 0.0030 0.0326 0.0057 0.5711 0.0260 0.0037 0.0730 
0.1270 0.0580 0.0390 0.0105 0.0034 0.0856 0.0048 0.0505 0.0014 0.0014 0.1086 0.0212 0.3969 0.0669 0.0069 0.0179 
0.1414 0.1033 0.0540 0.0270 0.0038 0.1136 0.0086 0.0684 0.0042 0.0043 0.1108 0.0596 0.1279 0.0840 0.0300 0.0591 
0.1025 0.2228 0.1584 0.0538 0.0065 0.0553 0.0356 0.0511 0.0022 0.0022 0.0759 0.0494 0.0634 0.0541 0.0133 0.0533 
0.1204 0.0692 0.2026 0.0391 0.0078 0.1915 0.0104 0.0605 0.0006 0.0061 0.0649 0.0478 0.0919 0.0585 0.0115 0.0173 
0.0965 0.0454 0.2420 0.0636 0.0040 0.0672 0.0073 0.0462 0.0080 0.0105 0.2496 0.0118 0.0847 0.0482 0.0083 0.0067 
0.0845 0.0438 0.0203 0.1513 0.0021 0.0594 0.0046 0.0433 0.0014 0.0010 0.0794 0.4203 0.0412 0.0419 0.0022 0.0034 
0.0783 0.0947 0.0061 0.1550 0.0032 0.0377 0.0027 0.0358 0.0064 0.0016 0.0411 0.0286 0.4524 0.0377 0.0089 0.0099 
0.0328 0.0198 0.0211 0.3139 0.0021 0.0165 0.0058 0.0160 0.0008 0.0002 0.0177 0.0042 0.5031 0.0161 0.0066 0.0235 
0.0534 0.0296 0.2107 0.0513 0.0027 0.0465 0.0067 0.0278 0.0001 0.0008 0.0280 0.0014 0.5013 0.0267 0.0021 0.0113 
0.0457 0.0417 0.0097 0.1162 0.0021 0.0863 0.0011 0.0243 0.0027 0.0006 0.0355 0.0029 0.6007 0.0252 0.0026 0.0027 
0.0537 0.0511 0.0121 0.1612 0.0018 0.0364 0.0016 0.0257 0.0043 0.0001 0.0546 0.0177 0.5422 0.0275 0.0050 0.0051 
0.0433 0.0262 0.0331 0.1887 0.0010 0.0236 0.0019 0.0213 0.0006 0.0002 0.0243 0.0213 0.5713 0.0230 0.0107 0.0096 
0.0607 0.0345 0.0516 0.2149 0.0011 0.0518 0.0051 0.0300 0.0019 0.0001 0.0310 0.0054 0.4633 0.0315 0.0062 0.0109 
0.0417 0.0364 0.0216 0.3385 0.0018 0.0216 0.0040 0.0198 0.0005 0.0003 0.0272 0.0026 0.4490 0.0206 0.0056 0.0089 
0.0358 0.0243 0.0134 0.3803 0.0069 0.0220 0.0029 0.0193 0.0003 0.0001 0.0200 0.0089 0.4255 0.0222 0.0096 0.0088 
0.0625 0.0323 0.0217 0.1312 0.0465 0.0944 0.0069 0.0326 0.0005 0.0001 0.0336 0.0089 0.4863 0.0334 0.0046 0.0046 
0.1030 0.0883 0.0233 0.2696 0.0057 0.0650 0.0026 0.0669 0.0024 0.0011 0.0931 0.0117 0.2073 0.0508 0.0026 0.0065 
0.0815 0.0620 0.0225 0.3332 0.0066 0.0745 0.0035 0.0435 0.0074 0.0149 0.0470 0.0804 0.1750 0.0403 0.0032 0.0048 
0.1241 0.1263 0.0387 0.0732 0.0230 0.1267 0.0099 0.0650 0.0018 0.0011 0.0704 0.0142 0.2356 0.0610 0.0137 0.0153 
0.0812 0.0430 0.0078 0.0360 0.3049 0.0529 0.1101 0.0436 0.0011 0.0019 0.1238 0.0118 0.0547 0.1034 0.0069 0.0169 
0.0985 0.0530 0.0275 0.0102 0.0781 0.0521 0.0532 0.1768 0.0008 0.0053 0.0912 0.1024 0.0596 0.0540 0.1348 0.0026 
0.1361 0.0902 0.0267 0.0128 0.0024 0.0683 0.0029 0.1185 0.0329 0.0631 0.0747 0.0327 0.1113 0.0682 0.0303 0.1289 
0.1609 0.0482 0.0104 0.0321 0.0046 0.0605 0.0016 0.0505 0.0633 0.0345 0.0559 0.0233 0.3578 0.0484 0.0053 0.0427 
0.0850 0.0329 0.1019 0.0086 0.0046 0.0361 0.0013 0.0313 0.0005 0.0010 0.0821 0.0136 0.5650 0.0307 0.0042 0.0013 
0.0957 0.0484 0.0050 0.1238 0.0032 0.0968 0.0051 0.0510 0.0014 0.0001 0.0535 0.0834 0.3825 0.0468 0.0018 0.0018 
0.0545 0.0862 0.0010 0.0404 0.0022 0.0401 0.0010 0.0267 0.0002 0.0001 0.0284 0.0038 0.6865 0.0262 0.0010 0.0021 
0.0545 0.0304 0.0026 0.0385 0.0022 0.0305 0.0006 0.0275 0.0008 0.0011 0.0361 0.0073 0.7377 0.0268 0.0011 0.0022 
0.0509 0.0265 0.0192 0.0219 0.0024 0.0263 0.0005 0.0267 0.0024 0.0002 0.0287 0.0107 0.7549 0.0252 0.0032 0.0003 
0.0498 0.0252 0.0026 0.0410 0.0013 0.0246 0.0003 0.0265 0.0011 0.0001 0.0286 0.0109 0.7537 0.0264 0.0035 0.0046 
0.0557 0.0299 0.0019 0.0177 0.0010 0.0307 0.0037 0.0265 0.0003 0.0001 0.0265 0.0093 0.7636 0.0268 0.0035 0.0030 
0.0543 0.0372 0.0018 0.0155 0.0010 0.0299 0.0014 0.0273 0.0005 0.0001 0.0283 0.0019 0.7619 0.0305 0.0038 0.0050 
0.0489 0.0273 0.0074 0.0459 0.0010 0.0236 0.0019 0.0238 0.0019 0.0001 0.0265 0.0050 0.7367 0.0256 0.0064 0.0182 
0.0704 0.0401 0.0562 0.0343 0.0075 0.0363 0.0184 0.0364 0.0040 0.0001 0.0359 0.0078 0.1439 0.4518 0.0112 0.0458 
0.0653 0.0295 0.1429 0.0327 0.0018 0.0287 0.0203 0.0367 0.0002 0.0001 0.0335 0.0046 0.0781 0.0313 0.4883 0.0061 
0.0540 0.0339 0.1544 0.0629 0.0038 0.0294 0.0102 0.0256 0.0105 0.0107 0.0310 0.0073 0.0596 0.0256 0.0155 0.4656 
0.2853 0.0494 0.0543 0.1353 0.0749 0.0535 0.1062 0.0514 0.0010 0.0005 0.0476 0.0113 0.0345 0.0647 0.0152 0.0149 
0.0941 0.0610 0.0513 0.0224 0.0083 0.4139 0.0139 0.1481 0.0013 0.0075 0.0548 0.0046 0.0369 0.0427 0.0292 0.0101 
0.0679 0.0551 0.0126 0.0331 0.0200 0.0402 0.0161 0.0343 0.0936 0.0714 0.4422 0.0252 0.0196 0.0572 0.0013 0.0102 
0.0935 0.1353 0.0267 0.0537 0.0013 0.0431 0.0035 0.0407 0.0137 0.0014 0.0422 0.1625 0.0222 0.0372 0.3199 0.0029 
0.0334 0.0171 0.2469 0.0471 0.0014 0.0195 0.0018 0.0155 0.0344 0.0104 0.0179 0.0043 0.0352 0.0176 0.0110 0.4866 
0.3295 0.0676 0.1004 0.0879 0.0078 0.1000 0.0043 0.0638 0.0010 0.0001 0.0679 0.0048 0.0860 0.0633 0.0091 0.0067 
0.0858 0.0605 0.2471 0.3518 0.0038 0.0746 0.0032 0.0452 0.0008 0.0003 0.0524 0.0048 0.0152 0.0406 0.0059 0.0080 
0.0596 0.0631 0.0181 0.6538 0.0026 0.0561 0.0018 0.0302 0.0045 0.0001 0.0452 0.0141 0.0145 0.0292 0.0035 0.0040 
0.0668 0.0367 0.0256 0.6039 0.0042 0.0869 0.0040 0.0353 0.0030 0.0003 0.0559 0.0252 0.0157 0.0316 0.0040 0.0010 
0.0829 0.0999 0.0211 0.5153 0.0128 0.0481 0.0045 0.0417 0.0048 0.0002 0.0561 0.0193 0.0240 0.0393 0.0069 0.0233 
0.1008 0.0514 0.0168 0.2198 0.1805 0.1530 0.0406 0.0529 0.0021 0.0038 0.0593 0.0254 0.0235 0.0597 0.0050 0.0054 
0.1452 0.1699 0.0632 0.0984 0.0129 0.0738 0.0019 0.1620 0.0022 0.0131 0.0976 0.0264 0.0283 0.0709 0.0235 0.0107 
0.1251 0.0789 0.0064 0.0431 0.0251 0.1982 0.0316 0.0653 0.0931 0.0677 0.0760 0.0489 0.0268 0.0701 0.0037 0.0399 
0.1548 0.0859 0.0605 0.0345 0.0064 0.0904 0.0089 0.0672 0.0141 0.0042 0.3054 0.0225 0.0688 0.0604 0.0089 0.0070 
0.0854 0.2822 0.0569 0.0356 0.0053 0.0538 0.0034 0.0428 0.0083 0.0355 0.0498 0.2175 0.0533 0.0417 0.0043 0.0243 
0.0997 0.0620 0.0534 0.0158 0.0034 0.2816 0.0059 0.0513 0.0027 0.0113 0.0610 0.0554 0.2313 0.0481 0.0067 0.0104 
0.0633 0.0313 0.0109 0.0128 0.0038 0.0462 0.0030 0.0321 0.0040 0.0018 0.4698 0.0200 0.2578 0.0331 0.0038 0.0064 
0.0494 0.0321 0.0112 0.0077 0.0024 0.0257 0.0053 0.0256 0.0013 0.0013 0.0452 0.7060 0.0554 0.0246 0.0021 0.0048 
0.0486 0.0230 0.0067 0.0150 0.0024 0.0272 0.0021 0.0257 0.0011 0.0003 0.0280 0.0610 0.7250 0.0249 0.0032 0.0058 
0.0529 0.0281 0.0152 0.0093 0.0019 0.0286 0.0043 0.0278 0.0019 0.0001 0.0264 0.0102 0.7588 0.0262 0.0016 0.0069 
0.0551 0.0260 0.0010 0.0050 0.0027 0.0438 0.0022 0.0273 0.0003 0.0005 0.0340 0.0029 0.7600 0.0329 0.0027 0.0037 
0.0541 0.0302 0.0037 0.0006 0.0016 0.0270 0.0024 0.0292 0.0019 0.0002 0.0291 0.0243 0.7641 0.0271 0.0030 0.0014 
0.0553 0.0275 0.0010 0.0056 0.0010 0.0254 0.0027 0.0271 0.0070 0.0001 0.0303 0.0073 0.7619 0.0286 0.0050 0.0144 
0.0559 0.0265 0.0126 0.0011 0.0003 0.0302 0.0035 0.0280 0.0005 0.0001 0.0278 0.0109 0.7692 0.0265 0.0045 0.0026 
0.0543 0.0300 0.0109 0.0005 0.0008 0.0281 0.0035 0.0272 0.0006 0.0001 0.0339 0.0056 0.7715 0.0281 0.0010 0.0042 
0.0578 0.0291 0.0005 0.0037 0.0024 0.0292 0.0008 0.0276 0.0006 0.0001 0.0283 0.0158 0.7690 0.0289 0.0027 0.0035 
0.0508 0.0275 0.0054 0.0018 0.0022 0.0286 0.0050 0.0288 0.0011 0.0001 0.0284 0.0058 0.7406 0.0431 0.0094 0.0216 
0.0435 0.0220 0.0420 0.0026 0.0016 0.0228 0.0267 0.0208 0.0018 0.0003 0.0201 0.0097 0.6838 0.0252 0.0593 0.0177 
0.0570 0.0374 0.0200 0.0019 0.0013 0.0425 0.0040 0.0264 0.0011 0.0019 0.0288 0.0037 0.6214 0.0302 0.0083 0.1141 
0.1216 0.0591 0.0850 0.0089 0.0013 0.0565 0.0086 0.0518 0.0070 0.0003 0.0890 0.0099 0.0816 0.1123 0.0379 0.2692 
0.0639 0.0337 0.4674 0.0294 0.0037 0.0388 0.0136 0.0299 0.0003 0.0002 0.0342 0.0791 0.0885 0.0320 0.0630 0.0224 
0.1051 0.0593 0.3347 0.0371 0.0006 0.1393 0.0032 0.0466 0.0048 0.0014 0.0505 0.0069 0.0334 0.0422 0.0179 0.1171 
0.0819 0.0834 0.3948 0.1495 0.0022 0.0401 0.0035 0.0371 0.0075 0.0006 0.0885 0.0133 0.0211 0.0369 0.0070 0.0326 
0.0787 0.0479 0.0014 0.0094 0.0099 0.6044 0.0053 0.0377 0.0003 0.0051 0.0380 0.0888 0.0254 0.0387 0.0045 0.0045 
0.0893 0.0442 0.0078 0.0096 0.0010 0.0446 0.0006 0.0529 0.0011 0.0005 0.6652 0.0037 0.0110 0.0473 0.0013 0.0200 
0.0553 0.0516 0.0075 0.0099 0.0018 0.0238 0.0016 0.0244 0.0046 0.0013 0.0280 0.7526 0.0073 0.0252 0.0014 0.0037 
0.0508 0.0244 0.0379 0.0147 0.0024 0.0297 0.0022 0.0260 0.0005 0.0001 0.0254 0.0166 0.7361 0.0254 0.0019 0.0059 
0.0537 0.0270 0.0057 0.0072 0.0018 0.0439 0.0013 0.0287 0.0008 0.0002 0.0326 0.0057 0.7526 0.0321 0.0026 0.0042 
0.0527 0.0449 0.0008 0.0032 0.0014 0.0339 0.0011 0.0273 0.0027 0.0001 0.0275 0.0190 0.7500 0.0273 0.0062 0.0019 
0.0548 0.0308 0.0013 0.0021 0.0014 0.0401 0.0074 0.0276 0.0016 0.0001 0.0310 0.0040 0.7589 0.0272 0.0056 0.0064 
0.0505 0.0287 0.0097 0.0001 0.0002 0.0617 0.0050 0.0259 0.0005 0.0001 0.0292 0.0067 0.7462 0.0248 0.0042 0.0072 
0.0509 0.0331 0.0166 0.0001 0.0016 0.0332 0.0104 0.0251 0.0001 0.0001 0.0340 0.0067 0.7531 0.0249 0.0046 0.0062 
0.0570 0.0409 0.0118 0.0022 0.0001 0.0232 0.0026 0.0256 0.0010 0.0001 0.0297 0.0097 0.7492 0.0249 0.0024 0.0201 
0.0474 0.0224 0.0585 0.0046 0.0003 0.0212 0.0008 0.0220 0.0019 0.0002 0.0256 0.0131 0.7356 0.0278 0.0026 0.0160 
0.0502 0.0249 0.0121 0.0006 0.0029 0.0617 0.0016 0.0254 0.0001 0.0001 0.0244 0.0059 0.7526 0.0280 0.0081 0.0018 
0.0473 0.0556 0.0001 0.0029 0.0011 0.0326 0.0011 0.0262 0.0001 0.0001 0.0534 0.0027 0.7425 0.0243 0.0054 0.0053 
0.0457 0.0374 0.0002 0.0027 0.0008 0.0208 0.0080 0.0224 0.0045 0.0001 0.0265 0.0775 0.7202 0.0244 0.0018 0.0075 
0.0557 0.0254 0.0291 0.0026 0.0005 0.0230 0.0133 0.0240 0.0011 0.0001 0.0246 0.0102 0.7425 0.0256 0.0101 0.0126 
0.0497 0.0243 0.0363 0.0011 0.0019 0.0380 0.0066 0.0259 0.0011 0.0001 0.0297 0.0024 0.7498 0.0241 0.0067 0.0024 
0.0519 0.0383 0.0045 0.0021 0.0067 0.0267 0.0035 0.0318 0.0006 0.0006 0.0382 0.0053 0.7525 0.0283 0.0042 0.0048 
0.0500 0.0415 0.0003 0.0177 0.0040 0.0227 0.0019 0.0249 0.0013 0.0001 0.0216 0.0486 0.7178 0.0276 0.0072 0.0129 
0.0604 0.0254 0.0091 0.0014 0.0030 0.0363 0.0045 0.0292 0.0022 0.0021 0.0303 0.0016 0.7454 0.0302 0.0112 0.0077 
0.0425 0.0238 0.0065 0.0002 0.0010 0.0361 0.0014 0.0243 0.0042 0.0003 0.1194 0.0147 0.6931 0.0219 0.0062 0.0045 
0.0283 0.0235 0.0001 0.0006 0.0013 0.0131 0.0038 0.0129 0.0021 0.0002 0.0246 0.2517 0.6191 0.0115 0.0034 0.0040 
0.0506 0.0281 0.0035 0.0001 0.0003 0.0375 0.0045 0.0249 0.0003 0.0001 0.0294 0.0172 0.7510 0.0275 0.0062 0.0190 
0.0513 0.0339 0.0174 0.0001 0.0005 0.0257 0.0101 0.0249 0.0001 0.0001 0.0345 0.0061 0.7522 0.0254 0.0035 0.0149 
0.0529 0.0345 0.0316 0.0005 0.0008 0.0224 0.0045 0.0268 0.0001 0.0001 0.0299 0.0072 0.7432 0.0243 0.0048 0.0168 
0.0441 0.0222 0.0160 0.0010 0.0019 0.0312 0.0161 0.0264 0.0021 0.0001 0.0219 0.0185 0.5006 0.2791 0.0045 0.0145 
0.0770 0.0834 0.0807 0.0038 0.0042 0.0353 0.0120 0.0396 0.0029 0.0001 0.0377 0.0097 0.1500 0.0403 0.3421 0.0815 
0.0895 0.0527 0.0302 0.0115 0.0107 0.0749 0.0479 0.0467 0.0161 0.0011 0.0393 0.0174 0.1305 0.0390 0.0048 0.3876 
0.2878 0.0469 0.0733 0.0050 0.0172 0.0655 0.0211 0.0688 0.0471 0.0008 0.0503 0.0034 0.0516 0.1726 0.0093 0.0794 
