0.1696 0.0628 0.0513 0.1698 0.0094 0.0858 0.0091 0.0641 0.0241 0.0419 0.1457 0.0399 0.0446 0.0581 0.0029 0.0209 
0.1219 0.1471 0.2000 0.1362 0.0032 0.0736 0.0073 0.0604 0.0089 0.0013 0.0680 0.0426 0.0484 0.0497 0.0057 0.0256 
0.1114 0.0543 0.1147 0.1920 0.0147 0.1460 0.0208 0.0564 0.0171 0.0030 0.0930 0.0467 0.0561 0.0538 0.0093 0.0107 
0.0743 0.2417 0.0621 0.3447 0.0056 0.0385 0.0038 0.0417 0.0026 0.0008 0.0403 0.0382 0.0420 0.0358 0.0026 0.0254 
0.1187 0.0558 0.0272 0.1917 0.0050 0.2516 0.0125 0.0567 0.0075 0.0038 0.0644 0.0337 0.1029 0.0602 0.0064 0.0019 
0.0839 0.0425 0.2515 0.0638 0.0056 0.0553 0.0005 0.0435 0.0045 0.0005 0.3249 0.0089 0.0658 0.0406 0.0032 0.0051 
0.0540 0.0615 0.0034 0.2235 0.0069 0.0380 0.0011 0.0291 0.0016 0.0005 0.0278 0.4896 0.0316 0.0260 0.0027 0.0027 
0.0565 0.0284 0.0061 0.0280 0.0208 0.0994 0.0050 0.0329 0.0003 0.0008 0.0337 0.0067 0.6385 0.0315 0.0088 0.0027 
0.0502 0.1608 0.0016 0.0214 0.0050 0.0278 0.0014 0.0316 0.0019 0.0001 0.0273 0.0177 0.6223 0.0243 0.0024 0.0045 
0.0575 0.0267 0.0006 0.0272 0.0018 0.0420 0.0034 0.0312 0.0070 0.0097 0.0353 0.0142 0.7118 0.0259 0.0018 0.0040 
0.0521 0.0353 0.0502 0.0032 0.0005 0.0238 0.0024 0.0256 0.0034 0.0001 0.0320 0.0045 0.7322 0.0259 0.0011 0.0081 
0.0527 0.0262 0.0113 0.0109 0.0018 0.0367 0.0035 0.0257 0.0008 0.0008 0.0281 0.0257 0.7435 0.0256 0.0050 0.0018 
0.0487 0.0267 0.0522 0.0054 0.0010 0.0335 0.0010 0.0260 0.0002 0.0001 0.0319 0.0026 0.7379 0.0241 0.0018 0.0070 
0.0516 0.0268 0.0019 0.0228 0.0003 0.0284 0.0011 0.0246 0.0021 0.0001 0.0318 0.0235 0.7481 0.0294 0.0019 0.0058 
0.0511 0.0273 0.0096 0.0160 0.0013 0.0302 0.0032 0.0249 0.0011 0.0001 0.0332 0.0128 0.7493 0.0268 0.0050 0.0081 
0.0470 0.0316 0.0032 0.0233 0.0051 0.0246 0.0065 0.0232 0.0003 0.0001 0.0244 0.0073 0.7093 0.0332 0.0109 0.0502 
0.0802 0.0422 0.0259 0.0133 0.0174 0.0573 0.0495 0.0388 0.0046 0.0003 0.0372 0.0062 0.1337 0.3971 0.0185 0.0776 
0.0692 0.0391 0.0685 0.0104 0.0030 0.0369 0.0067 0.0487 0.0018 0.0081 0.0657 0.0035 0.0960 0.0379 0.4867 0.0177 
0.0634 0.0999 0.0430 0.0150 0.0014 0.0425 0.0107 0.0286 0.0423 0.0021 0.0305 0.0235 0.0212 0.0254 0.0086 0.5418 
0.2938 0.0436 0.3879 0.0393 0.0024 0.0356 0.0077 0.0347 0.0105 0.0003 0.0508 0.0064 0.0145 0.0364 0.0069 0.0292 
0.0797 0.0479 0.0877 0.0105 0.0062 0.5890 0.0038 0.0418 0.0003 0.0021 0.0450 0.0268 0.0086 0.0396 0.0051 0.0056 
0.0811 0.0447 0.0252 0.0343 0.0037 0.0668 0.0018 0.0457 0.0006 0.0005 0.6304 0.0096 0.0081 0.0396 0.0034 0.0045 
0.0459 0.0532 0.0157 0.0540 0.0019 0.0229 0.0008 0.0217 0.0099 0.0003 0.0361 0.7072 0.0062 0.0219 0.0003 0.0019 
0.0511 0.0227 0.0099 0.0203 0.0050 0.0428 0.0006 0.0251 0.0006 0.0014 0.0286 0.0331 0.7240 0.0246 0.0054 0.0048 
0.0487 0.0307 0.0211 0.0069 0.0026 0.0399 0.0038 0.0273 0.0010 0.0001 0.0474 0.0091 0.7246 0.0244 0.0037 0.0089 
0.0521 0.0326 0.0035 0.0208 0.0011 0.0284 0.0040 0.0275 0.0013 0.0002 0.0291 0.0465 0.7164 0.0276 0.0011 0.0078 
0.0585 0.0283 0.0117 0.0102 0.0008 0.0474 0.0032 0.0284 0.0013 0.0005 0.0281 0.0070 0.7280 0.0313 0.0050 0.0104 
0.0535 0.0289 0.0249 0.0137 0.0008 0.0316 0.0022 0.0275 0.0003 0.0001 0.0351 0.0027 0.7364 0.0268 0.0059 0.0096 
0.0534 0.0280 0.0262 0.0120 0.0014 0.0305 0.0010 0.0265 0.0006 0.0001 0.0337 0.0205 0.7246 0.0273 0.0051 0.0093 
0.0597 0.0297 0.0110 0.0265 0.0013 0.0276 0.0005 0.0270 0.0002 0.0001 0.0308 0.0085 0.7421 0.0295 0.0016 0.0042 
0.0527 0.0249 0.0109 0.0129 0.0018 0.0696 0.0011 0.0265 0.0013 0.0001 0.0267 0.0107 0.7247 0.0295 0.0040 0.0027 
0.0550 0.0529 0.0034 0.0051 0.0026 0.0388 0.0064 0.0292 0.0003 0.0001 0.0406 0.0024 0.7190 0.0275 0.0104 0.0067 
0.0605 0.0462 0.0026 0.0288 0.0034 0.0308 0.0088 0.0329 0.0011 0.0001 0.0331 0.0251 0.6724 0.0294 0.0030 0.0220 
0.0652 0.0268 0.0388 0.0129 0.0006 0.0511 0.0048 0.0312 0.0042 0.0002 0.0300 0.0074 0.6662 0.0273 0.0059 0.0273 
0.0414 0.0214 0.0947 0.0139 0.0008 0.0249 0.0042 0.0206 0.0014 0.0008 0.0676 0.0077 0.6728 0.0203 0.0011 0.0064 
0.0511 0.0292 0.0104 0.0252 0.0029 0.0339 0.0010 0.0248 0.0006 0.0003 0.0288 0.0466 0.7112 0.0304 0.0013 0.0024 
0.0506 0.0296 0.0054 0.0323 0.0016 0.0351 0.0010 0.0249 0.0011 0.0001 0.0332 0.0073 0.7482 0.0248 0.0030 0.0019 
0.0502 0.0286 0.0026 0.0133 0.0021 0.0471 0.0003 0.0264 0.0011 0.0014 0.0299 0.0073 0.7504 0.0297 0.0030 0.0067 
0.0530 0.0351 0.0037 0.0054 0.0027 0.0492 0.0013 0.0273 0.0005 0.0001 0.0305 0.0089 0.7452 0.0268 0.0062 0.0040 
0.0554 0.0417 0.0065 0.0093 0.0021 0.0292 0.0042 0.0280 0.0003 0.0001 0.0331 0.0093 0.7454 0.0273 0.0026 0.0059 
0.0608 0.0283 0.0080 0.0077 0.0010 0.0449 0.0026 0.0295 0.0016 0.0002 0.0326 0.0163 0.7118 0.0313 0.0064 0.0172 
0.0576 0.0315 0.0150 0.0027 0.0026 0.0367 0.0091 0.0287 0.0006 0.0001 0.0410 0.0085 0.7207 0.0297 0.0064 0.0091 
0.0693 0.0395 0.0067 0.0137 0.0024 0.0364 0.0026 0.0358 0.0011 0.0003 0.0425 0.0200 0.6825 0.0340 0.0027 0.0104 
0.0698 0.0334 0.0118 0.0093 0.0019 0.0511 0.0081 0.0358 0.0027 0.0005 0.0353 0.0113 0.6741 0.0329 0.0061 0.0158 
0.0519 0.0272 0.0422 0.0104 0.0014 0.0334 0.0035 0.0275 0.0010 0.0002 0.0431 0.0091 0.7152 0.0254 0.0016 0.0070 
0.0497 0.0300 0.0032 0.0117 0.0024 0.0621 0.0016 0.0267 0.0011 0.0006 0.0350 0.0280 0.7190 0.0246 0.0006 0.0037 
0.0500 0.0278 0.0038 0.0217 0.0019 0.0251 0.0005 0.0259 0.0013 0.0003 0.0639 0.0179 0.7315 0.0262 0.0008 0.0014 
0.0506 0.0257 0.0078 0.0230 0.0016 0.0307 0.0013 0.0262 0.0038 0.0002 0.0276 0.0463 0.7187 0.0287 0.0030 0.0046 
0.0558 0.0294 0.0198 0.0171 0.0029 0.0371 0.0019 0.0286 0.0006 0.0002 0.0315 0.0046 0.7297 0.0286 0.0064 0.0059 
0.0578 0.0297 0.0113 0.0112 0.0024 0.0497 0.0030 0.0326 0.0003 0.0003 0.0340 0.0065 0.7202 0.0284 0.0045 0.0080 
0.0594 0.0311 0.0045 0.0104 0.0034 0.0415 0.0027 0.0308 0.0011 0.0003 0.0380 0.0110 0.7237 0.0345 0.0011 0.0064 
0.0575 0.0310 0.0042 0.0067 0.0018 0.0358 0.0013 0.0311 0.0013 0.0003 0.0393 0.0208 0.7304 0.0297 0.0050 0.0040 
0.0604 0.0329 0.0166 0.0089 0.0018 0.0315 0.0048 0.0311 0.0040 0.0001 0.0434 0.0155 0.6922 0.0356 0.0056 0.0157 
0.0636 0.0284 0.0299 0.0082 0.0022 0.0344 0.0038 0.0302 0.0011 0.0001 0.0337 0.0237 0.7000 0.0297 0.0075 0.0035 
0.0626 0.0358 0.0174 0.0102 0.0038 0.0393 0.0034 0.0321 0.0032 0.0003 0.0329 0.0051 0.6767 0.0350 0.0045 0.0377 
0.0570 0.0308 0.0150 0.0101 0.0072 0.0390 0.0203 0.0300 0.0019 0.0002 0.0292 0.0102 0.6985 0.0363 0.0099 0.0045 
0.0564 0.0497 0.0211 0.0145 0.0037 0.0372 0.0105 0.0371 0.0040 0.0011 0.0369 0.0065 0.6470 0.0312 0.0149 0.0283 
0.0751 0.0409 0.0134 0.0270 0.0027 0.0551 0.0179 0.0388 0.0240 0.0022 0.0446 0.0230 0.4981 0.0377 0.0136 0.0859 
0.0639 0.0411 0.2088 0.0236 0.0043 0.0351 0.0163 0.0283 0.0067 0.0013 0.0483 0.0120 0.4552 0.0328 0.0075 0.0149 
0.0867 0.0521 0.1295 0.0529 0.0061 0.0644 0.0085 0.0505 0.0030 0.0011 0.0517 0.0513 0.3812 0.0436 0.0109 0.0067 
0.1235 0.0693 0.0377 0.0476 0.0452 0.1206 0.0260 0.0665 0.0109 0.0045 0.0773 0.0307 0.1649 0.1403 0.0121 0.0230 
0.1293 0.0904 0.0431 0.0709 0.0128 0.0775 0.0086 0.0979 0.0050 0.0030 0.0866 0.0286 0.1246 0.0692 0.1352 0.0173 
0.1110 0.0882 0.0230 0.0326 0.0240 0.1275 0.0200 0.0596 0.0225 0.0783 0.0671 0.0640 0.1254 0.0577 0.0113 0.0880 
0.1790 0.0745 0.0321 0.0181 0.0171 0.1082 0.0331 0.0804 0.0085 0.0059 0.1461 0.0326 0.1564 0.0767 0.0150 0.0165 
0.1064 0.0591 0.0594 0.0241 0.0064 0.0599 0.0136 0.0666 0.0192 0.0089 0.2779 0.1155 0.0700 0.0716 0.0165 0.0251 
0.1152 0.0596 0.0315 0.0331 0.0104 0.0687 0.0123 0.0526 0.0213 0.0056 0.0551 0.2752 0.1597 0.0519 0.0177 0.0300 
0.0967 0.0483 0.0853 0.0459 0.0112 0.0665 0.0323 0.0521 0.0083 0.0013 0.0543 0.0216 0.3386 0.0631 0.0149 0.0599 
0.0823 0.0492 0.2338 0.0414 0.0040 0.0511 0.0097 0.0428 0.0121 0.0037 0.0476 0.0176 0.3190 0.0393 0.0225 0.0238 
0.1134 0.0746 0.0786 0.0518 0.0091 0.2080 0.0072 0.0500 0.0136 0.0273 0.0602 0.0281 0.1550 0.0519 0.0105 0.0607 
0.1585 0.1233 0.1401 0.1038 0.0110 0.0708 0.0061 0.0736 0.0051 0.0008 0.1168 0.0165 0.0559 0.0682 0.0152 0.0343 
0.1054 0.0567 0.0387 0.0399 0.0137 0.3904 0.0096 0.0542 0.0046 0.0029 0.0607 0.0992 0.0490 0.0516 0.0070 0.0163 
0.0923 0.0647 0.0161 0.0212 0.0075 0.0850 0.0050 0.0516 0.0051 0.0021 0.4320 0.0171 0.1406 0.0479 0.0024 0.0093 
0.0597 0.0326 0.0101 0.0332 0.0083 0.0390 0.0056 0.0299 0.0070 0.0032 0.0688 0.5608 0.1046 0.0311 0.0034 0.0027 
0.0440 0.0238 0.0176 0.0112 0.0032 0.0326 0.0034 0.0275 0.0030 0.0016 0.0300 0.0598 0.6890 0.0246 0.0086 0.0201 
0.0473 0.0230 0.0254 0.0153 0.0029 0.0319 0.0040 0.0249 0.0062 0.0005 0.0387 0.0142 0.7203 0.0248 0.0030 0.0176 
0.0538 0.0276 0.0334 0.0109 0.0021 0.0371 0.0034 0.0273 0.0008 0.0010 0.0364 0.0249 0.7098 0.0251 0.0021 0.0045 
0.0521 0.0292 0.0125 0.0150 0.0026 0.0578 0.0038 0.0262 0.0024 0.0001 0.0297 0.0386 0.6945 0.0248 0.0045 0.0064 
0.0518 0.0286 0.0089 0.0193 0.0034 0.0292 0.0064 0.0264 0.0003 0.0002 0.0519 0.0086 0.7250 0.0288 0.0019 0.0093 
0.0532 0.0257 0.0128 0.0141 0.0019 0.0259 0.0022 0.0267 0.0003 0.0001 0.0294 0.0434 0.7189 0.0329 0.0080 0.0046 
0.0522 0.0273 0.0046 0.0134 0.0010 0.0297 0.0010 0.0268 0.0034 0.0008 0.0297 0.0081 0.7553 0.0273 0.0046 0.0147 
0.0578 0.0267 0.0093 0.0139 0.0018 0.0307 0.0019 0.0267 0.0032 0.0001 0.0270 0.0053 0.7440 0.0276 0.0046 0.0195 
0.0580 0.0260 0.0252 0.0093 0.0013 0.0366 0.0054 0.0260 0.0006 0.0001 0.0310 0.0032 0.7451 0.0257 0.0010 0.0056 
0.0522 0.0294 0.0278 0.0081 0.0037 0.0323 0.0010 0.0264 0.0005 0.0005 0.0374 0.0136 0.7380 0.0260 0.0014 0.0018 
0.0725 0.0409 0.0021 0.0358 0.0109 0.0535 0.0029 0.0425 0.0022 0.0001 0.0390 0.0348 0.5433 0.1011 0.0056 0.0129 
0.0703 0.0404 0.0086 0.0189 0.0022 0.0355 0.0064 0.0361 0.0018 0.0001 0.0382 0.0069 0.6290 0.0345 0.0633 0.0080 
0.0636 0.0403 0.0273 0.0182 0.0014 0.0327 0.0024 0.0312 0.0056 0.0030 0.0304 0.0037 0.5843 0.0334 0.0038 0.1187 
0.1177 0.0316 0.0487 0.0275 0.0016 0.0363 0.0037 0.0307 0.0011 0.0002 0.0315 0.0021 0.6294 0.0302 0.0048 0.0030 
0.0633 0.0347 0.0694 0.0260 0.0018 0.0933 0.0024 0.0324 0.0019 0.0003 0.0382 0.0038 0.5791 0.0316 0.0045 0.0173 
0.0818 0.0415 0.0034 0.0596 0.0038 0.0928 0.0019 0.0398 0.0003 0.0001 0.0816 0.0169 0.5336 0.0390 0.0024 0.0016 
0.0650 0.0795 0.0069 0.0246 0.0048 0.0343 0.0011 0.0339 0.0010 0.0001 0.0386 0.0489 0.6252 0.0316 0.0016 0.0030 
0.0417 0.0208 0.0026 0.0791 0.0149 0.0375 0.0014 0.0259 0.0018 0.0005 0.0225 0.0113 0.7027 0.0273 0.0045 0.0056 
0.0458 0.0332 0.0177 0.0065 0.0144 0.0371 0.0029 0.0300 0.0011 0.0001 0.0232 0.0123 0.7259 0.0238 0.0112 0.0150 
0.0462 0.0283 0.0029 0.0329 0.0045 0.0391 0.0147 0.0265 0.0053 0.0011 0.0345 0.0042 0.7073 0.0241 0.0056 0.0228 
0.0653 0.0331 0.0086 0.0097 0.0018 0.0302 0.0024 0.0281 0.0072 0.0011 0.0310 0.0214 0.7259 0.0259 0.0032 0.0051 
0.0506 0.0299 0.0172 0.0046 0.0008 0.0546 0.0057 0.0257 0.0081 0.0006 0.0257 0.0268 0.6977 0.0230 0.0077 0.0211 
0.0396 0.0244 0.0217 0.0088 0.0011 0.0276 0.0062 0.0203 0.0014 0.0001 0.1351 0.0037 0.6747 0.0204 0.0026 0.0123 
0.0396 0.0380 0.0569 0.0062 0.0005 0.0195 0.0018 0.0181 0.0005 0.0001 0.0193 0.1489 0.6207 0.0233 0.0024 0.0045 
0.0473 0.0238 0.0129 0.0551 0.0013 0.0260 0.0016 0.0232 0.0022 0.0001 0.0305 0.0038 0.7307 0.0236 0.0104 0.0075 
0.0482 0.0276 0.0302 0.0145 0.0040 0.0542 0.0018 0.0256 0.0006 0.0001 0.0304 0.0086 0.7152 0.0256 0.0054 0.0083 
0.0545 0.0623 0.0046 0.0482 0.0024 0.0307 0.0046 0.0283 0.0001 0.0001 0.0310 0.0070 0.6773 0.0299 0.0069 0.0123 
0.0684 0.0502 0.0367 0.0337 0.0073 0.0391 0.0452 0.0332 0.0014 0.0001 0.0334 0.0109 0.5812 0.0404 0.0075 0.0115 
0.1013 0.0530 0.0652 0.0653 0.0038 0.0577 0.0214 0.0535 0.0016 0.0001 0.0604 0.0037 0.3658 0.0570 0.0474 0.0430 
0.0899 0.0455 0.0919 0.1054 0.0125 0.0422 0.0342 0.0492 0.0091 0.0094 0.0454 0.0371 0.2885 0.0478 0.0112 0.0808 
0.1299 0.0845 0.0150 0.1427 0.0267 0.0963 0.0160 0.0837 0.0149 0.0010 0.0605 0.0262 0.1292 0.0669 0.0276 0.0789 
0.1565 0.0518 0.0676 0.0214 0.0318 0.1399 0.0446 0.0688 0.1438 0.0045 0.0532 0.0051 0.0573 0.0772 0.0077 0.0688 
