0.1115 0.0508 0.2212 0.2739 0.0064 0.0674 0.0102 0.0420 0.0085 0.0053 0.0866 0.0254 0.0399 0.0406 0.0016 0.0088 
0.0532 0.0927 0.2251 0.4045 0.0022 0.0289 0.0042 0.0284 0.0120 0.0008 0.0457 0.0134 0.0361 0.0243 0.0034 0.0252 
0.0509 0.0281 0.0826 0.6040 0.0050 0.0755 0.0078 0.0227 0.0099 0.0035 0.0326 0.0179 0.0262 0.0243 0.0034 0.0057 
0.0840 0.0674 0.0139 0.2083 0.0077 0.3996 0.0024 0.0452 0.0013 0.0026 0.0807 0.0062 0.0311 0.0401 0.0050 0.0046 
0.0883 0.0716 0.0121 0.0818 0.0054 0.1545 0.0035 0.0489 0.0051 0.0043 0.3665 0.0813 0.0168 0.0450 0.0043 0.0105 
0.0756 0.0868 0.0128 0.0268 0.0043 0.0717 0.0037 0.0371 0.0142 0.0011 0.1206 0.4501 0.0462 0.0350 0.0072 0.0067 
0.0591 0.0431 0.0150 0.0543 0.0024 0.0319 0.0032 0.0291 0.0026 0.0003 0.0625 0.1222 0.5236 0.0276 0.0042 0.0188 
0.0601 0.0360 0.0225 0.0209 0.0018 0.0681 0.0040 0.0240 0.0030 0.0005 0.0252 0.0491 0.6475 0.0243 0.0061 0.0070 
0.0451 0.0615 0.0513 0.0260 0.0006 0.0233 0.0056 0.0205 0.0027 0.0002 0.0259 0.0051 0.6995 0.0220 0.0054 0.0053 
0.0471 0.0244 0.0169 0.0903 0.0008 0.0276 0.0027 0.0220 0.0013 0.0005 0.0238 0.0185 0.6966 0.0222 0.0016 0.0035 
0.0430 0.0259 0.0449 0.0680 0.0010 0.0233 0.0011 0.0214 0.0008 0.0002 0.0252 0.0048 0.7070 0.0233 0.0059 0.0043 
0.0342 0.0184 0.0129 0.1678 0.0016 0.0273 0.0019 0.0165 0.0005 0.0001 0.0179 0.0086 0.6622 0.0192 0.0035 0.0077 
0.0468 0.0252 0.0233 0.1067 0.0038 0.0246 0.0008 0.0211 0.0001 0.0001 0.0222 0.0030 0.6961 0.0209 0.0032 0.0024 
0.0388 0.0214 0.0032 0.1265 0.0010 0.0543 0.0027 0.0209 0.0003 0.0003 0.0206 0.0024 0.6765 0.0192 0.0037 0.0081 
0.0476 0.0328 0.0101 0.1062 0.0018 0.0374 0.0051 0.0232 0.0032 0.0001 0.0313 0.0048 0.6594 0.0240 0.0029 0.0105 
0.0475 0.0409 0.0230 0.1280 0.0019 0.0300 0.0027 0.0240 0.0001 0.0002 0.0244 0.0173 0.6285 0.0233 0.0045 0.0038 
0.0420 0.0219 0.0142 0.0847 0.0024 0.0548 0.0029 0.0235 0.0008 0.0006 0.0283 0.0037 0.6866 0.0220 0.0078 0.0038 
0.0503 0.0529 0.0131 0.0487 0.0022 0.0292 0.0024 0.0265 0.0027 0.0001 0.0359 0.0200 0.6649 0.0288 0.0073 0.0152 
0.0919 0.0515 0.0260 0.0860 0.0312 0.0523 0.0339 0.0457 0.0011 0.0002 0.0486 0.0216 0.4155 0.0681 0.0096 0.0171 
0.1077 0.0701 0.1364 0.0251 0.0019 0.0885 0.0034 0.0673 0.0010 0.0003 0.0540 0.0067 0.1844 0.0554 0.1312 0.0666 
0.0764 0.0503 0.0157 0.0064 0.0069 0.2818 0.0257 0.0355 0.0228 0.0152 0.0570 0.0096 0.2596 0.0460 0.0067 0.0844 
0.0923 0.0829 0.0343 0.0142 0.0072 0.0599 0.0022 0.0500 0.0008 0.0016 0.4595 0.0597 0.0668 0.0508 0.0029 0.0149 
0.0572 0.2514 0.0460 0.0211 0.0022 0.0719 0.0222 0.0300 0.0065 0.0006 0.0343 0.3372 0.0203 0.0270 0.0310 0.0409 
0.0669 0.0415 0.2802 0.0291 0.0045 0.0570 0.0251 0.0366 0.0027 0.0011 0.0639 0.0147 0.2863 0.0369 0.0145 0.0390 
0.0880 0.1157 0.2002 0.0460 0.0032 0.0586 0.0204 0.0482 0.0045 0.0005 0.0567 0.1163 0.1864 0.0425 0.0075 0.0053 
0.0506 0.0358 0.0089 0.3529 0.0014 0.0259 0.0109 0.0211 0.0085 0.0008 0.0406 0.0083 0.3447 0.0228 0.0101 0.0567 
0.0452 0.0225 0.2241 0.0625 0.0019 0.1864 0.0046 0.0187 0.0062 0.0011 0.0240 0.0195 0.3448 0.0193 0.0102 0.0089 
0.0979 0.1604 0.0829 0.0957 0.0077 0.0703 0.0040 0.0535 0.0005 0.0026 0.0942 0.0121 0.2399 0.0500 0.0112 0.0171 
0.1042 0.0877 0.0184 0.0556 0.0048 0.2641 0.0109 0.0649 0.0043 0.0008 0.0639 0.0717 0.1593 0.0588 0.0118 0.0190 
0.0952 0.0591 0.0331 0.0070 0.0679 0.0620 0.1568 0.0439 0.0163 0.0003 0.2288 0.0145 0.0340 0.1453 0.0085 0.0272 
0.0462 0.0818 0.0567 0.0190 0.0026 0.0262 0.0034 0.0855 0.0005 0.0011 0.0294 0.0720 0.0096 0.0214 0.5337 0.0110 
0.0326 0.0425 0.1038 0.0583 0.0013 0.0153 0.0014 0.0137 0.1134 0.0153 0.0180 0.0053 0.0184 0.0150 0.0118 0.5338 
0.3907 0.0420 0.1984 0.1314 0.0029 0.0524 0.0093 0.0404 0.0043 0.0002 0.0438 0.0081 0.0203 0.0426 0.0034 0.0099 
0.0673 0.0407 0.4998 0.1778 0.0067 0.0660 0.0035 0.0327 0.0003 0.0010 0.0398 0.0043 0.0147 0.0308 0.0073 0.0072 
0.0516 0.0637 0.0089 0.6918 0.0054 0.0361 0.0019 0.0273 0.0035 0.0001 0.0459 0.0096 0.0182 0.0236 0.0054 0.0069 
0.0505 0.0371 0.0307 0.6998 0.0056 0.0347 0.0096 0.0246 0.0080 0.0011 0.0297 0.0232 0.0128 0.0256 0.0022 0.0050 
0.0829 0.0613 0.0204 0.2904 0.0141 0.3178 0.0053 0.0447 0.0030 0.0029 0.0487 0.0174 0.0385 0.0415 0.0059 0.0051 
0.0783 0.0725 0.0211 0.1085 0.0299 0.1793 0.0058 0.0409 0.0038 0.0062 0.3327 0.0216 0.0312 0.0542 0.0027 0.0113 
0.0829 0.2418 0.0193 0.1717 0.0069 0.0704 0.0053 0.0468 0.0086 0.0048 0.0642 0.1907 0.0219 0.0406 0.0198 0.0045 
0.1083 0.0826 0.1211 0.1588 0.0042 0.0570 0.0265 0.0513 0.0150 0.0069 0.0594 0.0275 0.0465 0.0519 0.0185 0.1645 
0.0396 0.0307 0.5796 0.1650 0.0021 0.0316 0.0080 0.0233 0.0016 0.0010 0.0268 0.0137 0.0220 0.0257 0.0078 0.0212 
0.0768 0.0519 0.2420 0.2211 0.0083 0.2045 0.0011 0.0393 0.0018 0.0067 0.0460 0.0091 0.0375 0.0382 0.0072 0.0085 
0.0755 0.0634 0.0083 0.0228 0.0054 0.4958 0.0029 0.0407 0.0013 0.0045 0.1913 0.0303 0.0126 0.0363 0.0030 0.0057 
0.0677 0.0393 0.0022 0.0297 0.0018 0.0442 0.0022 0.0347 0.0030 0.0016 0.5462 0.1658 0.0209 0.0326 0.0024 0.0056 
0.0519 0.0442 0.0117 0.0179 0.0013 0.0236 0.0022 0.0235 0.0086 0.0001 0.0348 0.6949 0.0524 0.0230 0.0034 0.0065 
0.0454 0.0222 0.0516 0.0529 0.0008 0.0198 0.0021 0.0206 0.0010 0.0001 0.0222 0.0141 0.7042 0.0217 0.0094 0.0123 
0.0460 0.0243 0.0693 0.0415 0.0029 0.0442 0.0046 0.0201 0.0005 0.0001 0.0192 0.0032 0.6929 0.0224 0.0057 0.0034 
0.0449 0.0593 0.0058 0.0821 0.0053 0.0315 0.0008 0.0240 0.0002 0.0001 0.0225 0.0006 0.6929 0.0222 0.0061 0.0021 
0.0356 0.0209 0.0048 0.1990 0.0013 0.0168 0.0053 0.0201 0.0086 0.0005 0.0227 0.0029 0.6259 0.0174 0.0053 0.0129 
0.0605 0.0300 0.0356 0.1137 0.0016 0.0366 0.0214 0.0268 0.0054 0.0001 0.0288 0.0099 0.5588 0.0296 0.0102 0.0310 
0.0703 0.0366 0.0900 0.0447 0.0029 0.1005 0.0040 0.0348 0.0013 0.0008 0.0393 0.0024 0.4886 0.0344 0.0216 0.0280 
0.1224 0.1511 0.0343 0.1117 0.0008 0.0732 0.0042 0.0612 0.0021 0.0016 0.0899 0.0093 0.1756 0.0620 0.0072 0.0936 
0.0697 0.0375 0.0075 0.0195 0.0029 0.4891 0.0058 0.0337 0.0029 0.0019 0.0606 0.0594 0.1559 0.0379 0.0118 0.0040 
0.0800 0.0896 0.0228 0.0120 0.0035 0.0503 0.0021 0.0428 0.0008 0.0001 0.5254 0.0633 0.0497 0.0407 0.0034 0.0136 
0.0545 0.0441 0.0085 0.0428 0.0014 0.0350 0.0024 0.0262 0.0016 0.0005 0.0289 0.5804 0.1353 0.0251 0.0035 0.0099 
0.0449 0.0227 0.0187 0.0045 0.0022 0.0478 0.0059 0.0236 0.0013 0.0013 0.0391 0.0104 0.7254 0.0233 0.0209 0.0080 
0.0470 0.0412 0.0038 0.0073 0.0011 0.0294 0.0040 0.0241 0.0010 0.0001 0.0459 0.0455 0.7089 0.0254 0.0021 0.0134 
0.0514 0.0224 0.0034 0.0115 0.0008 0.0300 0.0035 0.0225 0.0021 0.0006 0.0304 0.0644 0.7296 0.0227 0.0029 0.0019 
0.0487 0.0283 0.0262 0.0022 0.0005 0.0305 0.0027 0.0254 0.0005 0.0001 0.0264 0.0099 0.7531 0.0262 0.0083 0.0112 
0.0505 0.0283 0.0037 0.0054 0.0006 0.0537 0.0037 0.0246 0.0001 0.0001 0.0276 0.0083 0.7581 0.0249 0.0042 0.0066 
0.0535 0.0593 0.0065 0.0021 0.0005 0.0257 0.0011 0.0257 0.0003 0.0001 0.0291 0.0027 0.7620 0.0265 0.0013 0.0037 
0.0527 0.0292 0.0099 0.0107 0.0002 0.0254 0.0030 0.0254 0.0014 0.0001 0.0262 0.0145 0.7537 0.0316 0.0042 0.0120 
0.0502 0.0259 0.0570 0.0037 0.0042 0.0254 0.0054 0.0249 0.0001 0.0001 0.0321 0.0110 0.7133 0.0326 0.0085 0.0061 
0.0564 0.0356 0.0208 0.0073 0.0026 0.0268 0.0005 0.0332 0.0001 0.0001 0.0289 0.0123 0.6944 0.0289 0.0326 0.0198 
0.0863 0.0460 0.0072 0.0417 0.0066 0.0641 0.0105 0.0425 0.0099 0.0011 0.0420 0.0066 0.0574 0.4376 0.0099 0.1307 
0.0727 0.1318 0.0503 0.0134 0.0024 0.0447 0.0061 0.0350 0.0016 0.0001 0.0343 0.0043 0.0591 0.0356 0.4645 0.0442 
0.0575 0.0353 0.1094 0.0367 0.0034 0.1249 0.0200 0.0305 0.0075 0.0062 0.0466 0.0097 0.0535 0.0288 0.0089 0.4209 
0.2249 0.0516 0.0907 0.0172 0.0243 0.1358 0.0184 0.0556 0.0022 0.0010 0.2298 0.0297 0.0575 0.0500 0.0034 0.0080 
0.0872 0.1380 0.0545 0.0281 0.0027 0.0620 0.0042 0.0893 0.0026 0.0034 0.1423 0.2756 0.0558 0.0439 0.0058 0.0048 
0.0772 0.2522 0.0157 0.2045 0.0006 0.0420 0.0083 0.0420 0.0754 0.0006 0.0435 0.0347 0.1059 0.0411 0.0190 0.0372 
0.1573 0.0398 0.4178 0.0727 0.0022 0.0746 0.0072 0.0395 0.0045 0.0003 0.0468 0.0125 0.0420 0.0391 0.0128 0.0310 
0.0851 0.1110 0.4315 0.1176 0.0014 0.0554 0.0014 0.0412 0.0005 0.0001 0.0569 0.0083 0.0262 0.0401 0.0062 0.0173 
0.0558 0.0312 0.0404 0.6871 0.0024 0.0550 0.0030 0.0278 0.0018 0.0002 0.0324 0.0113 0.0139 0.0256 0.0067 0.0056 
0.0452 0.0485 0.0818 0.6161 0.0476 0.0308 0.0129 0.0241 0.0024 0.0001 0.0243 0.0061 0.0121 0.0236 0.0109 0.0137 
0.0612 0.0323 0.0220 0.6652 0.0089 0.0728 0.0043 0.0407 0.0003 0.0008 0.0302 0.0024 0.0141 0.0283 0.0123 0.0042 
0.0979 0.0795 0.0171 0.0383 0.0990 0.3648 0.0022 0.0506 0.0264 0.0438 0.0906 0.0139 0.0190 0.0486 0.0038 0.0045 
0.0906 0.0596 0.0051 0.0262 0.0451 0.0628 0.0214 0.0650 0.0070 0.0056 0.4945 0.0345 0.0312 0.0431 0.0056 0.0027 
0.1117 0.0888 0.0423 0.0129 0.0021 0.0764 0.0035 0.0813 0.0189 0.0222 0.0695 0.1537 0.0342 0.0535 0.2197 0.0093 
0.1184 0.0693 0.1131 0.0252 0.0008 0.0609 0.0019 0.0596 0.0351 0.0077 0.0671 0.0246 0.0756 0.0597 0.0086 0.2724 
0.2304 0.0690 0.2272 0.0691 0.0057 0.0675 0.0037 0.0642 0.0008 0.0001 0.0683 0.0184 0.0865 0.0647 0.0094 0.0150 
0.0671 0.0374 0.4446 0.1773 0.0102 0.0492 0.0027 0.0347 0.0001 0.0001 0.0374 0.0053 0.0727 0.0409 0.0061 0.0144 
0.0773 0.0401 0.0279 0.6161 0.0027 0.0417 0.0013 0.0390 0.0010 0.0001 0.0340 0.0089 0.0639 0.0335 0.0097 0.0029 
0.0812 0.0398 0.0026 0.2382 0.0105 0.3947 0.0024 0.0382 0.0104 0.0018 0.0412 0.0040 0.0797 0.0355 0.0038 0.0161 
0.1147 0.0607 0.0032 0.1121 0.0058 0.0978 0.0013 0.0570 0.0011 0.0001 0.3645 0.0048 0.1179 0.0494 0.0030 0.0067 
0.0621 0.1225 0.0283 0.1243 0.0022 0.0327 0.0011 0.0326 0.0093 0.0001 0.0363 0.3863 0.1251 0.0313 0.0019 0.0040 
0.0524 0.0257 0.0152 0.1284 0.0034 0.0521 0.0032 0.0262 0.0037 0.0001 0.0286 0.0107 0.6106 0.0256 0.0057 0.0086 
0.0409 0.0340 0.1146 0.0257 0.0067 0.0456 0.0050 0.0233 0.0006 0.0001 0.0380 0.0072 0.6135 0.0216 0.0030 0.0203 
0.0669 0.0444 0.0086 0.0363 0.0439 0.0514 0.0211 0.0350 0.0016 0.0005 0.0393 0.0305 0.5614 0.0465 0.0048 0.0077 
0.0778 0.0618 0.0299 0.0160 0.0051 0.0465 0.0117 0.0723 0.0021 0.0006 0.0462 0.0123 0.5500 0.0367 0.0198 0.0113 
0.0808 0.0850 0.0466 0.0615 0.0022 0.0430 0.0067 0.0434 0.0808 0.0035 0.0551 0.0174 0.1257 0.0452 0.0096 0.2934 
0.0954 0.0431 0.3466 0.0757 0.0032 0.0518 0.0307 0.0391 0.0094 0.0008 0.0396 0.0374 0.1417 0.0391 0.0252 0.0211 
0.0864 0.0545 0.1067 0.0280 0.0109 0.2379 0.0292 0.0423 0.0011 0.0013 0.0535 0.0099 0.2615 0.0465 0.0045 0.0259 
0.0936 0.1008 0.0185 0.1751 0.0040 0.0522 0.0027 0.0569 0.0061 0.0014 0.3018 0.0388 0.0896 0.0454 0.0067 0.0064 
0.1045 0.0712 0.0506 0.2299 0.0011 0.0725 0.0073 0.0522 0.0137 0.0026 0.0610 0.1613 0.0550 0.0545 0.0123 0.0502 
0.0711 0.0371 0.2073 0.0572 0.0026 0.1024 0.0137 0.0375 0.0029 0.0010 0.0454 0.0190 0.3199 0.0361 0.0337 0.0133 
0.0952 0.2979 0.0531 0.0916 0.0217 0.0543 0.0046 0.0575 0.0034 0.0011 0.0671 0.0286 0.1240 0.0559 0.0120 0.0320 
0.0784 0.0355 0.0246 0.3948 0.0157 0.1102 0.0196 0.0444 0.0142 0.0005 0.0339 0.0470 0.0575 0.0668 0.0126 0.0444 
0.1536 0.0597 0.1504 0.0452 0.0359 0.0929 0.0158 0.0652 0.0540 0.0008 0.0655 0.0057 0.0533 0.1217 0.0278 0.0524 
