0.0947 0.0406 0.0195 0.0684 0.0024 0.4478 0.0083 0.0387 0.0147 0.0205 0.0995 0.0163 0.0698 0.0383 0.0048 0.0157 
0.1156 0.0736 0.0321 0.0062 0.0040 0.0658 0.0075 0.0565 0.0008 0.0003 0.4149 0.0858 0.0735 0.0489 0.0067 0.0077 
0.0633 0.0944 0.0395 0.0647 0.0064 0.0294 0.0120 0.0342 0.0040 0.0002 0.0494 0.4790 0.0832 0.0308 0.0029 0.0067 
0.0609 0.0307 0.0059 0.0086 0.0144 0.2449 0.0155 0.0340 0.0043 0.0010 0.0307 0.0252 0.4605 0.0471 0.0040 0.0123 
0.0674 0.0419 0.0284 0.0008 0.0091 0.0508 0.0037 0.0419 0.0008 0.0003 0.2281 0.0018 0.4685 0.0337 0.0126 0.0102 
0.0489 0.0352 0.0011 0.0050 0.0018 0.0235 0.0010 0.0292 0.0089 0.0029 0.0310 0.3675 0.4081 0.0243 0.0003 0.0113 
0.0709 0.0366 0.0173 0.0032 0.0005 0.0280 0.0050 0.0304 0.0190 0.0008 0.0280 0.0096 0.7094 0.0313 0.0072 0.0030 
0.0572 0.0304 0.0577 0.0029 0.0003 0.0337 0.0059 0.0280 0.0013 0.0001 0.0292 0.0011 0.6936 0.0319 0.0070 0.0200 
0.0615 0.0490 0.0693 0.0024 0.0006 0.0316 0.0019 0.0288 0.0005 0.0001 0.0305 0.0032 0.6740 0.0291 0.0105 0.0072 
0.0569 0.0422 0.0109 0.0401 0.0005 0.0267 0.0057 0.0295 0.0011 0.0001 0.0321 0.0022 0.7061 0.0287 0.0046 0.0128 
0.0653 0.0275 0.0800 0.0745 0.0011 0.0276 0.0064 0.0276 0.0014 0.0001 0.0300 0.0061 0.5250 0.0280 0.0038 0.0957 
0.0935 0.0554 0.1626 0.0460 0.1396 0.0458 0.1877 0.0463 0.0016 0.0003 0.0458 0.0070 0.0538 0.1030 0.0045 0.0069 
0.0640 0.0364 0.0538 0.1896 0.0022 0.0826 0.0067 0.1698 0.0003 0.0011 0.0299 0.0022 0.0613 0.0319 0.2650 0.0030 
0.0917 0.0604 0.0177 0.0431 0.0094 0.1096 0.0018 0.0430 0.2128 0.0586 0.0693 0.0094 0.0356 0.0415 0.0050 0.1909 
0.2825 0.1749 0.0048 0.1538 0.0053 0.0634 0.0019 0.0642 0.0035 0.0013 0.0904 0.0410 0.0388 0.0612 0.0022 0.0107 
0.0720 0.0420 0.4182 0.0979 0.0107 0.1038 0.0021 0.0375 0.0048 0.0006 0.0414 0.0879 0.0407 0.0343 0.0024 0.0035 
0.1293 0.0620 0.0948 0.1345 0.0102 0.1953 0.0032 0.0687 0.0008 0.0066 0.1365 0.0195 0.0628 0.0582 0.0077 0.0101 
0.0888 0.0609 0.0059 0.1143 0.0058 0.2260 0.0032 0.0551 0.0072 0.0005 0.1390 0.1874 0.0388 0.0447 0.0206 0.0018 
0.0992 0.1065 0.0104 0.1578 0.0070 0.0465 0.0091 0.0510 0.0065 0.0008 0.0839 0.1659 0.1800 0.0522 0.0077 0.0155 
0.0904 0.0422 0.0181 0.1067 0.0165 0.1371 0.0246 0.0423 0.0046 0.0003 0.0433 0.0492 0.2595 0.0919 0.0184 0.0550 
0.1092 0.0581 0.0928 0.0054 0.0252 0.1225 0.0460 0.0618 0.0018 0.0016 0.1052 0.0077 0.1964 0.0757 0.0240 0.0666 
0.1164 0.1003 0.0339 0.0026 0.0043 0.0808 0.0350 0.0866 0.0021 0.0228 0.1255 0.0962 0.1960 0.0613 0.0188 0.0174 
0.0815 0.2131 0.0155 0.0094 0.0189 0.0398 0.1756 0.0383 0.0657 0.0032 0.0454 0.0444 0.1069 0.0860 0.0123 0.0441 
0.0847 0.0396 0.4067 0.0430 0.0018 0.0419 0.0117 0.0404 0.0062 0.0008 0.0380 0.0112 0.1011 0.0371 0.1257 0.0102 
0.0556 0.0287 0.4267 0.0493 0.0093 0.0402 0.0027 0.0287 0.0061 0.1273 0.0390 0.0056 0.0583 0.0262 0.0070 0.0893 
0.0703 0.0583 0.0133 0.5029 0.0088 0.0534 0.0038 0.0505 0.0019 0.0005 0.0518 0.0431 0.0823 0.0398 0.0145 0.0050 
0.0900 0.0452 0.0067 0.3412 0.0986 0.0746 0.0884 0.0443 0.0141 0.0002 0.0519 0.0222 0.0535 0.0447 0.0085 0.0158 
0.1367 0.1000 0.0358 0.2601 0.0038 0.0685 0.0078 0.1054 0.0102 0.0010 0.0569 0.0147 0.0396 0.0532 0.0875 0.0187 
0.0674 0.0411 0.0139 0.0081 0.1633 0.2105 0.1326 0.0361 0.0768 0.0911 0.0586 0.0176 0.0291 0.0380 0.0093 0.0065 
0.0917 0.0789 0.0466 0.0241 0.1134 0.0470 0.0816 0.1556 0.0051 0.0016 0.2029 0.0286 0.0518 0.0420 0.0091 0.0200 
0.0752 0.0470 0.0934 0.0955 0.0005 0.0337 0.0093 0.1041 0.1870 0.0714 0.0412 0.0252 0.0399 0.0388 0.1056 0.0321 
0.1001 0.0188 0.2249 0.0468 0.0299 0.0196 0.1369 0.0176 0.0511 0.0882 0.0219 0.0227 0.0371 0.0339 0.0026 0.1481 
0.0695 0.0653 0.0594 0.3910 0.0056 0.0586 0.0018 0.0722 0.0003 0.0054 0.0637 0.0069 0.0398 0.0510 0.1046 0.0050 
0.0393 0.0211 0.0713 0.5084 0.0026 0.0275 0.0019 0.0232 0.1019 0.0855 0.0268 0.0150 0.0312 0.0197 0.0056 0.0192 
0.1067 0.0637 0.0070 0.5881 0.0105 0.0369 0.0024 0.0379 0.0042 0.0005 0.0375 0.0187 0.0410 0.0371 0.0056 0.0022 
0.0963 0.0505 0.0393 0.2233 0.0198 0.3311 0.0008 0.0492 0.0067 0.0034 0.0720 0.0080 0.0311 0.0454 0.0184 0.0048 
0.0741 0.2986 0.0141 0.2556 0.0134 0.0639 0.0011 0.0415 0.0212 0.0011 0.1174 0.0246 0.0254 0.0367 0.0013 0.0099 
0.1299 0.0765 0.0050 0.0562 0.0091 0.2958 0.0062 0.0628 0.0096 0.0035 0.0722 0.1548 0.0522 0.0569 0.0062 0.0032 
0.0877 0.0558 0.2151 0.0083 0.0016 0.0489 0.0019 0.0519 0.0078 0.0050 0.2855 0.0267 0.0856 0.0431 0.0203 0.0548 
0.0933 0.1969 0.0144 0.0468 0.0030 0.0770 0.0110 0.0466 0.0331 0.0018 0.0482 0.2929 0.0506 0.0484 0.0112 0.0249 
0.1158 0.0618 0.1634 0.0099 0.0083 0.0554 0.0219 0.0430 0.0022 0.0021 0.0832 0.0091 0.2613 0.0423 0.0682 0.0519 
0.1158 0.0778 0.1744 0.0091 0.0038 0.0808 0.0147 0.0657 0.0026 0.0002 0.1137 0.0390 0.1752 0.0577 0.0065 0.0629 
0.1308 0.0834 0.0680 0.0147 0.0061 0.1433 0.0251 0.0743 0.0228 0.0046 0.0827 0.0928 0.1231 0.0704 0.0350 0.0228 
0.0685 0.0612 0.0363 0.0011 0.0026 0.1364 0.0059 0.0403 0.0102 0.0011 0.0912 0.0083 0.4416 0.0337 0.0225 0.0390 
0.0818 0.0915 0.0388 0.0051 0.0008 0.0605 0.0212 0.0409 0.0064 0.0003 0.1423 0.0920 0.3375 0.0345 0.0110 0.0353 
0.0586 0.0551 0.3891 0.0190 0.0035 0.0276 0.0455 0.0296 0.0104 0.0001 0.0324 0.1173 0.0860 0.0682 0.0089 0.0486 
0.0653 0.0297 0.2417 0.0158 0.0029 0.2321 0.0078 0.0327 0.0001 0.0011 0.0351 0.0139 0.1658 0.0312 0.1192 0.0056 
0.1006 0.1719 0.0982 0.0212 0.0030 0.0481 0.0081 0.0575 0.0029 0.0045 0.2268 0.0125 0.0545 0.0479 0.0083 0.1340 
0.1062 0.0425 0.0002 0.1637 0.0056 0.0671 0.0075 0.0380 0.0075 0.0008 0.0466 0.4300 0.0395 0.0353 0.0072 0.0024 
0.0989 0.0545 0.0141 0.0069 0.0032 0.1243 0.0187 0.0535 0.0024 0.0022 0.1222 0.0340 0.3899 0.0543 0.0117 0.0091 
0.0573 0.0417 0.0057 0.0018 0.0073 0.0815 0.0112 0.0316 0.0035 0.0003 0.1818 0.1244 0.4050 0.0283 0.0077 0.0109 
0.0375 0.1139 0.0278 0.0014 0.0021 0.0206 0.0014 0.0268 0.0034 0.0016 0.0407 0.1650 0.5248 0.0176 0.0035 0.0118 
0.0471 0.0259 0.0527 0.0046 0.0014 0.0403 0.0085 0.0251 0.0115 0.0003 0.0241 0.0264 0.6476 0.0240 0.0104 0.0502 
0.0410 0.0468 0.0260 0.0011 0.0241 0.0259 0.4099 0.0217 0.0008 0.0002 0.0249 0.0059 0.3235 0.0294 0.0054 0.0133 
0.0941 0.0665 0.0173 0.0105 0.0059 0.0430 0.0200 0.1133 0.0005 0.0002 0.0553 0.0230 0.2657 0.0468 0.2285 0.0094 
0.0920 0.0435 0.0657 0.0145 0.0024 0.0490 0.0171 0.0479 0.0652 0.0355 0.0438 0.0212 0.0482 0.1058 0.0177 0.3305 
0.2449 0.0708 0.2631 0.0401 0.0032 0.0550 0.0089 0.0529 0.0187 0.0021 0.0566 0.0061 0.0292 0.0524 0.0538 0.0422 
0.0805 0.0565 0.3676 0.1510 0.0086 0.0685 0.0059 0.0442 0.0030 0.0080 0.0534 0.0072 0.0535 0.0404 0.0043 0.0473 
0.1157 0.0575 0.0617 0.2923 0.0069 0.1385 0.0013 0.0607 0.0026 0.0006 0.0823 0.0187 0.1008 0.0518 0.0064 0.0024 
0.0626 0.1925 0.0043 0.3742 0.0038 0.1491 0.0013 0.0348 0.0045 0.0008 0.0538 0.0345 0.0197 0.0379 0.0099 0.0163 
0.0780 0.2283 0.0214 0.3600 0.0085 0.0698 0.0072 0.0395 0.0075 0.0002 0.0545 0.0219 0.0286 0.0395 0.0112 0.0241 
0.1259 0.0743 0.2766 0.1743 0.0037 0.0915 0.0093 0.0498 0.0027 0.0014 0.0729 0.0171 0.0254 0.0506 0.0109 0.0136 
0.0415 0.0632 0.3146 0.4217 0.0013 0.0236 0.0026 0.0208 0.0086 0.0005 0.0294 0.0109 0.0110 0.0220 0.0086 0.0196 
0.0519 0.0280 0.1195 0.6414 0.0048 0.0297 0.0074 0.0233 0.0010 0.0050 0.0254 0.0147 0.0045 0.0229 0.0058 0.0149 
0.0395 0.0319 0.2043 0.6000 0.0027 0.0304 0.0035 0.0198 0.0010 0.0001 0.0241 0.0030 0.0030 0.0190 0.0046 0.0131 
0.0479 0.0296 0.0286 0.7349 0.0040 0.0409 0.0030 0.0270 0.0026 0.0002 0.0366 0.0064 0.0024 0.0249 0.0069 0.0042 
0.0521 0.0291 0.0370 0.6734 0.0256 0.0511 0.0014 0.0286 0.0024 0.0001 0.0425 0.0113 0.0081 0.0241 0.0072 0.0061 
0.0446 0.0244 0.0027 0.1650 0.4933 0.1099 0.0206 0.0260 0.0030 0.0006 0.0553 0.0136 0.0115 0.0212 0.0010 0.0072 
0.0591 0.0519 0.0032 0.0543 0.4222 0.0551 0.0156 0.1633 0.0026 0.0054 0.0653 0.0372 0.0241 0.0377 0.0001 0.0030 
0.0678 0.0521 0.0213 0.0390 0.0066 0.0748 0.0093 0.2983 0.1456 0.0628 0.0382 0.0157 0.0142 0.0347 0.1176 0.0022 
0.0677 0.0895 0.0302 0.0232 0.0038 0.0292 0.0053 0.0324 0.4221 0.0240 0.0308 0.0080 0.0184 0.0278 0.0053 0.1823 
0.4573 0.0631 0.0923 0.0757 0.0083 0.0599 0.0091 0.0546 0.0042 0.0026 0.0616 0.0099 0.0247 0.0536 0.0104 0.0128 
0.0674 0.0342 0.5454 0.1136 0.0078 0.0551 0.0037 0.0387 0.0019 0.0002 0.0380 0.0157 0.0358 0.0276 0.0097 0.0053 
0.0607 0.0593 0.0220 0.6159 0.0161 0.0438 0.0053 0.0420 0.0070 0.0002 0.0382 0.0128 0.0165 0.0347 0.0078 0.0179 
0.0792 0.0345 0.0072 0.2839 0.0150 0.3780 0.0059 0.0348 0.0075 0.0081 0.0428 0.0062 0.0316 0.0335 0.0235 0.0081 
0.1082 0.1647 0.0355 0.0205 0.1310 0.1489 0.0030 0.0609 0.0037 0.0227 0.1644 0.0205 0.0353 0.0554 0.0054 0.0200 
0.1450 0.1203 0.0077 0.0610 0.0030 0.0818 0.0094 0.1177 0.0081 0.0391 0.1219 0.1445 0.0406 0.0722 0.0217 0.0059 
0.1300 0.1148 0.0521 0.0217 0.0043 0.1069 0.0024 0.0567 0.1040 0.0260 0.0859 0.0609 0.0826 0.0730 0.0177 0.0610 
0.1835 0.0766 0.0420 0.0185 0.0061 0.0666 0.0125 0.0762 0.0021 0.0109 0.1301 0.1552 0.1375 0.0671 0.0102 0.0051 
0.1174 0.1121 0.0468 0.0428 0.0069 0.0647 0.0051 0.0589 0.0073 0.0027 0.2600 0.1188 0.0776 0.0596 0.0057 0.0134 
0.0842 0.0410 0.0246 0.0244 0.0019 0.0759 0.0064 0.0436 0.0030 0.0110 0.0420 0.3964 0.1908 0.0415 0.0085 0.0048 
0.0722 0.0497 0.0150 0.0067 0.0019 0.0350 0.0016 0.0371 0.0043 0.0037 0.0779 0.0078 0.6263 0.0369 0.0043 0.0196 
0.0485 0.0509 0.0003 0.0101 0.0010 0.0300 0.0045 0.0243 0.0037 0.0001 0.0246 0.1688 0.5867 0.0270 0.0161 0.0035 
0.0523 0.0292 0.0278 0.0016 0.0003 0.0515 0.0070 0.0276 0.0010 0.0001 0.0305 0.0075 0.6967 0.0268 0.0158 0.0243 
0.0545 0.0541 0.0214 0.0030 0.0003 0.0273 0.0206 0.0257 0.0010 0.0001 0.0297 0.0062 0.6999 0.0278 0.0057 0.0228 
0.0681 0.0259 0.1002 0.0013 0.0014 0.0379 0.0117 0.0259 0.0005 0.0002 0.0331 0.0059 0.6473 0.0254 0.0110 0.0045 
0.0705 0.0347 0.1280 0.0142 0.0006 0.0329 0.0061 0.0348 0.0002 0.0001 0.0535 0.0096 0.4829 0.0323 0.0067 0.0932 
0.0762 0.0391 0.0308 0.0139 0.0010 0.0492 0.0067 0.0359 0.0014 0.0005 0.0369 0.0419 0.6150 0.0375 0.0059 0.0080 
0.0569 0.0414 0.0003 0.0011 0.0035 0.1326 0.0010 0.0284 0.0010 0.0005 0.0423 0.0027 0.6542 0.0244 0.0053 0.0045 
0.0419 0.0337 0.0001 0.0005 0.0010 0.0299 0.0013 0.0227 0.0019 0.0001 0.2305 0.0433 0.5653 0.0230 0.0022 0.0030 
0.0235 0.0157 0.0008 0.0001 0.0002 0.0125 0.0018 0.0096 0.0065 0.0001 0.0126 0.4361 0.4601 0.0125 0.0059 0.0026 
0.0534 0.0280 0.0200 0.0002 0.0008 0.0254 0.0038 0.0259 0.0019 0.0001 0.0350 0.0081 0.7432 0.0307 0.0064 0.0174 
0.0573 0.0272 0.0214 0.0002 0.0005 0.0257 0.0073 0.0278 0.0001 0.0001 0.0276 0.0142 0.7417 0.0251 0.0190 0.0051 
0.0541 0.0270 0.0137 0.0006 0.0011 0.0268 0.0208 0.0275 0.0006 0.0001 0.0276 0.0038 0.7532 0.0280 0.0046 0.0105 
0.0650 0.0243 0.0010 0.0011 0.0002 0.0618 0.0117 0.0252 0.0018 0.0002 0.0308 0.0046 0.7339 0.0259 0.0075 0.0051 
0.0495 0.0551 0.0013 0.0001 0.0016 0.0216 0.0158 0.0235 0.0010 0.0001 0.0601 0.0054 0.7190 0.0228 0.0112 0.0121 
0.0428 0.0260 0.0425 0.0003 0.0002 0.0225 0.0096 0.0192 0.0026 0.0002 0.0474 0.0673 0.6637 0.0284 0.0056 0.0217 
0.0474 0.0240 0.0364 0.0010 0.0013 0.0292 0.0005 0.0208 0.0019 0.0001 0.0248 0.0324 0.6081 0.0343 0.0479 0.0899 
0.0347 0.0307 0.0901 0.0010 0.0014 0.0351 0.0136 0.0216 0.0005 0.0005 0.0182 0.0117 0.6073 0.0185 0.0177 0.0976 
0.0969 0.1067 0.0439 0.0101 0.0014 0.0521 0.0195 0.0455 0.0051 0.0002 0.0949 0.0018 0.3812 0.0463 0.0252 0.0692 
0.0850 0.0535 0.1388 0.0109 0.0019 0.0780 0.0283 0.0396 0.0050 0.0021 0.0567 0.1337 0.2772 0.0414 0.0077 0.0403 
0.1167 0.0620 0.2253 0.0256 0.0045 0.0753 0.0404 0.0587 0.0013 0.0003 0.1165 0.0364 0.1152 0.0796 0.0189 0.0233 
0.0941 0.0540 0.3853 0.0327 0.0030 0.0676 0.0109 0.0518 0.0006 0.0013 0.0778 0.0594 0.0709 0.0471 0.0208 0.0227 
0.1016 0.0564 0.0096 0.0099 0.0056 0.2712 0.0056 0.0476 0.0059 0.0034 0.0599 0.0420 0.3153 0.0444 0.0081 0.0134 
0.0677 0.0798 0.0022 0.0149 0.0042 0.0337 0.0027 0.0372 0.0035 0.0001 0.5386 0.0200 0.1519 0.0369 0.0021 0.0046 
0.0725 0.0444 0.0051 0.0176 0.0021 0.0348 0.0045 0.0278 0.0050 0.0005 0.0268 0.5821 0.0908 0.0286 0.0457 0.0117 
0.0412 0.0300 0.2158 0.0050 0.0051 0.0315 0.0244 0.0230 0.0062 0.0002 0.0267 0.0048 0.4798 0.0256 0.0257 0.0550 
0.1065 0.0572 0.1996 0.0182 0.0045 0.0457 0.0305 0.0653 0.0034 0.0014 0.0807 0.0113 0.2041 0.0473 0.0236 0.1006 
0.0914 0.0561 0.1890 0.0235 0.0101 0.1125 0.0409 0.0566 0.0192 0.0032 0.0577 0.0454 0.1329 0.0548 0.0136 0.0932 
0.0815 0.0508 0.2841 0.0064 0.0045 0.1888 0.0291 0.0420 0.0018 0.0021 0.0840 0.0136 0.1471 0.0431 0.0066 0.0145 
0.0793 0.2221 0.1146 0.0102 0.0018 0.1574 0.0134 0.0495 0.0077 0.0062 0.1390 0.0805 0.0590 0.0409 0.0059 0.0125 
0.1093 0.1371 0.0490 0.0131 0.0101 0.0912 0.0490 0.0546 0.0109 0.0035 0.1146 0.1531 0.0892 0.0585 0.0366 0.0203 
0.0955 0.0452 0.2382 0.0431 0.0016 0.0463 0.0383 0.0546 0.0016 0.0002 0.1478 0.1209 0.0690 0.0406 0.0168 0.0401 
0.1118 0.0737 0.2053 0.0700 0.0073 0.0503 0.0446 0.0475 0.0324 0.0006 0.0590 0.0422 0.0746 0.0529 0.0209 0.1069 
0.1016 0.0403 0.1865 0.0257 0.0687 0.0596 0.2903 0.0422 0.0054 0.0048 0.0451 0.0163 0.0455 0.0484 0.0096 0.0099 
0.1027 0.2449 0.0965 0.0537 0.0075 0.0641 0.0083 0.1243 0.0037 0.0120 0.0781 0.0236 0.0855 0.0574 0.0136 0.0241 
0.0751 0.0513 0.0347 0.2664 0.0046 0.0633 0.0008 0.0412 0.1168 0.1382 0.0406 0.0352 0.0505 0.0532 0.0030 0.0249 
0.1344 0.0935 0.2646 0.1868 0.0037 0.0698 0.0066 0.0460 0.0075 0.0014 0.0522 0.0128 0.0320 0.0454 0.0390 0.0045 
0.0709 0.1336 0.0620 0.4255 0.0094 0.0877 0.0118 0.0337 0.0035 0.0011 0.0407 0.0069 0.0208 0.0344 0.0120 0.0459 
0.0682 0.0321 0.0486 0.5550 0.0188 0.0526 0.0061 0.0450 0.0011 0.0032 0.0733 0.0312 0.0196 0.0296 0.0118 0.0038 
0.0632 0.0586 0.0455 0.3340 0.0126 0.1225 0.0157 0.0585 0.0396 0.0002 0.0332 0.1238 0.0208 0.0423 0.0169 0.0126 
0.0805 0.0289 0.0043 0.2300 0.0358 0.1977 0.0134 0.0350 0.1506 0.0115 0.0484 0.0081 0.0348 0.0401 0.0287 0.0521 
