0.1117 0.0372 0.1893 0.3332 0.0056 0.0649 0.0201 0.0339 0.0324 0.0037 0.0578 0.0126 0.0326 0.0340 0.0073 0.0236 
0.0276 0.0267 0.4695 0.2736 0.0048 0.0216 0.0097 0.0177 0.0126 0.0005 0.0713 0.0141 0.0211 0.0149 0.0037 0.0107 
0.0489 0.0671 0.0350 0.6600 0.0027 0.0390 0.0042 0.0252 0.0046 0.0006 0.0275 0.0257 0.0208 0.0233 0.0029 0.0126 
0.0498 0.0323 0.0254 0.6592 0.0069 0.0647 0.0019 0.0259 0.0222 0.0022 0.0348 0.0048 0.0236 0.0248 0.0187 0.0027 
0.0674 0.0748 0.0150 0.6495 0.0072 0.0419 0.0022 0.0319 0.0005 0.0005 0.0407 0.0139 0.0173 0.0300 0.0008 0.0064 
0.0628 0.0415 0.0174 0.6316 0.0043 0.0700 0.0008 0.0339 0.0053 0.0002 0.0371 0.0209 0.0342 0.0335 0.0045 0.0021 
0.0898 0.0468 0.0383 0.5047 0.0067 0.0690 0.0014 0.0450 0.0109 0.0001 0.0546 0.0070 0.0778 0.0433 0.0027 0.0019 
0.0554 0.0556 0.0083 0.6865 0.0018 0.0272 0.0040 0.0307 0.0003 0.0001 0.0324 0.0176 0.0476 0.0254 0.0019 0.0053 
0.1048 0.0513 0.0163 0.2676 0.0102 0.2694 0.0008 0.0508 0.0032 0.0003 0.0663 0.0155 0.0901 0.0501 0.0022 0.0011 
0.0909 0.0724 0.0072 0.2431 0.0035 0.0502 0.0024 0.0556 0.0005 0.0001 0.1319 0.0372 0.2556 0.0447 0.0035 0.0013 
0.0759 0.0629 0.0006 0.3481 0.0045 0.0335 0.0096 0.0391 0.0179 0.0001 0.0380 0.0682 0.2381 0.0363 0.0045 0.0228 
0.1003 0.0481 0.0094 0.0075 0.2157 0.0621 0.2120 0.0503 0.0058 0.0030 0.0502 0.0061 0.1339 0.0807 0.0104 0.0046 
0.0653 0.0671 0.0256 0.0030 0.0027 0.0428 0.0026 0.3668 0.0006 0.0005 0.0548 0.0069 0.1703 0.0339 0.1399 0.0173 
0.0736 0.0909 0.0021 0.0078 0.0053 0.0367 0.0291 0.0414 0.4008 0.0153 0.0485 0.0308 0.0704 0.0567 0.0125 0.0781 
0.3905 0.0509 0.1062 0.0204 0.0032 0.0423 0.0109 0.0430 0.0161 0.0001 0.0540 0.0158 0.0446 0.0444 0.1389 0.0190 
0.0511 0.0283 0.5357 0.0545 0.0034 0.0324 0.0094 0.0203 0.0018 0.0027 0.0182 0.0072 0.0701 0.0181 0.0078 0.1390 
0.1212 0.0508 0.2728 0.0994 0.0131 0.1644 0.0005 0.0524 0.0083 0.0018 0.0601 0.0030 0.0944 0.0455 0.0088 0.0035 
0.0965 0.3335 0.0061 0.2401 0.0062 0.0639 0.0037 0.0543 0.0021 0.0037 0.0564 0.0316 0.0367 0.0462 0.0024 0.0168 
0.0922 0.0499 0.0058 0.3937 0.0018 0.0794 0.0022 0.0492 0.0099 0.0003 0.1368 0.0181 0.0876 0.0550 0.0038 0.0144 
0.1273 0.1729 0.1577 0.0283 0.0066 0.0815 0.0064 0.0553 0.0139 0.0003 0.0631 0.0920 0.1233 0.0545 0.0126 0.0043 
0.0982 0.0655 0.0634 0.2773 0.0053 0.0489 0.0080 0.0516 0.0010 0.0001 0.0708 0.0101 0.1334 0.0478 0.0083 0.1105 
0.0666 0.0339 0.2531 0.3087 0.0112 0.0328 0.0404 0.0316 0.0008 0.0013 0.0336 0.0383 0.0975 0.0324 0.0024 0.0155 
0.0841 0.0388 0.1190 0.4442 0.0085 0.0588 0.0006 0.0582 0.0002 0.0054 0.0519 0.0032 0.0812 0.0390 0.0034 0.0035 
0.0684 0.0855 0.0037 0.0086 0.0264 0.5191 0.0093 0.0457 0.0081 0.0040 0.0419 0.0615 0.0681 0.0324 0.0150 0.0024 
0.0813 0.0773 0.0003 0.0059 0.1457 0.0574 0.0422 0.0781 0.0037 0.0003 0.3465 0.0133 0.0762 0.0601 0.0043 0.0073 
0.0772 0.0943 0.0649 0.0056 0.0045 0.0297 0.0072 0.0887 0.0417 0.0003 0.0404 0.3961 0.0534 0.0328 0.0495 0.0139 
0.0768 0.0382 0.0912 0.0030 0.0024 0.0490 0.0045 0.0359 0.0348 0.0374 0.0401 0.0211 0.1212 0.0339 0.0077 0.4028 
0.1882 0.0564 0.0903 0.0034 0.0026 0.0941 0.0168 0.0575 0.0161 0.0008 0.1190 0.0064 0.2639 0.0518 0.0077 0.0252 
0.1094 0.2077 0.0906 0.0264 0.0037 0.0423 0.0080 0.0468 0.0003 0.0027 0.0855 0.1372 0.1711 0.0542 0.0027 0.0115 
0.0898 0.0514 0.0081 0.0139 0.0010 0.3799 0.0059 0.0458 0.0069 0.0021 0.0433 0.0808 0.2006 0.0452 0.0158 0.0094 
0.0441 0.0232 0.0081 0.0075 0.0019 0.0241 0.0022 0.0225 0.0077 0.0016 0.4213 0.0037 0.3764 0.0219 0.0067 0.0271 
0.0321 0.0334 0.0053 0.0139 0.0018 0.0147 0.0016 0.0156 0.0003 0.0018 0.0171 0.5981 0.2447 0.0147 0.0010 0.0042 
0.0487 0.0238 0.0172 0.0172 0.0046 0.0450 0.0018 0.0243 0.0046 0.0002 0.0273 0.0115 0.7408 0.0294 0.0011 0.0024 
0.0516 0.0267 0.0279 0.0136 0.0010 0.0289 0.0014 0.0273 0.0013 0.0002 0.0347 0.0069 0.7418 0.0283 0.0030 0.0056 
0.0561 0.0350 0.0104 0.0188 0.0013 0.0283 0.0014 0.0265 0.0011 0.0003 0.0265 0.0273 0.7208 0.0283 0.0107 0.0072 
0.0500 0.0272 0.0473 0.0256 0.0024 0.0259 0.0003 0.0232 0.0008 0.0001 0.0241 0.0024 0.7357 0.0240 0.0037 0.0077 
0.0519 0.0251 0.0062 0.0807 0.0014 0.0363 0.0046 0.0262 0.0003 0.0001 0.0244 0.0030 0.6986 0.0262 0.0018 0.0133 
0.0664 0.0308 0.0281 0.0212 0.0014 0.0375 0.0027 0.0310 0.0014 0.0001 0.0358 0.0029 0.7029 0.0310 0.0040 0.0029 
0.0514 0.0340 0.0066 0.0824 0.0018 0.0262 0.0038 0.0267 0.0034 0.0005 0.0276 0.0112 0.6861 0.0252 0.0018 0.0113 
0.0470 0.0259 0.0030 0.1629 0.0006 0.0323 0.0094 0.0217 0.0014 0.0002 0.0228 0.0029 0.6034 0.0246 0.0048 0.0371 
0.0359 0.0200 0.1818 0.0244 0.0014 0.0291 0.0109 0.0168 0.0010 0.0001 0.0212 0.0045 0.6166 0.0176 0.0113 0.0075 
0.0607 0.0339 0.0985 0.0572 0.0030 0.0382 0.0032 0.0313 0.0001 0.0001 0.0334 0.0086 0.5986 0.0295 0.0014 0.0026 
0.0618 0.0323 0.0019 0.0690 0.0013 0.1789 0.0040 0.0356 0.0027 0.0003 0.0401 0.0113 0.5255 0.0310 0.0029 0.0013 
0.1077 0.2463 0.0176 0.0430 0.0040 0.0669 0.0048 0.0545 0.0062 0.0001 0.0629 0.0158 0.2288 0.0658 0.0104 0.0653 
0.1136 0.1109 0.1647 0.0939 0.0021 0.0570 0.0080 0.0575 0.0010 0.0002 0.0567 0.0147 0.1879 0.0550 0.0388 0.0382 
0.0707 0.0356 0.2240 0.0085 0.0500 0.0976 0.0653 0.0348 0.0072 0.0003 0.0335 0.0035 0.0161 0.2702 0.0069 0.0758 
0.1101 0.1059 0.1907 0.0883 0.0024 0.0641 0.0059 0.0746 0.0024 0.0001 0.0867 0.0123 0.0265 0.0502 0.1727 0.0073 
0.0551 0.0315 0.0740 0.4611 0.0014 0.0256 0.0016 0.0264 0.0267 0.0224 0.0334 0.0299 0.0332 0.0241 0.0014 0.1523 
0.1800 0.0364 0.2419 0.3596 0.0026 0.0415 0.0032 0.0217 0.0026 0.0018 0.0212 0.0112 0.0353 0.0225 0.0102 0.0083 
0.0598 0.0316 0.0024 0.0932 0.0484 0.5713 0.0027 0.0304 0.0001 0.0045 0.0733 0.0061 0.0436 0.0289 0.0018 0.0022 
0.0618 0.0572 0.0010 0.0534 0.0075 0.0337 0.0003 0.0526 0.0006 0.0030 0.5550 0.1102 0.0270 0.0321 0.0010 0.0037 
0.0372 0.0837 0.0006 0.0863 0.0013 0.0201 0.0026 0.0196 0.0158 0.0002 0.0200 0.6350 0.0449 0.0204 0.0097 0.0026 
0.0447 0.0228 0.0901 0.0112 0.0029 0.0287 0.0053 0.0211 0.0021 0.0001 0.0248 0.0042 0.6951 0.0211 0.0142 0.0118 
0.0681 0.1101 0.0543 0.0205 0.0014 0.0329 0.0072 0.0307 0.0003 0.0002 0.0297 0.0091 0.5912 0.0284 0.0056 0.0102 
0.0540 0.0276 0.0034 0.0848 0.0006 0.0433 0.0192 0.0254 0.0018 0.0001 0.0276 0.0057 0.6711 0.0251 0.0073 0.0030 
0.0514 0.0350 0.0404 0.0123 0.0006 0.0305 0.0072 0.0251 0.0016 0.0005 0.0315 0.0109 0.7067 0.0248 0.0080 0.0136 
0.0601 0.0302 0.0073 0.0818 0.0014 0.0327 0.0022 0.0278 0.0008 0.0003 0.0304 0.0059 0.6674 0.0300 0.0080 0.0136 
0.0647 0.0340 0.1283 0.0112 0.0011 0.0567 0.0024 0.0276 0.0003 0.0001 0.0283 0.0059 0.5986 0.0296 0.0064 0.0050 
0.0681 0.0535 0.0054 0.0565 0.0010 0.0714 0.0034 0.0345 0.0006 0.0002 0.0419 0.0050 0.5955 0.0431 0.0099 0.0101 
0.0519 0.1364 0.0064 0.0428 0.0003 0.0270 0.0037 0.0249 0.0018 0.0001 0.0303 0.0093 0.6041 0.0316 0.0145 0.0152 
0.0660 0.0339 0.0604 0.2757 0.0003 0.0288 0.0094 0.0304 0.0021 0.0001 0.0343 0.0080 0.3268 0.0302 0.0415 0.0524 
0.0657 0.0361 0.4462 0.1827 0.0026 0.0302 0.0391 0.0307 0.0001 0.0001 0.0316 0.0035 0.0756 0.0312 0.0026 0.0225 
0.1062 0.0508 0.1796 0.3230 0.0059 0.1054 0.0022 0.0518 0.0005 0.0006 0.0570 0.0050 0.0519 0.0482 0.0094 0.0024 
0.0594 0.1310 0.0198 0.5781 0.0030 0.0385 0.0013 0.0339 0.0110 0.0001 0.0409 0.0088 0.0262 0.0291 0.0010 0.0182 
0.1027 0.0489 0.0065 0.4192 0.0054 0.1896 0.0083 0.0449 0.0094 0.0046 0.0502 0.0235 0.0300 0.0444 0.0085 0.0038 
0.1033 0.1408 0.1567 0.0198 0.0278 0.2394 0.0042 0.0521 0.0042 0.0005 0.1230 0.0152 0.0500 0.0481 0.0034 0.0118 
0.0978 0.0701 0.0066 0.1002 0.0072 0.0717 0.0091 0.0604 0.0051 0.0040 0.2901 0.1507 0.0636 0.0542 0.0034 0.0059 
0.1083 0.0872 0.0243 0.0396 0.0224 0.0580 0.0203 0.0511 0.0632 0.0032 0.0762 0.1588 0.0735 0.1412 0.0150 0.0578 
0.0772 0.0364 0.1805 0.0224 0.0053 0.0470 0.0294 0.0534 0.0011 0.0058 0.0399 0.0145 0.1147 0.0367 0.3153 0.0204 
0.0762 0.1620 0.1126 0.0267 0.0032 0.0490 0.0057 0.0383 0.1342 0.0115 0.0385 0.0088 0.0548 0.0363 0.0040 0.2383 
0.1784 0.0604 0.0101 0.4324 0.0042 0.0610 0.0053 0.0495 0.0053 0.0142 0.0542 0.0093 0.0474 0.0521 0.0069 0.0094 
0.0711 0.0628 0.5307 0.0867 0.0117 0.0441 0.0035 0.0350 0.0008 0.0014 0.0452 0.0086 0.0375 0.0358 0.0131 0.0120 
0.0580 0.0462 0.0109 0.6471 0.0077 0.0497 0.0029 0.0326 0.0021 0.0003 0.0369 0.0137 0.0546 0.0289 0.0043 0.0042 
0.0676 0.0331 0.0342 0.6248 0.0067 0.0323 0.0026 0.0334 0.0059 0.0018 0.0529 0.0155 0.0505 0.0313 0.0061 0.0016 
0.0834 0.0425 0.0238 0.4622 0.0057 0.1029 0.0011 0.0433 0.0040 0.0024 0.0532 0.0371 0.0792 0.0391 0.0043 0.0158 
0.0985 0.0862 0.0053 0.0680 0.0085 0.4249 0.0081 0.0481 0.0075 0.0021 0.0779 0.0303 0.0667 0.0463 0.0152 0.0064 
0.1208 0.1008 0.0061 0.0518 0.0126 0.0764 0.0091 0.0653 0.0021 0.0013 0.2895 0.0451 0.1422 0.0570 0.0014 0.0185 
0.0719 0.0361 0.0516 0.0053 0.0013 0.0778 0.0046 0.0505 0.0061 0.0013 0.0534 0.4029 0.1962 0.0340 0.0048 0.0024 
0.0573 0.0578 0.0524 0.0133 0.0005 0.0243 0.0045 0.0254 0.0289 0.0001 0.0327 0.0145 0.6402 0.0251 0.0109 0.0125 
0.0599 0.0259 0.0058 0.0035 0.0018 0.1272 0.0066 0.0268 0.0018 0.0005 0.0305 0.0169 0.6527 0.0260 0.0085 0.0058 
0.0703 0.0834 0.0768 0.0026 0.0011 0.0324 0.0013 0.0351 0.0005 0.0001 0.1069 0.0029 0.5328 0.0329 0.0035 0.0177 
0.0784 0.0387 0.0097 0.0557 0.0006 0.0395 0.0043 0.0377 0.0029 0.0002 0.0404 0.1782 0.4641 0.0406 0.0024 0.0065 
0.0607 0.0318 0.0654 0.0029 0.0034 0.0326 0.0008 0.0265 0.0006 0.0001 0.0294 0.0064 0.6964 0.0272 0.0123 0.0037 
0.0696 0.0462 0.0005 0.0121 0.0311 0.0759 0.0163 0.0372 0.0003 0.0001 0.0573 0.0034 0.5668 0.0653 0.0051 0.0129 
0.0778 0.0452 0.0038 0.0088 0.0034 0.0418 0.0029 0.0463 0.0013 0.0006 0.0537 0.0291 0.5327 0.0374 0.1126 0.0027 
0.0610 0.0332 0.0070 0.0059 0.0010 0.0380 0.0024 0.0337 0.0120 0.0093 0.0348 0.0310 0.5201 0.0291 0.0046 0.1769 
0.0952 0.0335 0.0160 0.0054 0.0019 0.0382 0.0118 0.0348 0.0073 0.0014 0.0433 0.0086 0.6546 0.0342 0.0051 0.0085 
0.0522 0.0305 0.0698 0.0061 0.0046 0.0353 0.0022 0.0273 0.0005 0.0002 0.0610 0.0244 0.6559 0.0262 0.0013 0.0026 
0.0503 0.0275 0.0035 0.0305 0.0019 0.0428 0.0011 0.0312 0.0010 0.0002 0.0367 0.0655 0.6798 0.0252 0.0016 0.0011 
0.0518 0.0636 0.0016 0.0268 0.0008 0.0334 0.0034 0.0268 0.0070 0.0001 0.0283 0.0123 0.6912 0.0318 0.0083 0.0131 
0.0542 0.0425 0.0184 0.0160 0.0013 0.0497 0.0099 0.0264 0.0011 0.0001 0.0292 0.0050 0.6970 0.0296 0.0128 0.0073 
0.0388 0.0653 0.0756 0.0027 0.0158 0.0259 0.0054 0.0196 0.0043 0.0002 0.0252 0.0021 0.6615 0.0200 0.0061 0.0315 
0.0684 0.0380 0.0244 0.0791 0.0105 0.0334 0.0327 0.0358 0.0021 0.0001 0.0345 0.0088 0.0085 0.5812 0.0078 0.0348 
0.0377 0.0195 0.1225 0.0339 0.0013 0.0179 0.0065 0.0327 0.0026 0.0021 0.0195 0.0065 0.0117 0.0192 0.6610 0.0054 
0.0508 0.0295 0.0057 0.0909 0.0016 0.0227 0.0075 0.0272 0.0093 0.0166 0.0280 0.0046 0.0110 0.0287 0.0065 0.6593 
0.4665 0.0433 0.0128 0.1820 0.0101 0.0863 0.0056 0.0425 0.0032 0.0002 0.0586 0.0155 0.0225 0.0430 0.0064 0.0016 
0.0992 0.1585 0.2931 0.1502 0.0064 0.0526 0.0022 0.0564 0.0018 0.0003 0.0633 0.0153 0.0364 0.0470 0.0064 0.0110 
0.0648 0.0326 0.0091 0.6256 0.0038 0.0703 0.0053 0.0332 0.0123 0.0042 0.0478 0.0347 0.0188 0.0310 0.0037 0.0029 
0.1296 0.0767 0.0113 0.0235 0.0249 0.3272 0.0013 0.0757 0.0019 0.0046 0.1847 0.0307 0.0414 0.0602 0.0021 0.0042 
0.0826 0.0911 0.0053 0.0187 0.0085 0.1093 0.0026 0.0535 0.0066 0.0013 0.1968 0.3390 0.0355 0.0425 0.0034 0.0035 
0.1178 0.1967 0.0053 0.0086 0.0016 0.0770 0.0228 0.0623 0.0308 0.0005 0.1109 0.0812 0.1411 0.0693 0.0220 0.0521 
0.1013 0.0594 0.3291 0.0442 0.0014 0.0428 0.0220 0.0465 0.0099 0.0001 0.0513 0.0657 0.1083 0.0449 0.0425 0.0307 
0.1081 0.0519 0.2754 0.0904 0.0022 0.0866 0.0081 0.0542 0.0026 0.0005 0.0543 0.0129 0.0645 0.0551 0.0102 0.1228 
0.1608 0.0599 0.0841 0.0502 0.0043 0.1016 0.0110 0.0623 0.0030 0.0026 0.1795 0.0056 0.1668 0.0730 0.0264 0.0089 
0.1088 0.1496 0.0042 0.0281 0.0042 0.1048 0.0094 0.0567 0.0034 0.0019 0.1255 0.1768 0.1575 0.0535 0.0070 0.0088 
0.0970 0.1825 0.0014 0.1427 0.0029 0.0360 0.0240 0.0473 0.0104 0.0001 0.0460 0.0417 0.1636 0.0388 0.0190 0.1469 
0.0538 0.0284 0.5012 0.0506 0.0019 0.0331 0.0331 0.0252 0.0097 0.0001 0.0313 0.0117 0.1690 0.0281 0.0093 0.0136 
0.0829 0.0716 0.4549 0.0572 0.0050 0.0647 0.0099 0.0366 0.0040 0.0024 0.0465 0.0061 0.1000 0.0334 0.0187 0.0064 
0.0941 0.0604 0.0129 0.0251 0.3080 0.1436 0.0192 0.0572 0.0040 0.0013 0.0813 0.0288 0.0503 0.0816 0.0048 0.0273 
0.1374 0.0890 0.0149 0.0197 0.0177 0.0836 0.0276 0.2429 0.0102 0.0014 0.1397 0.0342 0.0409 0.0852 0.0396 0.0160 
0.0798 0.1338 0.0444 0.0214 0.0046 0.0418 0.0109 0.0498 0.2930 0.0505 0.0418 0.0458 0.0439 0.0396 0.0129 0.0858 
0.1832 0.0909 0.0650 0.0318 0.0067 0.1539 0.0249 0.0762 0.0182 0.0348 0.0767 0.0220 0.0786 0.0781 0.0038 0.0553 
0.1151 0.1676 0.1004 0.0358 0.0046 0.0941 0.0069 0.0591 0.0096 0.0136 0.2493 0.0102 0.0468 0.0598 0.0136 0.0136 
0.1222 0.2740 0.0565 0.0732 0.0022 0.0733 0.0224 0.0559 0.0212 0.0024 0.0767 0.1125 0.0113 0.0565 0.0203 0.0193 
0.0668 0.0436 0.5820 0.0797 0.0010 0.0406 0.0155 0.0379 0.0019 0.0003 0.0387 0.0214 0.0161 0.0329 0.0070 0.0145 
0.0837 0.0460 0.4151 0.1557 0.0040 0.0901 0.0081 0.0431 0.0040 0.0001 0.0500 0.0120 0.0115 0.0447 0.0118 0.0203 
0.0727 0.0796 0.1085 0.4450 0.0128 0.0575 0.0133 0.0331 0.0046 0.0006 0.0519 0.0051 0.0081 0.0361 0.0142 0.0569 
0.0625 0.0925 0.0911 0.5849 0.0024 0.0219 0.0155 0.0318 0.0005 0.0005 0.0276 0.0126 0.0070 0.0238 0.0064 0.0190 
0.0668 0.0348 0.0470 0.0967 0.0653 0.4910 0.0125 0.0363 0.0035 0.0073 0.0388 0.0227 0.0144 0.0390 0.0129 0.0110 
0.0837 0.0936 0.0762 0.1942 0.0335 0.0444 0.0024 0.0978 0.0070 0.0014 0.2637 0.0308 0.0243 0.0361 0.0037 0.0070 
0.0714 0.0516 0.0075 0.1543 0.0270 0.1361 0.0225 0.0733 0.1492 0.0022 0.0329 0.1923 0.0287 0.0308 0.0115 0.0088 
0.1872 0.0754 0.1067 0.0123 0.0398 0.1166 0.0248 0.0775 0.0687 0.0040 0.0540 0.0118 0.0399 0.0609 0.0099 0.1105 
