0.0866 0.0374 0.2353 0.0800 0.0117 0.2626 0.0050 0.0436 0.0099 0.0128 0.1089 0.0118 0.0361 0.0406 0.0022 0.0157 
0.1040 0.1780 0.0243 0.1222 0.0051 0.1506 0.0035 0.0596 0.0248 0.0038 0.1720 0.0419 0.0350 0.0505 0.0050 0.0198 
0.0693 0.1297 0.0121 0.4871 0.0014 0.0307 0.0040 0.0339 0.0105 0.0014 0.0495 0.0672 0.0348 0.0409 0.0088 0.0185 
0.0588 0.0334 0.4386 0.2631 0.0021 0.0374 0.0085 0.0244 0.0056 0.0001 0.0244 0.0097 0.0358 0.0254 0.0093 0.0235 
0.0548 0.0463 0.1915 0.5295 0.0038 0.0308 0.0046 0.0254 0.0010 0.0013 0.0321 0.0032 0.0294 0.0232 0.0043 0.0188 
0.0626 0.0345 0.0343 0.7000 0.0029 0.0303 0.0032 0.0302 0.0043 0.0001 0.0292 0.0101 0.0161 0.0257 0.0070 0.0094 
0.0486 0.0452 0.0736 0.6830 0.0048 0.0327 0.0126 0.0240 0.0037 0.0013 0.0254 0.0051 0.0113 0.0236 0.0011 0.0040 
0.0747 0.0363 0.0050 0.1375 0.0094 0.5798 0.0010 0.0422 0.0003 0.0065 0.0503 0.0037 0.0081 0.0347 0.0096 0.0010 
0.0837 0.0687 0.0131 0.0252 0.0081 0.0549 0.0013 0.0449 0.0142 0.0002 0.5820 0.0444 0.0145 0.0409 0.0011 0.0027 
0.0525 0.0275 0.0034 0.0696 0.0022 0.0278 0.0006 0.0270 0.0053 0.0002 0.0410 0.6791 0.0366 0.0244 0.0024 0.0003 
0.0636 0.0337 0.0240 0.0078 0.0014 0.0425 0.0027 0.0303 0.0065 0.0001 0.0319 0.0142 0.6798 0.0348 0.0061 0.0208 
0.0636 0.0459 0.0085 0.0160 0.0032 0.0347 0.0171 0.0300 0.0037 0.0001 0.0339 0.0045 0.6693 0.0300 0.0155 0.0244 
0.0535 0.0324 0.0803 0.0141 0.0010 0.0248 0.0045 0.0297 0.0002 0.0001 0.0276 0.0035 0.6456 0.0268 0.0142 0.0420 
0.0762 0.0379 0.0452 0.0099 0.0010 0.0992 0.0165 0.0388 0.0236 0.0006 0.0395 0.0064 0.4682 0.0637 0.0105 0.0628 
0.1041 0.0618 0.2709 0.0152 0.0018 0.0495 0.0089 0.0414 0.0038 0.0005 0.0543 0.0144 0.2294 0.0479 0.0462 0.0500 
0.0598 0.0316 0.1687 0.0249 0.0024 0.1336 0.0078 0.0297 0.0014 0.0027 0.0420 0.0313 0.3782 0.0294 0.0101 0.0463 
0.1516 0.1315 0.0743 0.0342 0.0220 0.0665 0.0097 0.0642 0.0038 0.0018 0.1238 0.0275 0.1516 0.0741 0.0142 0.0492 
0.1176 0.0907 0.0540 0.0858 0.0152 0.0823 0.0101 0.0749 0.0022 0.0022 0.0669 0.1308 0.1800 0.0591 0.0236 0.0045 
0.1078 0.2149 0.1129 0.1040 0.0097 0.0497 0.0099 0.0604 0.0313 0.0018 0.0644 0.0099 0.0575 0.0500 0.0291 0.0867 
0.0575 0.0355 0.2971 0.2378 0.0059 0.1443 0.0168 0.0356 0.0190 0.0006 0.0344 0.0232 0.0304 0.0289 0.0117 0.0214 
0.0494 0.0398 0.0722 0.0026 0.4549 0.1375 0.0954 0.0235 0.0024 0.0029 0.0463 0.0147 0.0283 0.0225 0.0045 0.0034 
0.0711 0.1078 0.0131 0.0369 0.0030 0.0503 0.0030 0.4468 0.0022 0.0011 0.0996 0.0676 0.0471 0.0305 0.0038 0.0160 
0.0462 0.0781 0.0420 0.0331 0.0022 0.0224 0.0037 0.0192 0.4997 0.0673 0.0364 0.0543 0.0439 0.0188 0.0104 0.0224 
0.2417 0.0332 0.4286 0.0751 0.0019 0.0304 0.0037 0.0307 0.0014 0.0006 0.0353 0.0195 0.0521 0.0297 0.0019 0.0142 
0.0848 0.0409 0.0925 0.0030 0.0038 0.5758 0.0026 0.0411 0.0008 0.0029 0.0417 0.0329 0.0304 0.0398 0.0046 0.0024 
0.0810 0.0510 0.0021 0.0166 0.0038 0.0519 0.0003 0.0455 0.0037 0.0003 0.6363 0.0022 0.0532 0.0428 0.0035 0.0057 
0.0479 0.0701 0.0013 0.0094 0.0005 0.0249 0.0030 0.0212 0.0141 0.0001 0.0240 0.7257 0.0171 0.0227 0.0099 0.0081 
0.0530 0.0241 0.0286 0.0040 0.0005 0.0248 0.0035 0.0248 0.0013 0.0005 0.0351 0.0070 0.6804 0.0283 0.0273 0.0569 
0.0626 0.0431 0.1418 0.0110 0.0013 0.0256 0.0032 0.0251 0.0018 0.0001 0.0252 0.0121 0.5296 0.0428 0.0061 0.0688 
0.0829 0.0352 0.0439 0.0339 0.0038 0.0407 0.0160 0.0347 0.0002 0.0006 0.0360 0.0075 0.6015 0.0395 0.0166 0.0070 
0.0706 0.0415 0.0280 0.0089 0.0014 0.0379 0.0102 0.0417 0.0006 0.0001 0.0374 0.0042 0.6288 0.0343 0.0366 0.0180 
0.1411 0.0700 0.0161 0.0575 0.0027 0.1158 0.0131 0.0717 0.0171 0.0010 0.0999 0.0081 0.1794 0.0677 0.0185 0.1201 
0.1040 0.0756 0.5085 0.0219 0.0016 0.0375 0.0123 0.0401 0.0061 0.0008 0.0457 0.0121 0.0570 0.0385 0.0176 0.0208 
0.0724 0.0577 0.0265 0.0013 0.0021 0.6154 0.0051 0.0417 0.0002 0.0024 0.0383 0.0439 0.0375 0.0372 0.0038 0.0145 
0.0840 0.0553 0.0208 0.0008 0.0010 0.0580 0.0032 0.0439 0.0077 0.0003 0.6403 0.0050 0.0171 0.0412 0.0089 0.0126 
0.0345 0.0280 0.0153 0.0042 0.0010 0.0152 0.0040 0.0161 0.0034 0.0002 0.1671 0.6831 0.0056 0.0176 0.0011 0.0038 
0.0492 0.0232 0.0426 0.0048 0.0011 0.0220 0.0038 0.0211 0.0008 0.0001 0.0203 0.1704 0.5937 0.0262 0.0067 0.0141 
0.0498 0.0252 0.0302 0.0016 0.0016 0.0556 0.0040 0.0265 0.0019 0.0003 0.0366 0.0030 0.7206 0.0252 0.0118 0.0059 
0.0505 0.0783 0.0005 0.0032 0.0005 0.0359 0.0024 0.0273 0.0006 0.0001 0.0388 0.0181 0.7136 0.0249 0.0019 0.0037 
0.0639 0.0415 0.0003 0.0085 0.0011 0.0406 0.0030 0.0286 0.0053 0.0001 0.0318 0.0222 0.7207 0.0289 0.0022 0.0014 
0.0738 0.0585 0.0182 0.0018 0.0115 0.0385 0.0160 0.0385 0.0011 0.0001 0.0371 0.0048 0.1340 0.5470 0.0102 0.0093 
0.0398 0.0248 0.0756 0.0027 0.0013 0.0179 0.0097 0.0228 0.0005 0.0001 0.0187 0.0026 0.0970 0.0193 0.6602 0.0073 
0.0478 0.0169 0.1246 0.0158 0.0002 0.0144 0.0029 0.0166 0.0184 0.0029 0.0190 0.0002 0.0318 0.0173 0.0056 0.6658 
0.4993 0.0585 0.0577 0.0395 0.0030 0.0588 0.0070 0.0572 0.0022 0.0001 0.0577 0.0066 0.0727 0.0601 0.0081 0.0118 
0.0842 0.0460 0.0171 0.0048 0.0072 0.6356 0.0016 0.0468 0.0001 0.0008 0.0470 0.0016 0.0583 0.0415 0.0042 0.0035 
0.0805 0.0478 0.0016 0.0169 0.0024 0.0894 0.0003 0.0484 0.0038 0.0003 0.6269 0.0067 0.0299 0.0393 0.0014 0.0043 
0.0506 0.0430 0.0010 0.0198 0.0032 0.0248 0.0006 0.0236 0.0058 0.0011 0.0395 0.7372 0.0240 0.0233 0.0005 0.0021 
0.0519 0.0241 0.0113 0.0069 0.0018 0.0249 0.0029 0.0270 0.0008 0.0002 0.0326 0.0244 0.7460 0.0310 0.0069 0.0073 
0.0473 0.0233 0.0083 0.0008 0.0022 0.0566 0.0040 0.0244 0.0019 0.0003 0.0268 0.0158 0.7399 0.0248 0.0089 0.0145 
0.0513 0.0479 0.0032 0.0002 0.0027 0.0241 0.0024 0.0267 0.0006 0.0001 0.0355 0.0102 0.7542 0.0257 0.0050 0.0102 
0.0575 0.0305 0.0037 0.0021 0.0006 0.0262 0.0107 0.0276 0.0024 0.0002 0.0291 0.0294 0.6924 0.0262 0.0072 0.0543 
0.0407 0.0278 0.1591 0.0011 0.0021 0.0211 0.0157 0.0190 0.0014 0.0001 0.0198 0.0035 0.6498 0.0227 0.0024 0.0139 
0.0567 0.0286 0.0714 0.0027 0.0078 0.0542 0.0139 0.0316 0.0001 0.0008 0.0420 0.0034 0.6410 0.0305 0.0105 0.0050 
0.0751 0.0736 0.0133 0.0061 0.0005 0.0374 0.0118 0.0379 0.0027 0.0001 0.0698 0.0204 0.5042 0.0358 0.0069 0.1048 
0.1246 0.0572 0.0101 0.0455 0.0010 0.0562 0.0061 0.0574 0.0141 0.0054 0.0645 0.0574 0.4210 0.0562 0.0045 0.0189 
0.0931 0.0455 0.0585 0.0069 0.0048 0.0479 0.0018 0.0462 0.0008 0.0002 0.0447 0.0056 0.5924 0.0423 0.0058 0.0035 
0.0738 0.0387 0.0034 0.0134 0.0147 0.0874 0.0021 0.0407 0.0005 0.0008 0.0586 0.0168 0.6011 0.0387 0.0014 0.0080 
0.1052 0.0776 0.0035 0.0088 0.0021 0.0602 0.0003 0.0548 0.0048 0.0002 0.0755 0.0337 0.5193 0.0500 0.0024 0.0016 
0.0780 0.0588 0.0034 0.0067 0.0016 0.0391 0.0077 0.0420 0.0123 0.0001 0.0439 0.0645 0.5899 0.0393 0.0078 0.0050 
0.0712 0.0363 0.0781 0.0057 0.0013 0.0313 0.0034 0.0327 0.0056 0.0001 0.0331 0.0086 0.6432 0.0321 0.0093 0.0083 
0.0660 0.0297 0.0696 0.0067 0.0008 0.0494 0.0019 0.0310 0.0035 0.0002 0.0340 0.0030 0.6649 0.0294 0.0022 0.0077 
0.0612 0.0351 0.0299 0.0080 0.0016 0.0283 0.0003 0.0294 0.0016 0.0001 0.0313 0.0050 0.7312 0.0316 0.0024 0.0032 
0.0898 0.0503 0.0030 0.0246 0.0117 0.0812 0.0096 0.0455 0.0006 0.0003 0.0454 0.0101 0.3057 0.3143 0.0042 0.0037 
0.0562 0.0359 0.0051 0.0101 0.0013 0.0259 0.0043 0.0374 0.0011 0.0001 0.0385 0.0050 0.1928 0.0276 0.5546 0.0043 
0.0454 0.0278 0.0088 0.0315 0.0034 0.0222 0.0260 0.0292 0.0292 0.0032 0.0281 0.0205 0.1797 0.0224 0.0088 0.5138 
0.2985 0.0676 0.0185 0.0251 0.0110 0.0684 0.0628 0.0682 0.0184 0.0001 0.0602 0.0150 0.0942 0.0922 0.0083 0.0918 
0.0989 0.0467 0.3302 0.0120 0.0163 0.1213 0.0470 0.0530 0.0591 0.0011 0.0497 0.0011 0.0655 0.0585 0.0083 0.0313 
