0.0628 0.0606 0.1927 0.4167 0.0035 0.0347 0.0163 0.0366 0.0163 0.0010 0.0511 0.0198 0.0395 0.0294 0.0026 0.0165 
0.0901 0.0427 0.0177 0.2205 0.0073 0.3619 0.0243 0.0428 0.0115 0.0081 0.0495 0.0184 0.0495 0.0417 0.0027 0.0112 
0.0894 0.0431 0.0390 0.0925 0.0141 0.0663 0.0022 0.0460 0.0050 0.0050 0.5006 0.0153 0.0302 0.0395 0.0059 0.0061 
0.0318 0.1159 0.0077 0.1801 0.0043 0.0256 0.0040 0.0241 0.0078 0.0011 0.0254 0.5282 0.0177 0.0155 0.0054 0.0053 
0.0874 0.0598 0.0358 0.2230 0.0185 0.0436 0.0409 0.0454 0.0166 0.0008 0.0486 0.0328 0.2470 0.0451 0.0129 0.0419 
0.1018 0.0540 0.1579 0.0575 0.0187 0.1131 0.0115 0.0558 0.0008 0.0024 0.0503 0.0096 0.2890 0.0518 0.0118 0.0141 
0.1233 0.0886 0.1198 0.0157 0.0085 0.1142 0.0008 0.0797 0.0075 0.0176 0.1142 0.0078 0.2195 0.0599 0.0070 0.0160 
0.1307 0.0832 0.0091 0.0296 0.0046 0.1530 0.0038 0.0698 0.0241 0.0040 0.1471 0.1553 0.1105 0.0620 0.0067 0.0064 
0.1197 0.0673 0.0257 0.0280 0.0024 0.0505 0.0040 0.0510 0.0088 0.0003 0.1788 0.0909 0.3008 0.0516 0.0051 0.0152 
0.0562 0.0254 0.0326 0.0273 0.0021 0.0465 0.0034 0.0230 0.0016 0.0001 0.0227 0.1874 0.5335 0.0236 0.0065 0.0081 
0.0481 0.0287 0.0228 0.0371 0.0034 0.0268 0.0019 0.0254 0.0005 0.0003 0.0323 0.0032 0.7369 0.0243 0.0027 0.0056 
0.0460 0.0241 0.0021 0.0695 0.0011 0.0300 0.0053 0.0264 0.0032 0.0002 0.0252 0.0235 0.7047 0.0235 0.0054 0.0099 
0.0541 0.0273 0.0350 0.0220 0.0030 0.0265 0.0081 0.0259 0.0021 0.0005 0.0329 0.0062 0.7178 0.0272 0.0037 0.0077 
0.0553 0.0315 0.0110 0.0182 0.0048 0.0371 0.0013 0.0297 0.0013 0.0006 0.0308 0.0117 0.7236 0.0268 0.0093 0.0070 
0.1363 0.0722 0.0343 0.0256 0.0093 0.0829 0.0110 0.0711 0.0065 0.0005 0.0829 0.0086 0.2236 0.1471 0.0131 0.0749 
0.1332 0.0752 0.0989 0.0208 0.0037 0.0850 0.0026 0.0628 0.0014 0.0003 0.0602 0.0252 0.2196 0.0650 0.1319 0.0141 
0.1188 0.1136 0.0267 0.0121 0.0046 0.2072 0.0037 0.0581 0.0097 0.0034 0.0589 0.0096 0.2230 0.0553 0.0089 0.0863 
0.1283 0.0420 0.0067 0.0189 0.0045 0.0658 0.0050 0.0463 0.0019 0.0016 0.2780 0.0062 0.3336 0.0451 0.0042 0.0120 
0.0693 0.0348 0.0300 0.0091 0.0027 0.0439 0.0021 0.0358 0.0008 0.0013 0.1199 0.4750 0.1326 0.0371 0.0018 0.0038 
0.0414 0.0401 0.0024 0.0204 0.0013 0.0225 0.0021 0.0208 0.0043 0.0002 0.0276 0.1538 0.6354 0.0212 0.0026 0.0040 
0.0533 0.0265 0.0093 0.0134 0.0013 0.0401 0.0053 0.0270 0.0006 0.0001 0.0275 0.0088 0.7544 0.0254 0.0032 0.0042 
0.0511 0.0276 0.0318 0.0032 0.0011 0.0331 0.0013 0.0273 0.0003 0.0001 0.0304 0.0038 0.7569 0.0257 0.0013 0.0053 
0.0554 0.0288 0.0016 0.0244 0.0016 0.0264 0.0006 0.0273 0.0013 0.0001 0.0291 0.0099 0.7647 0.0262 0.0014 0.0013 
0.0527 0.0265 0.0133 0.0179 0.0010 0.0264 0.0011 0.0275 0.0027 0.0001 0.0278 0.0077 0.7535 0.0283 0.0035 0.0104 
0.0535 0.0265 0.0073 0.0149 0.0019 0.0347 0.0030 0.0260 0.0008 0.0001 0.0297 0.0072 0.7517 0.0299 0.0038 0.0093 
0.0545 0.0361 0.0113 0.0056 0.0045 0.0319 0.0011 0.0276 0.0008 0.0001 0.0295 0.0043 0.7518 0.0281 0.0050 0.0080 
0.0802 0.0447 0.0057 0.0182 0.0077 0.0444 0.0163 0.0431 0.0037 0.0002 0.0450 0.0050 0.0511 0.6194 0.0085 0.0069 
0.0460 0.0278 0.0259 0.0094 0.0021 0.0230 0.0024 0.0252 0.0010 0.0001 0.0220 0.0061 0.0741 0.0254 0.7033 0.0064 
0.0589 0.0316 0.0139 0.0414 0.0005 0.0276 0.0021 0.0292 0.0133 0.0038 0.0319 0.0026 0.0462 0.0272 0.0069 0.6629 
0.4685 0.0591 0.0616 0.0701 0.0030 0.0596 0.0104 0.0586 0.0021 0.0002 0.0652 0.0069 0.0553 0.0592 0.0109 0.0094 
0.0601 0.0393 0.5601 0.0869 0.0065 0.0449 0.0043 0.0319 0.0013 0.0001 0.0340 0.0070 0.0518 0.0310 0.0136 0.0273 
0.0679 0.0334 0.0303 0.6429 0.0051 0.0347 0.0018 0.0350 0.0014 0.0003 0.0465 0.0078 0.0452 0.0316 0.0093 0.0069 
0.0829 0.0489 0.0085 0.0585 0.0265 0.5294 0.0053 0.0431 0.0053 0.0026 0.0444 0.0312 0.0546 0.0458 0.0037 0.0094 
0.0872 0.0615 0.0080 0.0172 0.0134 0.0650 0.0019 0.0538 0.0037 0.0013 0.5673 0.0096 0.0618 0.0385 0.0038 0.0059 
0.0569 0.0601 0.0278 0.0133 0.0018 0.0430 0.0045 0.0312 0.0171 0.0054 0.0845 0.5741 0.0177 0.0327 0.0035 0.0265 
0.0939 0.0532 0.1618 0.0150 0.0030 0.0519 0.0120 0.0431 0.0051 0.0024 0.0465 0.0989 0.3312 0.0433 0.0171 0.0214 
0.0617 0.0487 0.0283 0.0181 0.0034 0.1029 0.0045 0.0307 0.0030 0.0010 0.0417 0.0171 0.5829 0.0292 0.0045 0.0225 
0.0851 0.0414 0.0163 0.0343 0.0030 0.0444 0.0029 0.0364 0.0016 0.0021 0.1297 0.0185 0.5320 0.0388 0.0032 0.0102 
0.0401 0.0193 0.0602 0.0302 0.0013 0.0232 0.0018 0.0198 0.0018 0.0002 0.0281 0.1993 0.5499 0.0195 0.0027 0.0027 
0.0479 0.0236 0.0086 0.0327 0.0014 0.0390 0.0019 0.0246 0.0018 0.0001 0.0284 0.0281 0.7324 0.0236 0.0032 0.0027 
0.0516 0.0289 0.0037 0.0270 0.0011 0.0313 0.0029 0.0268 0.0003 0.0001 0.0291 0.0065 0.7537 0.0259 0.0059 0.0054 
0.0535 0.0308 0.0064 0.0067 0.0018 0.0380 0.0035 0.0267 0.0001 0.0001 0.0271 0.0069 0.7635 0.0265 0.0032 0.0056 
0.0566 0.0304 0.0078 0.0046 0.0010 0.0308 0.0022 0.0283 0.0008 0.0001 0.0366 0.0021 0.7625 0.0273 0.0027 0.0064 
0.0521 0.0308 0.0150 0.0141 0.0014 0.0278 0.0021 0.0268 0.0032 0.0001 0.0292 0.0153 0.7220 0.0304 0.0075 0.0222 
0.0537 0.0254 0.0217 0.0069 0.0037 0.0344 0.0056 0.0252 0.0003 0.0002 0.0256 0.0153 0.7412 0.0256 0.0097 0.0056 
0.0526 0.0340 0.0072 0.0037 0.0038 0.0332 0.0035 0.0289 0.0008 0.0002 0.0428 0.0037 0.7238 0.0366 0.0050 0.0203 
0.0508 0.0263 0.0022 0.0123 0.0021 0.0263 0.0014 0.0259 0.0027 0.0003 0.0462 0.0270 0.7290 0.0303 0.0118 0.0053 
0.0580 0.0286 0.0163 0.0083 0.0024 0.0280 0.0018 0.0284 0.0048 0.0006 0.0308 0.0359 0.6807 0.0273 0.0088 0.0393 
0.0545 0.0308 0.0257 0.0097 0.0022 0.0310 0.0065 0.0283 0.0006 0.0001 0.0267 0.0086 0.7364 0.0272 0.0064 0.0053 
0.0513 0.0318 0.0415 0.0053 0.0018 0.0302 0.0045 0.0291 0.0008 0.0001 0.0289 0.0051 0.7345 0.0270 0.0038 0.0045 
0.0503 0.0265 0.0053 0.0342 0.0006 0.0252 0.0026 0.0276 0.0024 0.0001 0.0334 0.0113 0.7380 0.0281 0.0053 0.0093 
0.0759 0.0351 0.0355 0.0286 0.0042 0.0377 0.0094 0.0387 0.0045 0.0002 0.0355 0.0187 0.5542 0.0529 0.0171 0.0521 
0.1254 0.0687 0.1008 0.0390 0.0147 0.0810 0.0574 0.0669 0.0088 0.0001 0.0606 0.0117 0.1876 0.0657 0.0641 0.0479 
0.1634 0.0607 0.0876 0.0244 0.0281 0.1050 0.0355 0.0746 0.0510 0.0019 0.0615 0.0021 0.0965 0.0869 0.0099 0.1109 
