0.1095 0.0401 0.1779 0.2638 0.0067 0.1197 0.0181 0.0399 0.0086 0.0027 0.0724 0.0185 0.0630 0.0390 0.0037 0.0165 
0.1201 0.0580 0.1262 0.2436 0.0019 0.0824 0.0021 0.0588 0.0010 0.0010 0.1360 0.0342 0.0690 0.0542 0.0026 0.0089 
0.0909 0.0669 0.0032 0.2821 0.0109 0.0578 0.0078 0.0489 0.0037 0.0003 0.0581 0.1073 0.2092 0.0457 0.0062 0.0010 
0.0652 0.0358 0.0010 0.0353 0.0499 0.1369 0.0711 0.0403 0.0013 0.0002 0.0347 0.0123 0.4586 0.0475 0.0066 0.0035 
0.1174 0.1477 0.0149 0.0188 0.0019 0.0591 0.0018 0.1003 0.0013 0.0002 0.0562 0.0078 0.3743 0.0561 0.0313 0.0110 
0.1118 0.0519 0.0502 0.0086 0.0026 0.0589 0.0005 0.0546 0.0233 0.0808 0.0727 0.0096 0.3597 0.0522 0.0034 0.0593 
0.1318 0.0722 0.0486 0.0021 0.0021 0.0588 0.0029 0.0594 0.0037 0.0001 0.0770 0.0149 0.4335 0.0620 0.0283 0.0032 
0.0853 0.0455 0.0115 0.0163 0.0010 0.0441 0.0045 0.0430 0.0010 0.0001 0.0467 0.0323 0.5945 0.0420 0.0169 0.0157 
0.0807 0.0425 0.0717 0.0144 0.0002 0.0383 0.0046 0.0391 0.0016 0.0001 0.0391 0.0037 0.6056 0.0396 0.0054 0.0136 
0.0680 0.0311 0.0490 0.0125 0.0011 0.0557 0.0046 0.0307 0.0001 0.0001 0.0321 0.0051 0.6753 0.0310 0.0021 0.0018 
0.0649 0.0339 0.0081 0.0069 0.0014 0.0561 0.0019 0.0347 0.0001 0.0001 0.0508 0.0019 0.7045 0.0310 0.0030 0.0011 
0.0607 0.1227 0.0014 0.0379 0.0010 0.0305 0.0035 0.0313 0.0069 0.0001 0.0379 0.0281 0.5947 0.0304 0.0021 0.0112 
0.0743 0.0375 0.0187 0.0358 0.0057 0.0414 0.0026 0.0340 0.0006 0.0001 0.0366 0.0155 0.6552 0.0351 0.0046 0.0026 
0.0652 0.0634 0.0942 0.0105 0.0018 0.0345 0.0014 0.0380 0.0008 0.0001 0.0351 0.0045 0.6066 0.0323 0.0021 0.0097 
0.0876 0.0447 0.0056 0.1221 0.0037 0.1470 0.0118 0.0438 0.0123 0.0010 0.0530 0.0067 0.3785 0.0468 0.0030 0.0324 
0.0871 0.0885 0.1102 0.0465 0.0058 0.0419 0.0045 0.0415 0.0042 0.0001 0.0446 0.0185 0.4016 0.0430 0.0444 0.0181 
0.0704 0.0334 0.0200 0.0725 0.0037 0.1174 0.0201 0.0361 0.0011 0.0032 0.0337 0.0110 0.5115 0.0345 0.0051 0.0262 
0.0732 0.0337 0.0735 0.0133 0.0069 0.0417 0.0010 0.0383 0.0043 0.0030 0.2501 0.0045 0.4070 0.0414 0.0027 0.0056 
0.0776 0.0561 0.0024 0.0494 0.0048 0.0613 0.0029 0.0455 0.0056 0.0008 0.0719 0.4785 0.0773 0.0375 0.0112 0.0172 
0.0688 0.0561 0.0284 0.0268 0.0089 0.0375 0.0936 0.0350 0.0105 0.0002 0.0613 0.0559 0.3978 0.0628 0.0042 0.0521 
0.0626 0.0299 0.0746 0.0203 0.0029 0.0412 0.0097 0.0307 0.0006 0.0006 0.0260 0.0382 0.5615 0.0312 0.0665 0.0034 
0.0503 0.0398 0.0382 0.0353 0.0018 0.0257 0.0011 0.0272 0.0149 0.0077 0.0556 0.0034 0.5458 0.0248 0.0026 0.1261 
0.1607 0.0543 0.0184 0.2351 0.0024 0.0505 0.0034 0.0492 0.0037 0.0005 0.0513 0.0356 0.2388 0.0486 0.0117 0.0359 
0.0831 0.0417 0.1120 0.0481 0.0291 0.1476 0.0284 0.0399 0.0003 0.0002 0.0425 0.0051 0.3653 0.0434 0.0051 0.0083 
0.0974 0.3743 0.0345 0.1585 0.0026 0.0526 0.0030 0.0601 0.0001 0.0001 0.0466 0.0080 0.0997 0.0465 0.0034 0.0131 
0.0474 0.0235 0.0166 0.5443 0.0013 0.0295 0.0019 0.0238 0.0094 0.0048 0.0324 0.0018 0.2310 0.0219 0.0086 0.0018 
0.0756 0.0425 0.3032 0.1615 0.0040 0.0486 0.0014 0.0403 0.0010 0.0001 0.0407 0.0152 0.2219 0.0377 0.0029 0.0035 
0.0720 0.0430 0.0110 0.4333 0.0201 0.0791 0.0026 0.0369 0.0008 0.0001 0.0401 0.0075 0.1909 0.0454 0.0069 0.0105 
0.1099 0.1119 0.0201 0.3353 0.0059 0.0660 0.0010 0.0602 0.0010 0.0002 0.0625 0.0067 0.1459 0.0518 0.0131 0.0086 
0.1134 0.0657 0.0404 0.1529 0.0161 0.1601 0.0131 0.0588 0.0353 0.0019 0.0634 0.0128 0.0244 0.0927 0.0067 0.1423 
0.1551 0.0823 0.3315 0.0957 0.0225 0.0578 0.0067 0.0577 0.0013 0.0013 0.0641 0.0165 0.0228 0.0522 0.0244 0.0081 
0.0851 0.0460 0.0168 0.0200 0.0081 0.5401 0.0016 0.0650 0.0011 0.0270 0.0439 0.0339 0.0573 0.0409 0.0006 0.0125 
0.0872 0.0457 0.0070 0.0176 0.0029 0.0443 0.0014 0.0489 0.0123 0.0046 0.6226 0.0054 0.0535 0.0393 0.0038 0.0034 
0.0473 0.0970 0.0081 0.0224 0.0030 0.0249 0.0014 0.0209 0.0121 0.0008 0.0337 0.6859 0.0136 0.0232 0.0021 0.0035 
0.1085 0.0540 0.1409 0.0444 0.0013 0.0676 0.0037 0.0511 0.0022 0.0002 0.0510 0.0283 0.3643 0.0513 0.0069 0.0244 
0.0738 0.0407 0.2762 0.0251 0.0008 0.0439 0.0038 0.0375 0.0018 0.0001 0.0395 0.0030 0.4011 0.0388 0.0056 0.0085 
0.0805 0.0864 0.0380 0.1343 0.0022 0.0406 0.0022 0.0391 0.0003 0.0001 0.0382 0.0056 0.4855 0.0390 0.0043 0.0038 
0.0466 0.0219 0.0222 0.2601 0.0008 0.0316 0.0045 0.0238 0.0008 0.0001 0.0252 0.0011 0.5337 0.0214 0.0043 0.0021 
0.0804 0.0423 0.0516 0.1105 0.0011 0.0808 0.0038 0.0417 0.0016 0.0001 0.0511 0.0043 0.4740 0.0404 0.0053 0.0110 
0.0773 0.0716 0.0193 0.2713 0.0022 0.0647 0.0037 0.0376 0.0010 0.0001 0.0414 0.0081 0.3276 0.0364 0.0066 0.0312 
0.0855 0.1543 0.1182 0.1396 0.0014 0.0519 0.0019 0.0411 0.0014 0.0002 0.0409 0.0081 0.2139 0.0417 0.0099 0.0899 
0.0345 0.0176 0.0109 0.0027 0.0048 0.4583 0.0045 0.0164 0.0006 0.0021 0.0382 0.0104 0.3732 0.0188 0.0024 0.0046 
0.0751 0.0506 0.0070 0.0064 0.0035 0.0410 0.0006 0.0407 0.0002 0.0006 0.6233 0.0315 0.0715 0.0374 0.0034 0.0072 
0.0476 0.0655 0.0019 0.0085 0.0019 0.0251 0.0053 0.0229 0.0034 0.0005 0.0356 0.7363 0.0171 0.0246 0.0016 0.0022 
0.0505 0.0249 0.0233 0.0024 0.0024 0.0398 0.0037 0.0297 0.0003 0.0003 0.0265 0.0337 0.7236 0.0260 0.0042 0.0086 
0.0524 0.0299 0.0121 0.0026 0.0011 0.0316 0.0019 0.0319 0.0018 0.0002 0.0422 0.0056 0.7455 0.0268 0.0035 0.0109 
0.0535 0.0331 0.0029 0.0029 0.0011 0.0363 0.0032 0.0265 0.0010 0.0003 0.0329 0.0428 0.7262 0.0295 0.0024 0.0054 
0.0580 0.0281 0.0118 0.0032 0.0008 0.0300 0.0026 0.0280 0.0013 0.0001 0.0340 0.0153 0.7505 0.0280 0.0050 0.0037 
0.0551 0.0300 0.0072 0.0056 0.0006 0.0300 0.0035 0.0276 0.0019 0.0001 0.0305 0.0123 0.7418 0.0276 0.0034 0.0228 
0.0581 0.0271 0.0089 0.0046 0.0011 0.0366 0.0021 0.0289 0.0001 0.0002 0.0356 0.0056 0.7581 0.0271 0.0034 0.0027 
0.0559 0.0462 0.0042 0.0016 0.0011 0.0283 0.0022 0.0284 0.0014 0.0001 0.0318 0.0161 0.7515 0.0273 0.0008 0.0034 
0.0533 0.0252 0.0006 0.0510 0.0002 0.0270 0.0010 0.0251 0.0026 0.0001 0.0283 0.0093 0.7462 0.0268 0.0005 0.0030 
0.0538 0.0281 0.0113 0.0018 0.0011 0.0299 0.0010 0.0276 0.0006 0.0011 0.0272 0.0072 0.7666 0.0319 0.0094 0.0013 
0.0559 0.0310 0.0032 0.0054 0.0010 0.0286 0.0008 0.0283 0.0005 0.0001 0.0305 0.0026 0.7685 0.0281 0.0097 0.0061 
0.0564 0.0291 0.0053 0.0072 0.0003 0.0278 0.0027 0.0295 0.0013 0.0001 0.0305 0.0040 0.7698 0.0291 0.0038 0.0035 
0.0588 0.0299 0.0032 0.0030 0.0002 0.0412 0.0014 0.0302 0.0002 0.0001 0.0297 0.0037 0.7536 0.0353 0.0034 0.0065 
0.0553 0.0351 0.0118 0.0067 0.0003 0.0268 0.0077 0.0272 0.0010 0.0001 0.0339 0.0030 0.7489 0.0272 0.0064 0.0089 
0.0530 0.0265 0.0166 0.0142 0.0022 0.0235 0.0158 0.0246 0.0002 0.0001 0.0318 0.0054 0.7305 0.0281 0.0021 0.0256 
0.0425 0.0214 0.0561 0.0205 0.0077 0.0208 0.0284 0.0211 0.0006 0.0002 0.0208 0.0163 0.2313 0.4691 0.0200 0.0233 
0.0559 0.0332 0.0324 0.0153 0.0056 0.0313 0.0243 0.0478 0.0046 0.0001 0.0275 0.0056 0.0569 0.0299 0.5359 0.0938 
0.0954 0.0329 0.0252 0.0038 0.0190 0.0840 0.0276 0.0463 0.0321 0.0273 0.0345 0.0043 0.0412 0.0401 0.0032 0.4828 
