0.0513 0.0625 0.1067 0.2979 0.0016 0.0618 0.0153 0.0438 0.0593 0.0305 0.0735 0.0059 0.0379 0.0508 0.0123 0.0888 
0.0784 0.0187 0.5302 0.2428 0.0042 0.0161 0.0107 0.0096 0.0080 0.0003 0.0321 0.0155 0.0109 0.0085 0.0065 0.0075 
0.0629 0.0399 0.1498 0.4392 0.0126 0.1273 0.0062 0.0369 0.0008 0.0001 0.0430 0.0121 0.0147 0.0315 0.0057 0.0172 
0.0580 0.0305 0.0153 0.2737 0.0150 0.1951 0.0016 0.0356 0.0128 0.0062 0.2807 0.0233 0.0065 0.0291 0.0104 0.0061 
0.0489 0.3050 0.0156 0.2809 0.0061 0.0292 0.0006 0.0201 0.0021 0.0026 0.0238 0.2319 0.0045 0.0145 0.0003 0.0139 
0.0843 0.0541 0.0045 0.0233 0.0088 0.5430 0.0038 0.0383 0.0102 0.0038 0.0471 0.0631 0.0720 0.0359 0.0050 0.0026 
0.0676 0.0406 0.0171 0.0074 0.0030 0.0698 0.0016 0.0403 0.0013 0.0003 0.5337 0.0236 0.1532 0.0336 0.0029 0.0040 
0.0308 0.0452 0.0030 0.0133 0.0005 0.0147 0.0024 0.0158 0.0059 0.0003 0.0211 0.6485 0.1789 0.0152 0.0024 0.0021 
0.0533 0.0275 0.0209 0.0091 0.0011 0.0281 0.0026 0.0265 0.0029 0.0003 0.0259 0.0180 0.7456 0.0265 0.0043 0.0073 
0.0495 0.0264 0.0602 0.0038 0.0006 0.0265 0.0027 0.0243 0.0002 0.0001 0.0257 0.0021 0.7447 0.0259 0.0010 0.0065 
0.0567 0.0288 0.0045 0.0141 0.0005 0.0329 0.0014 0.0286 0.0003 0.0032 0.0310 0.0081 0.7559 0.0286 0.0040 0.0014 
0.0556 0.0279 0.0085 0.0169 0.0005 0.0267 0.0006 0.0281 0.0003 0.0001 0.0343 0.0064 0.7601 0.0284 0.0027 0.0030 
0.0545 0.0270 0.0006 0.0243 0.0016 0.0329 0.0006 0.0275 0.0014 0.0001 0.0307 0.0161 0.7401 0.0315 0.0069 0.0045 
0.0602 0.0342 0.0070 0.0118 0.0018 0.0326 0.0018 0.0297 0.0002 0.0001 0.0334 0.0035 0.7287 0.0323 0.0069 0.0161 
0.0605 0.0374 0.0363 0.0064 0.0008 0.0363 0.0069 0.0281 0.0008 0.0001 0.0307 0.0136 0.6826 0.0302 0.0051 0.0246 
0.0556 0.0316 0.0276 0.0046 0.0010 0.0939 0.0102 0.0265 0.0051 0.0011 0.0351 0.0035 0.6386 0.0396 0.0040 0.0219 
0.0668 0.0650 0.0714 0.0197 0.0024 0.0315 0.0056 0.0336 0.0032 0.0001 0.0415 0.0264 0.4134 0.0572 0.0165 0.1461 
0.0195 0.0113 0.1677 0.0163 0.0056 0.0235 0.1403 0.0080 0.0038 0.0002 0.0073 0.0147 0.5225 0.0121 0.0216 0.0256 
0.1017 0.0339 0.0896 0.0244 0.0022 0.0380 0.0008 0.0530 0.0037 0.0073 0.1110 0.0032 0.3916 0.0391 0.0070 0.0933 
0.1291 0.2305 0.0762 0.0465 0.0042 0.0796 0.0110 0.0613 0.0754 0.0089 0.0650 0.0899 0.0190 0.0612 0.0169 0.0252 
0.0727 0.1691 0.3934 0.1390 0.0042 0.0339 0.0065 0.0287 0.0042 0.0002 0.0367 0.0093 0.0369 0.0284 0.0069 0.0300 
0.0973 0.0345 0.2817 0.0831 0.0080 0.3480 0.0059 0.0345 0.0014 0.0022 0.0331 0.0097 0.0053 0.0313 0.0050 0.0190 
0.0767 0.0522 0.1696 0.0435 0.0177 0.1088 0.0003 0.0516 0.0034 0.0005 0.4026 0.0086 0.0120 0.0369 0.0112 0.0045 
0.0001 0.2182 0.0070 0.3364 0.0013 0.0001 0.0037 0.0016 0.0104 0.0001 0.0038 0.4117 0.0013 0.0005 0.0018 0.0035 
0.0701 0.0404 0.0658 0.5057 0.0038 0.0465 0.0091 0.0345 0.0118 0.0011 0.0396 0.0061 0.0617 0.0366 0.0251 0.0422 
0.0482 0.0315 0.5665 0.1776 0.0070 0.0406 0.0056 0.0225 0.0001 0.0003 0.0238 0.0043 0.0332 0.0212 0.0037 0.0139 
0.1115 0.0832 0.0147 0.3358 0.0064 0.2102 0.0043 0.0693 0.0002 0.0018 0.0597 0.0053 0.0256 0.0550 0.0045 0.0126 
0.0993 0.0521 0.0125 0.0685 0.0125 0.1822 0.0016 0.0599 0.0195 0.0019 0.3809 0.0137 0.0327 0.0494 0.0096 0.0037 
0.0960 0.1123 0.0144 0.0407 0.0083 0.0414 0.0005 0.0441 0.0021 0.0006 0.1398 0.4275 0.0192 0.0409 0.0001 0.0121 
0.0618 0.0292 0.0121 0.0104 0.0014 0.1688 0.0016 0.0331 0.0024 0.0013 0.0299 0.2268 0.3861 0.0280 0.0058 0.0013 
0.0484 0.0312 0.0262 0.0029 0.0051 0.0286 0.0011 0.0256 0.0034 0.0001 0.1687 0.0048 0.6134 0.0243 0.0096 0.0069 
0.0372 0.0312 0.0005 0.0328 0.0032 0.0160 0.0042 0.0177 0.0010 0.0001 0.0177 0.2036 0.5977 0.0189 0.0086 0.0099 
0.0545 0.0241 0.0203 0.0407 0.0002 0.0232 0.0024 0.0268 0.0042 0.0005 0.0241 0.0016 0.7285 0.0270 0.0043 0.0176 
0.0537 0.0262 0.0749 0.0078 0.0005 0.0299 0.0070 0.0252 0.0045 0.0001 0.0257 0.0035 0.6976 0.0294 0.0065 0.0075 
0.0664 0.0355 0.0303 0.0295 0.0008 0.0387 0.0032 0.0329 0.0003 0.0001 0.0367 0.0026 0.6715 0.0331 0.0093 0.0094 
0.0725 0.0500 0.0109 0.1134 0.0006 0.0311 0.0024 0.0332 0.0006 0.0001 0.0339 0.0040 0.5971 0.0331 0.0105 0.0069 
0.0706 0.0356 0.0177 0.2080 0.0030 0.0401 0.0083 0.0355 0.0045 0.0002 0.0396 0.0048 0.3178 0.0355 0.0123 0.1666 
0.0869 0.0465 0.0519 0.0096 0.1256 0.1374 0.1043 0.0465 0.0001 0.0005 0.0601 0.0091 0.2607 0.0513 0.0042 0.0056 
0.0780 0.1043 0.0144 0.0939 0.0064 0.0391 0.0014 0.3327 0.0011 0.0008 0.0944 0.0291 0.1465 0.0398 0.0069 0.0112 
0.0869 0.0665 0.0248 0.0383 0.0042 0.0792 0.0104 0.0420 0.2898 0.0078 0.0465 0.1038 0.0681 0.0380 0.0065 0.0872 
0.1387 0.0605 0.0605 0.0134 0.0312 0.1241 0.0879 0.0649 0.0123 0.0018 0.0936 0.0356 0.1658 0.0845 0.0018 0.0235 
0.1433 0.1453 0.0604 0.0455 0.0045 0.0876 0.0069 0.1274 0.0072 0.0018 0.0975 0.0462 0.1029 0.0687 0.0363 0.0187 
0.0815 0.1326 0.0947 0.1108 0.0029 0.0410 0.0027 0.0375 0.0807 0.0268 0.0446 0.0262 0.0380 0.0374 0.0121 0.2305 
0.1356 0.0597 0.1129 0.0431 0.0161 0.2343 0.0295 0.0505 0.0045 0.0018 0.0527 0.0292 0.1564 0.0541 0.0137 0.0057 
0.0938 0.0949 0.0858 0.0853 0.0117 0.0597 0.0121 0.0720 0.0021 0.0021 0.3145 0.0129 0.0765 0.0586 0.0030 0.0150 
0.1093 0.0919 0.0189 0.1574 0.0078 0.0716 0.0177 0.0591 0.0492 0.0043 0.0698 0.1972 0.0548 0.0599 0.0149 0.0163 
0.1243 0.0641 0.0986 0.0399 0.0361 0.0703 0.1452 0.0637 0.0110 0.0096 0.0692 0.0312 0.0973 0.0700 0.0110 0.0586 
0.0952 0.0516 0.2185 0.1014 0.0048 0.0827 0.0014 0.0917 0.0030 0.0404 0.0637 0.0198 0.0781 0.0473 0.0762 0.0243 
0.1011 0.0912 0.0209 0.0331 0.0137 0.1495 0.0153 0.0477 0.0877 0.1640 0.0953 0.0278 0.0538 0.0540 0.0018 0.0431 
0.0834 0.0364 0.0115 0.0821 0.0038 0.0524 0.0035 0.0380 0.0013 0.0010 0.3684 0.1184 0.1564 0.0369 0.0050 0.0016 
0.0244 0.0265 0.0153 0.0045 0.0038 0.0374 0.0008 0.0125 0.0016 0.0058 0.0270 0.5201 0.3044 0.0115 0.0021 0.0024 
0.0505 0.0262 0.0001 0.0268 0.0005 0.0428 0.0005 0.0297 0.0003 0.0002 0.0358 0.0358 0.7224 0.0243 0.0011 0.0032 
0.0548 0.0326 0.0040 0.0051 0.0018 0.0297 0.0101 0.0260 0.0026 0.0001 0.0353 0.0230 0.7457 0.0267 0.0011 0.0016 
0.0580 0.0284 0.0038 0.0088 0.0006 0.0267 0.0014 0.0286 0.0001 0.0001 0.0297 0.0227 0.7577 0.0281 0.0019 0.0035 
0.0518 0.0259 0.0358 0.0089 0.0003 0.0238 0.0006 0.0264 0.0019 0.0001 0.0273 0.0056 0.7561 0.0297 0.0043 0.0016 
0.0578 0.0283 0.0053 0.0205 0.0008 0.0318 0.0008 0.0288 0.0001 0.0001 0.0272 0.0040 0.7599 0.0299 0.0035 0.0018 
0.0572 0.0371 0.0014 0.0144 0.0006 0.0307 0.0008 0.0283 0.0003 0.0001 0.0299 0.0003 0.7583 0.0323 0.0054 0.0032 
0.0556 0.0294 0.0030 0.0380 0.0008 0.0275 0.0014 0.0272 0.0002 0.0001 0.0289 0.0043 0.7372 0.0318 0.0075 0.0073 
0.0641 0.0347 0.0054 0.0280 0.0006 0.0326 0.0094 0.0320 0.0019 0.0001 0.0337 0.0022 0.6969 0.0323 0.0109 0.0155 
0.0588 0.0302 0.0091 0.0179 0.0003 0.0481 0.0104 0.0280 0.0027 0.0005 0.0342 0.0021 0.7067 0.0275 0.0080 0.0157 
0.0503 0.0313 0.0390 0.0192 0.0018 0.0262 0.0056 0.0248 0.0001 0.0001 0.0366 0.0077 0.7139 0.0249 0.0027 0.0161 
0.0454 0.0281 0.0768 0.1000 0.0037 0.0209 0.0061 0.0232 0.0042 0.0001 0.0217 0.0308 0.5713 0.0252 0.0126 0.0300 
0.1062 0.0489 0.0294 0.1462 0.0085 0.1016 0.0188 0.0615 0.0062 0.0001 0.0497 0.0152 0.2257 0.0514 0.0115 0.1192 
0.1573 0.0749 0.0872 0.0094 0.0367 0.1268 0.0310 0.0784 0.0516 0.0010 0.0663 0.0067 0.0910 0.0974 0.0110 0.0732 
