0.1626 0.0757 0.0379 0.0326 0.0018 0.1769 0.0062 0.0644 0.0101 0.0059 0.1638 0.1011 0.0872 0.0614 0.0026 0.0099 
0.1267 0.0642 0.0350 0.0243 0.0008 0.0625 0.0064 0.0546 0.0073 0.0010 0.2526 0.0901 0.2032 0.0540 0.0069 0.0105 
0.0581 0.0502 0.0423 0.0196 0.0016 0.0310 0.0062 0.0275 0.0027 0.0001 0.0387 0.2267 0.4543 0.0284 0.0050 0.0078 
0.0514 0.0273 0.0083 0.0372 0.0014 0.0319 0.0019 0.0257 0.0005 0.0002 0.0288 0.0034 0.7513 0.0254 0.0026 0.0027 
0.0484 0.0335 0.0048 0.0149 0.0019 0.0444 0.0027 0.0256 0.0008 0.0001 0.0240 0.0091 0.7376 0.0318 0.0046 0.0160 
0.0505 0.0303 0.0083 0.0067 0.0201 0.0423 0.0204 0.0254 0.0002 0.0003 0.0342 0.0053 0.7047 0.0340 0.0077 0.0096 
0.0476 0.0741 0.0169 0.0061 0.0010 0.0224 0.0014 0.0379 0.0003 0.0001 0.0224 0.0150 0.6905 0.0211 0.0265 0.0168 
0.0572 0.0295 0.0137 0.0034 0.0008 0.0367 0.0193 0.0275 0.0164 0.0014 0.0323 0.0083 0.6404 0.0278 0.0064 0.0789 
0.0594 0.0244 0.0363 0.0021 0.0008 0.0478 0.0030 0.0238 0.0005 0.0001 0.1267 0.0073 0.6317 0.0249 0.0040 0.0075 
0.0532 0.0668 0.0248 0.0043 0.0006 0.0289 0.0021 0.0284 0.0001 0.0001 0.0323 0.2154 0.5103 0.0268 0.0011 0.0048 
0.0545 0.0278 0.0056 0.0144 0.0013 0.0482 0.0013 0.0275 0.0018 0.0002 0.0316 0.0109 0.7320 0.0284 0.0054 0.0093 
0.0481 0.0490 0.0225 0.0126 0.0008 0.0232 0.0046 0.0240 0.0005 0.0001 0.0460 0.0085 0.7194 0.0248 0.0027 0.0136 
0.0492 0.0252 0.0181 0.0428 0.0019 0.0256 0.0018 0.0248 0.0002 0.0001 0.0260 0.0390 0.7097 0.0248 0.0026 0.0085 
0.0470 0.0244 0.0147 0.0391 0.0008 0.0337 0.0010 0.0278 0.0003 0.0001 0.0307 0.0030 0.7437 0.0251 0.0042 0.0045 
0.0470 0.0256 0.0024 0.0543 0.0008 0.0326 0.0038 0.0233 0.0030 0.0001 0.0233 0.0166 0.7289 0.0232 0.0024 0.0129 
0.0492 0.0270 0.0061 0.0564 0.0018 0.0300 0.0107 0.0228 0.0013 0.0001 0.0249 0.0048 0.7289 0.0251 0.0062 0.0048 
0.0549 0.0299 0.0112 0.0434 0.0011 0.0319 0.0013 0.0281 0.0005 0.0003 0.0337 0.0042 0.7098 0.0294 0.0089 0.0113 
0.1033 0.0565 0.0843 0.0685 0.0006 0.0538 0.0019 0.0516 0.0030 0.0003 0.0546 0.0081 0.3312 0.0599 0.0101 0.1121 
0.0994 0.0505 0.3212 0.0559 0.0024 0.0644 0.0045 0.0470 0.0006 0.0001 0.0494 0.0056 0.2339 0.0478 0.0123 0.0053 
0.1134 0.0618 0.0144 0.0204 0.0014 0.3962 0.0024 0.0586 0.0003 0.0002 0.0665 0.0048 0.1835 0.0559 0.0062 0.0139 
0.0936 0.0474 0.0042 0.0425 0.0016 0.0527 0.0022 0.0481 0.0006 0.0001 0.5156 0.0179 0.1169 0.0471 0.0037 0.0059 
0.0610 0.0353 0.0069 0.0181 0.0021 0.0332 0.0008 0.0315 0.0006 0.0001 0.0353 0.5753 0.1668 0.0294 0.0013 0.0024 
0.0533 0.0270 0.0011 0.0316 0.0013 0.0355 0.0018 0.0278 0.0019 0.0001 0.0276 0.0059 0.7515 0.0265 0.0016 0.0057 
0.0526 0.0268 0.0078 0.0070 0.0019 0.0385 0.0021 0.0270 0.0006 0.0003 0.0356 0.0061 0.7610 0.0270 0.0027 0.0029 
0.0548 0.0300 0.0072 0.0053 0.0021 0.0259 0.0018 0.0273 0.0002 0.0001 0.0371 0.0212 0.7519 0.0296 0.0011 0.0046 
0.0532 0.0262 0.0013 0.0097 0.0016 0.0324 0.0006 0.0272 0.0013 0.0003 0.0270 0.0256 0.7603 0.0283 0.0029 0.0021 
0.0514 0.0280 0.0042 0.0027 0.0022 0.0318 0.0008 0.0284 0.0026 0.0002 0.0305 0.0058 0.7621 0.0281 0.0104 0.0109 
0.0540 0.0334 0.0038 0.0026 0.0018 0.0286 0.0160 0.0262 0.0011 0.0001 0.0249 0.0153 0.7488 0.0272 0.0035 0.0129 
0.0584 0.0340 0.0147 0.0043 0.0011 0.0265 0.0030 0.0276 0.0069 0.0002 0.0281 0.0027 0.7550 0.0286 0.0030 0.0057 
0.0747 0.0366 0.0402 0.0139 0.0008 0.0402 0.0030 0.0363 0.0078 0.0002 0.0342 0.0030 0.5550 0.0465 0.0123 0.0952 
0.0676 0.0331 0.1502 0.0112 0.0005 0.0446 0.0069 0.0299 0.0013 0.0001 0.0312 0.0019 0.5622 0.0336 0.0104 0.0158 
0.0736 0.1179 0.0824 0.0321 0.0005 0.0363 0.0040 0.0369 0.0016 0.0001 0.0399 0.0022 0.5121 0.0371 0.0067 0.0168 
0.0688 0.0345 0.0324 0.2211 0.0014 0.0334 0.0065 0.0318 0.0006 0.0001 0.0347 0.0032 0.4824 0.0326 0.0053 0.0113 
0.0568 0.0337 0.2437 0.1052 0.0054 0.0439 0.0018 0.0294 0.0002 0.0001 0.0302 0.0035 0.3981 0.0283 0.0072 0.0129 
0.0899 0.0540 0.0300 0.2537 0.0093 0.0863 0.0010 0.0481 0.0002 0.0001 0.0521 0.0032 0.3152 0.0436 0.0038 0.0097 
0.1252 0.0970 0.0208 0.1938 0.0070 0.1375 0.0014 0.0658 0.0040 0.0003 0.0858 0.0144 0.1728 0.0628 0.0019 0.0094 
0.1224 0.0650 0.0243 0.1310 0.0048 0.1021 0.0019 0.0602 0.0078 0.0003 0.1130 0.0419 0.2599 0.0585 0.0019 0.0050 
0.1034 0.0794 0.0316 0.0628 0.0073 0.0738 0.0019 0.0551 0.0030 0.0003 0.0735 0.0692 0.3697 0.0503 0.0040 0.0145 
0.0756 0.0465 0.0206 0.0866 0.0121 0.0577 0.0011 0.0401 0.0018 0.0003 0.0419 0.0281 0.5348 0.0366 0.0016 0.0147 
0.0570 0.0331 0.0201 0.0382 0.0045 0.0447 0.0016 0.0363 0.0022 0.0005 0.0374 0.0168 0.6673 0.0331 0.0016 0.0057 
0.0569 0.0308 0.0323 0.0332 0.0024 0.0356 0.0056 0.0324 0.0053 0.0005 0.0450 0.0249 0.6535 0.0313 0.0048 0.0054 
0.0561 0.0280 0.0171 0.0336 0.0027 0.0345 0.0043 0.0305 0.0032 0.0001 0.0403 0.0297 0.6784 0.0292 0.0043 0.0081 
0.0748 0.0359 0.0559 0.0407 0.0088 0.0374 0.0248 0.0407 0.0147 0.0005 0.0358 0.0248 0.5150 0.0399 0.0059 0.0444 
0.1380 0.0644 0.0435 0.0558 0.0182 0.1011 0.0347 0.0845 0.0174 0.0006 0.0673 0.0169 0.2286 0.0765 0.0182 0.0343 
0.1662 0.0540 0.0915 0.0083 0.0260 0.1031 0.0318 0.0775 0.1015 0.0038 0.0601 0.0027 0.0802 0.1086 0.0069 0.0778 
