0.1592 0.0893 0.0369 0.0168 0.0072 0.2014 0.0136 0.0637 0.0747 0.0136 0.1268 0.0209 0.0478 0.0658 0.0080 0.0543 
0.1486 0.0786 0.2127 0.0220 0.0018 0.0612 0.0050 0.0492 0.0083 0.0027 0.2460 0.0612 0.0387 0.0417 0.0034 0.0190 
0.1171 0.1160 0.1182 0.0580 0.0030 0.0941 0.0091 0.0545 0.0133 0.0014 0.0625 0.2229 0.0481 0.0559 0.0086 0.0173 
0.0746 0.0382 0.0328 0.3267 0.0032 0.0538 0.0026 0.0375 0.0029 0.0003 0.0820 0.0209 0.2778 0.0371 0.0035 0.0061 
0.0781 0.0471 0.0746 0.1772 0.0042 0.0455 0.0022 0.0411 0.0005 0.0008 0.0417 0.1319 0.3126 0.0369 0.0029 0.0027 
0.0470 0.0260 0.0026 0.2179 0.0038 0.0965 0.0016 0.0251 0.0018 0.0001 0.0254 0.0072 0.5168 0.0220 0.0022 0.0042 
0.0498 0.0578 0.0048 0.0506 0.0048 0.0763 0.0016 0.0244 0.0019 0.0001 0.0334 0.0077 0.6562 0.0243 0.0019 0.0045 
0.0502 0.0554 0.0040 0.0462 0.0011 0.0259 0.0013 0.0260 0.0008 0.0002 0.0270 0.0227 0.7111 0.0243 0.0027 0.0013 
0.0481 0.0268 0.0387 0.0542 0.0006 0.0233 0.0059 0.0233 0.0069 0.0001 0.0236 0.0081 0.7045 0.0240 0.0034 0.0086 
0.0466 0.0240 0.0506 0.0473 0.0005 0.0318 0.0037 0.0222 0.0005 0.0001 0.0236 0.0021 0.7076 0.0238 0.0053 0.0107 
0.0502 0.0326 0.0636 0.0366 0.0008 0.0292 0.0019 0.0249 0.0001 0.0001 0.0254 0.0035 0.6970 0.0244 0.0048 0.0053 
0.0566 0.0360 0.0061 0.0935 0.0011 0.0344 0.0024 0.0278 0.0003 0.0001 0.0291 0.0026 0.6684 0.0267 0.0040 0.0113 
0.0661 0.0355 0.0300 0.1153 0.0010 0.0602 0.0016 0.0319 0.0010 0.0001 0.0457 0.0062 0.5582 0.0327 0.0011 0.0136 
0.0695 0.0425 0.0248 0.2340 0.0011 0.0337 0.0006 0.0332 0.0002 0.0002 0.0388 0.0161 0.4682 0.0332 0.0011 0.0027 
0.0302 0.0188 0.0123 0.3396 0.0022 0.0206 0.0008 0.0149 0.0002 0.0001 0.0142 0.0062 0.5195 0.0149 0.0046 0.0011 
0.0468 0.0268 0.0123 0.2873 0.0011 0.0281 0.0037 0.0232 0.0002 0.0001 0.0265 0.0014 0.5111 0.0243 0.0034 0.0040 
0.0438 0.0275 0.0188 0.3951 0.0014 0.0275 0.0021 0.0217 0.0006 0.0001 0.0243 0.0073 0.3906 0.0232 0.0081 0.0081 
0.0661 0.0455 0.0141 0.4261 0.0061 0.0323 0.0013 0.0332 0.0003 0.0001 0.0339 0.0037 0.2912 0.0319 0.0077 0.0069 
0.0676 0.0361 0.0141 0.2769 0.0755 0.0554 0.0126 0.0393 0.0013 0.0001 0.0361 0.0022 0.0176 0.3446 0.0059 0.0149 
0.0938 0.1019 0.0208 0.2550 0.0088 0.0711 0.0018 0.0711 0.0064 0.0003 0.0457 0.0046 0.0272 0.0449 0.2419 0.0050 
0.0902 0.0599 0.0038 0.0439 0.0134 0.3166 0.0013 0.0492 0.0299 0.0533 0.0519 0.0097 0.0436 0.0418 0.0024 0.1889 
0.1267 0.0637 0.0077 0.0109 0.0093 0.1262 0.0065 0.0570 0.0022 0.0016 0.4702 0.0172 0.0449 0.0486 0.0032 0.0042 
0.0458 0.1030 0.0307 0.0158 0.0040 0.0403 0.0013 0.0337 0.0035 0.0027 0.0540 0.5872 0.0492 0.0228 0.0008 0.0051 
0.0602 0.0387 0.0243 0.0208 0.0027 0.0704 0.0042 0.0327 0.0113 0.0003 0.0412 0.0775 0.5732 0.0297 0.0051 0.0077 
0.0516 0.0383 0.0732 0.0053 0.0018 0.0369 0.0099 0.0291 0.0021 0.0001 0.0465 0.0205 0.6322 0.0273 0.0129 0.0126 
0.0468 0.0420 0.0717 0.0152 0.0038 0.0476 0.0115 0.0217 0.0013 0.0002 0.0256 0.0233 0.6224 0.0212 0.0153 0.0303 
0.0538 0.0661 0.0831 0.0091 0.0024 0.0367 0.0029 0.0252 0.0008 0.0002 0.0291 0.0129 0.6011 0.0369 0.0077 0.0319 
0.0679 0.0483 0.0604 0.0089 0.0040 0.0660 0.0054 0.0324 0.0064 0.0006 0.0564 0.0257 0.5349 0.0356 0.0129 0.0340 
0.0636 0.0329 0.0257 0.0147 0.0058 0.0380 0.0115 0.0289 0.0005 0.0011 0.0958 0.0165 0.6018 0.0395 0.0048 0.0190 
0.0979 0.0561 0.0339 0.0209 0.0021 0.0564 0.0035 0.0518 0.0013 0.0011 0.0572 0.1027 0.4454 0.0526 0.0099 0.0073 
0.0730 0.0545 0.0214 0.0398 0.0018 0.0465 0.0051 0.0359 0.0115 0.0016 0.0439 0.0179 0.5747 0.0358 0.0061 0.0307 
0.0749 0.0387 0.0617 0.0452 0.0010 0.0435 0.0053 0.0364 0.0016 0.0001 0.0482 0.0099 0.5780 0.0364 0.0043 0.0150 
0.0561 0.0300 0.1438 0.0248 0.0022 0.0422 0.0016 0.0275 0.0001 0.0001 0.0331 0.0137 0.5942 0.0272 0.0008 0.0030 
0.0497 0.0319 0.0088 0.1316 0.0038 0.0252 0.0018 0.0278 0.0005 0.0001 0.0273 0.0067 0.6572 0.0236 0.0034 0.0008 
0.0474 0.0265 0.0042 0.1530 0.0043 0.0500 0.0078 0.0275 0.0027 0.0001 0.0273 0.0048 0.6029 0.0254 0.0034 0.0129 
0.0822 0.0529 0.0311 0.0639 0.0051 0.0508 0.0019 0.0417 0.0008 0.0002 0.0442 0.0089 0.5573 0.0404 0.0051 0.0134 
0.0583 0.0906 0.0080 0.0093 0.0024 0.1324 0.0043 0.0321 0.0026 0.0035 0.0356 0.0091 0.5610 0.0278 0.0026 0.0204 
0.0799 0.0438 0.0382 0.0166 0.0115 0.0420 0.0150 0.0414 0.0042 0.0001 0.1604 0.0102 0.0216 0.5013 0.0069 0.0072 
0.0345 0.0315 0.1137 0.0172 0.0013 0.0169 0.0026 0.0204 0.0010 0.0001 0.0168 0.0754 0.0161 0.0166 0.6295 0.0065 
0.0561 0.0289 0.0165 0.1096 0.0010 0.0243 0.0032 0.0246 0.0088 0.0038 0.0323 0.0042 0.0232 0.0219 0.0093 0.6325 
0.4000 0.0553 0.0854 0.2237 0.0019 0.0430 0.0094 0.0450 0.0016 0.0001 0.0446 0.0037 0.0131 0.0463 0.0072 0.0198 
0.0506 0.0278 0.3206 0.0436 0.0455 0.3756 0.0097 0.0259 0.0005 0.0013 0.0284 0.0030 0.0257 0.0265 0.0097 0.0054 
0.0415 0.0366 0.0066 0.0414 0.4251 0.0475 0.0134 0.0308 0.0016 0.0008 0.2877 0.0059 0.0197 0.0364 0.0022 0.0027 
0.0719 0.0558 0.0069 0.0471 0.0022 0.0463 0.0034 0.3933 0.0021 0.0051 0.0449 0.1569 0.0137 0.0332 0.1128 0.0045 
0.0265 0.0249 0.0249 0.0125 0.0027 0.0187 0.0034 0.0150 0.4622 0.0321 0.0217 0.0134 0.0286 0.0141 0.0077 0.2918 
0.4696 0.0639 0.0465 0.0428 0.0139 0.0725 0.0070 0.0581 0.0042 0.0005 0.0733 0.0439 0.0338 0.0570 0.0034 0.0097 
0.0637 0.0326 0.6204 0.0342 0.0024 0.0762 0.0043 0.0297 0.0029 0.0006 0.0468 0.0125 0.0313 0.0268 0.0065 0.0089 
0.0954 0.1019 0.0438 0.4081 0.0072 0.0837 0.0053 0.0484 0.0046 0.0008 0.0581 0.0297 0.0549 0.0513 0.0026 0.0043 
0.1091 0.1081 0.0053 0.1048 0.0160 0.3909 0.0043 0.0580 0.0011 0.0011 0.0553 0.0160 0.0629 0.0524 0.0080 0.0067 
0.1114 0.0593 0.0205 0.0534 0.0120 0.0622 0.0045 0.0663 0.0066 0.0027 0.4259 0.0070 0.0467 0.0775 0.0117 0.0326 
0.0781 0.0567 0.1284 0.0543 0.0026 0.0372 0.0021 0.0369 0.0078 0.0006 0.0372 0.4247 0.0709 0.0369 0.0184 0.0072 
0.0623 0.0272 0.0211 0.0340 0.0027 0.0754 0.0037 0.0270 0.0078 0.0030 0.0286 0.0080 0.6318 0.0273 0.0121 0.0280 
0.0676 0.0356 0.0299 0.0244 0.0022 0.0321 0.0035 0.0303 0.0013 0.0001 0.0882 0.0030 0.6333 0.0318 0.0048 0.0120 
0.0483 0.0320 0.0254 0.0817 0.0019 0.0256 0.0029 0.0248 0.0006 0.0001 0.0268 0.1114 0.5866 0.0241 0.0038 0.0042 
0.0350 0.0173 0.0065 0.1700 0.0019 0.0259 0.0016 0.0166 0.0016 0.0001 0.0196 0.0034 0.6783 0.0165 0.0024 0.0035 
0.0409 0.0272 0.0069 0.0788 0.0043 0.0543 0.0061 0.0232 0.0006 0.0001 0.0217 0.0066 0.6971 0.0222 0.0045 0.0058 
0.0533 0.0409 0.0065 0.0310 0.0145 0.0489 0.0163 0.0262 0.0010 0.0001 0.0276 0.0053 0.6847 0.0295 0.0070 0.0073 
0.0482 0.0417 0.0067 0.0730 0.0011 0.0272 0.0024 0.0347 0.0010 0.0014 0.0358 0.0077 0.6669 0.0246 0.0113 0.0163 
0.1093 0.0649 0.0529 0.0666 0.0018 0.0585 0.0099 0.0527 0.0401 0.0011 0.0542 0.0203 0.1328 0.0518 0.0160 0.2672 
0.0840 0.0475 0.4748 0.0751 0.0067 0.0379 0.0093 0.0385 0.0013 0.0002 0.0427 0.0051 0.1051 0.0396 0.0157 0.0166 
0.0818 0.0458 0.0463 0.0072 0.0152 0.5502 0.0101 0.0462 0.0002 0.0006 0.0411 0.0137 0.0716 0.0430 0.0070 0.0201 
0.0885 0.0538 0.0206 0.0158 0.0016 0.0503 0.0021 0.0510 0.0038 0.0005 0.5696 0.0069 0.0653 0.0414 0.0091 0.0196 
0.0535 0.0617 0.0190 0.0201 0.0032 0.0300 0.0010 0.0248 0.0171 0.0035 0.0359 0.6254 0.0604 0.0259 0.0038 0.0147 
0.0492 0.0206 0.0548 0.0367 0.0081 0.0428 0.0107 0.0220 0.0011 0.0005 0.0236 0.0259 0.6733 0.0214 0.0042 0.0050 
0.0529 0.0331 0.0403 0.0283 0.0027 0.0396 0.0018 0.0307 0.0016 0.0003 0.0422 0.0077 0.6753 0.0300 0.0048 0.0088 
0.0585 0.0401 0.0102 0.1000 0.0011 0.0292 0.0013 0.0275 0.0131 0.0008 0.0267 0.0292 0.6207 0.0292 0.0024 0.0101 
0.0574 0.0270 0.0228 0.0562 0.0019 0.0430 0.0034 0.0262 0.0018 0.0001 0.0273 0.0043 0.6902 0.0291 0.0061 0.0035 
0.0468 0.0257 0.0220 0.0206 0.0016 0.0950 0.0016 0.0249 0.0003 0.0001 0.0316 0.0027 0.6893 0.0232 0.0085 0.0062 
0.0545 0.0409 0.0034 0.0203 0.0024 0.0463 0.0029 0.0278 0.0002 0.0001 0.0363 0.0088 0.7243 0.0264 0.0016 0.0043 
0.0612 0.0401 0.0065 0.0224 0.0018 0.0294 0.0024 0.0308 0.0008 0.0001 0.0339 0.0201 0.7157 0.0294 0.0013 0.0043 
0.0672 0.0347 0.0634 0.0217 0.0037 0.0347 0.0038 0.0356 0.0022 0.0001 0.0380 0.0078 0.6156 0.0527 0.0080 0.0110 
0.0749 0.0371 0.1304 0.0093 0.0037 0.0524 0.0022 0.0401 0.0013 0.0005 0.0430 0.0157 0.4985 0.0399 0.0414 0.0097 
0.1267 0.1000 0.0101 0.0030 0.0824 0.1212 0.0755 0.0645 0.0037 0.0013 0.0693 0.0080 0.0299 0.2407 0.0057 0.0580 
0.1239 0.0760 0.0350 0.0081 0.0022 0.0532 0.0061 0.0789 0.0019 0.0002 0.0904 0.0070 0.0613 0.0698 0.3777 0.0081 
0.0727 0.0364 0.0970 0.0062 0.0013 0.0677 0.0018 0.0366 0.0276 0.1086 0.0390 0.0505 0.0892 0.0336 0.0101 0.3218 
0.2363 0.0893 0.1002 0.0225 0.0077 0.0712 0.0139 0.0661 0.0081 0.0005 0.0911 0.0056 0.1422 0.0676 0.0069 0.0709 
0.1050 0.0518 0.2173 0.1377 0.0066 0.0689 0.0034 0.0481 0.0002 0.0018 0.0626 0.0586 0.1727 0.0457 0.0008 0.0190 
0.0883 0.0427 0.0152 0.0502 0.0163 0.3435 0.0010 0.0498 0.0026 0.0096 0.0815 0.0473 0.2058 0.0414 0.0040 0.0011 
0.1006 0.0834 0.0040 0.1008 0.0042 0.0522 0.0016 0.0586 0.0065 0.0001 0.3062 0.0626 0.1551 0.0505 0.0006 0.0129 
0.0725 0.0363 0.0032 0.0567 0.0045 0.0478 0.0051 0.0299 0.0139 0.0005 0.0291 0.2642 0.4005 0.0296 0.0048 0.0016 
0.0454 0.0353 0.0869 0.0227 0.0016 0.0225 0.0013 0.0240 0.0030 0.0001 0.0236 0.0006 0.6921 0.0233 0.0043 0.0134 
0.0425 0.0203 0.0190 0.3050 0.0005 0.0196 0.0024 0.0192 0.0046 0.0001 0.0185 0.0038 0.5115 0.0228 0.0034 0.0069 
0.0794 0.0409 0.0676 0.2426 0.0011 0.0430 0.0029 0.0367 0.0011 0.0001 0.0385 0.0022 0.3950 0.0391 0.0065 0.0034 
0.0498 0.0313 0.0217 0.4284 0.0011 0.0238 0.0042 0.0249 0.0002 0.0001 0.0260 0.0030 0.3473 0.0257 0.0083 0.0043 
0.0313 0.0160 0.0056 0.5405 0.0024 0.0165 0.0037 0.0158 0.0008 0.0001 0.0165 0.0022 0.3134 0.0153 0.0065 0.0137 
0.0610 0.0310 0.0126 0.3702 0.0139 0.0690 0.0112 0.0329 0.0005 0.0001 0.0345 0.0034 0.3070 0.0399 0.0032 0.0097 
0.0826 0.1277 0.0257 0.2679 0.0129 0.0451 0.0078 0.0510 0.0026 0.0011 0.0395 0.0139 0.2218 0.0543 0.0276 0.0185 
0.1002 0.0760 0.0254 0.1070 0.0415 0.2133 0.0244 0.0588 0.0593 0.0022 0.0490 0.0243 0.0842 0.0494 0.0297 0.0553 
0.2091 0.0786 0.0572 0.0155 0.0316 0.1225 0.0188 0.0899 0.0581 0.0022 0.0866 0.0136 0.0406 0.0946 0.0096 0.0714 
