0.1319 0.0620 0.0335 0.0955 0.0062 0.1423 0.0059 0.0618 0.0738 0.0585 0.1260 0.0281 0.0596 0.0573 0.0038 0.0535 
0.1522 0.0960 0.2201 0.0227 0.0038 0.1273 0.0050 0.0559 0.0153 0.0026 0.0971 0.0653 0.0623 0.0498 0.0085 0.0160 
0.1366 0.0657 0.0847 0.0880 0.0134 0.0978 0.0457 0.0711 0.0065 0.0018 0.1276 0.0800 0.1005 0.0663 0.0048 0.0096 
0.1054 0.1369 0.0208 0.0511 0.0048 0.1866 0.0069 0.0621 0.0018 0.0030 0.0567 0.1002 0.1869 0.0586 0.0061 0.0121 
0.0917 0.0573 0.0160 0.0586 0.0032 0.0722 0.0029 0.0407 0.0069 0.0014 0.1434 0.0171 0.4165 0.0388 0.0145 0.0187 
0.0842 0.0443 0.1198 0.0422 0.0022 0.0471 0.0030 0.0423 0.0021 0.0005 0.0687 0.1540 0.3342 0.0399 0.0037 0.0117 
0.0741 0.0380 0.0773 0.0535 0.0030 0.0554 0.0027 0.0351 0.0008 0.0002 0.0358 0.0623 0.5113 0.0336 0.0093 0.0075 
0.0497 0.0396 0.0070 0.0184 0.0085 0.0890 0.0037 0.0262 0.0001 0.0002 0.0297 0.0062 0.6890 0.0244 0.0038 0.0046 
0.0615 0.0433 0.0027 0.0153 0.0037 0.0339 0.0013 0.0358 0.0003 0.0008 0.0802 0.0126 0.6699 0.0337 0.0008 0.0042 
0.0519 0.0292 0.0142 0.0147 0.0022 0.0262 0.0011 0.0270 0.0102 0.0002 0.0324 0.0637 0.6875 0.0280 0.0094 0.0019 
0.0497 0.0244 0.0371 0.0096 0.0018 0.0248 0.0035 0.0248 0.0022 0.0001 0.0308 0.0149 0.7345 0.0251 0.0088 0.0081 
0.0550 0.0273 0.0187 0.0083 0.0008 0.0284 0.0043 0.0280 0.0003 0.0001 0.0272 0.0134 0.7420 0.0286 0.0085 0.0093 
0.0534 0.0294 0.0043 0.0208 0.0008 0.0324 0.0029 0.0257 0.0011 0.0001 0.0273 0.0045 0.7466 0.0299 0.0056 0.0155 
0.0577 0.0284 0.0085 0.0324 0.0014 0.0262 0.0024 0.0257 0.0019 0.0001 0.0288 0.0038 0.7351 0.0262 0.0104 0.0112 
0.0578 0.0321 0.0228 0.0225 0.0046 0.0484 0.0115 0.0291 0.0021 0.0002 0.0283 0.0050 0.6603 0.0375 0.0048 0.0331 
0.0623 0.0337 0.0799 0.0141 0.0026 0.0479 0.0051 0.0296 0.0016 0.0001 0.0387 0.0051 0.6188 0.0331 0.0141 0.0136 
0.0856 0.1069 0.0240 0.0225 0.0034 0.1049 0.0054 0.0449 0.0022 0.0026 0.0468 0.0339 0.4274 0.0399 0.0050 0.0447 
0.1385 0.1118 0.0617 0.0701 0.0026 0.0746 0.0125 0.0706 0.0125 0.0005 0.1192 0.0096 0.1190 0.0796 0.0248 0.0927 
0.0706 0.0367 0.4236 0.0931 0.0022 0.0425 0.0042 0.0336 0.0022 0.0001 0.0524 0.0850 0.0655 0.0345 0.0366 0.0174 
0.1163 0.0669 0.2371 0.0838 0.0118 0.1126 0.0096 0.0549 0.0029 0.0008 0.0696 0.0227 0.1129 0.0533 0.0131 0.0316 
0.1166 0.0628 0.0155 0.2224 0.1224 0.0725 0.0398 0.0645 0.0018 0.0001 0.0850 0.0128 0.0786 0.0911 0.0051 0.0091 
0.1212 0.0863 0.0486 0.1812 0.0173 0.0788 0.0141 0.1109 0.0027 0.0014 0.0655 0.0332 0.0596 0.0728 0.0906 0.0160 
0.0990 0.0593 0.0256 0.1147 0.0102 0.0923 0.0024 0.0548 0.0479 0.1681 0.0602 0.0233 0.0716 0.0529 0.0070 0.1107 
0.1856 0.1163 0.0541 0.0554 0.0072 0.1444 0.0110 0.0760 0.0334 0.0034 0.0920 0.0303 0.0840 0.0674 0.0029 0.0367 
0.1273 0.0775 0.1433 0.1125 0.0059 0.0775 0.0123 0.0577 0.0077 0.0072 0.1468 0.0359 0.0938 0.0602 0.0027 0.0318 
0.1173 0.0872 0.0756 0.0681 0.0094 0.1859 0.0113 0.0602 0.0043 0.0035 0.0688 0.1759 0.0626 0.0543 0.0088 0.0067 
0.0920 0.1673 0.1432 0.1074 0.0067 0.0521 0.0080 0.0467 0.0078 0.0016 0.1117 0.0209 0.1294 0.0452 0.0115 0.0486 
0.0698 0.0351 0.0187 0.0331 0.0077 0.3939 0.0053 0.0345 0.0077 0.0061 0.0332 0.1016 0.2110 0.0323 0.0054 0.0046 
0.0575 0.0321 0.0449 0.0188 0.0118 0.0342 0.0030 0.0327 0.0019 0.0038 0.4644 0.0056 0.2497 0.0276 0.0040 0.0078 
0.0508 0.0371 0.0053 0.0577 0.0066 0.0307 0.0193 0.0320 0.0048 0.0006 0.0296 0.6610 0.0260 0.0259 0.0081 0.0046 
0.0490 0.0275 0.0113 0.0236 0.0027 0.0361 0.0077 0.0264 0.0091 0.0005 0.0302 0.0131 0.7218 0.0246 0.0069 0.0096 
0.0577 0.0324 0.0165 0.0240 0.0034 0.0268 0.0021 0.0251 0.0077 0.0048 0.0278 0.0104 0.7035 0.0267 0.0043 0.0270 
0.0535 0.0273 0.0142 0.0419 0.0022 0.0284 0.0064 0.0244 0.0026 0.0002 0.0302 0.0067 0.7233 0.0241 0.0083 0.0062 
0.0529 0.0243 0.0433 0.0323 0.0019 0.0383 0.0022 0.0246 0.0024 0.0005 0.0310 0.0187 0.6921 0.0257 0.0010 0.0089 
0.0532 0.0369 0.0105 0.0273 0.0019 0.0396 0.0022 0.0267 0.0013 0.0003 0.0257 0.0142 0.7209 0.0248 0.0088 0.0056 
0.0465 0.0275 0.0085 0.0372 0.0024 0.0399 0.0065 0.0235 0.0008 0.0001 0.0377 0.0075 0.7249 0.0233 0.0040 0.0097 
0.0577 0.0387 0.0243 0.0521 0.0010 0.0244 0.0018 0.0248 0.0022 0.0001 0.0299 0.0184 0.6907 0.0257 0.0021 0.0064 
0.0422 0.0209 0.0281 0.0912 0.0011 0.0262 0.0027 0.0206 0.0014 0.0008 0.0236 0.0104 0.6980 0.0233 0.0061 0.0032 
0.0442 0.0260 0.0302 0.0541 0.0016 0.0410 0.0018 0.0228 0.0005 0.0001 0.0220 0.0057 0.7074 0.0222 0.0129 0.0075 
0.0367 0.0270 0.0080 0.1558 0.0010 0.0244 0.0086 0.0177 0.0011 0.0001 0.0201 0.0019 0.6593 0.0185 0.0051 0.0149 
0.0529 0.0278 0.0161 0.1121 0.0011 0.0331 0.0032 0.0228 0.0003 0.0001 0.0243 0.0050 0.6676 0.0230 0.0042 0.0065 
0.0398 0.0224 0.0489 0.1871 0.0016 0.0230 0.0030 0.0209 0.0011 0.0003 0.0334 0.0042 0.5798 0.0198 0.0088 0.0059 
0.0441 0.0313 0.0281 0.2596 0.0010 0.0264 0.0043 0.0228 0.0013 0.0001 0.0216 0.0182 0.4923 0.0264 0.0045 0.0184 
0.0704 0.0404 0.0476 0.1725 0.0064 0.0610 0.0054 0.0340 0.0008 0.0002 0.0353 0.0042 0.4594 0.0369 0.0102 0.0152 
0.0762 0.0466 0.0407 0.0378 0.0137 0.2122 0.0022 0.0401 0.0003 0.0010 0.0851 0.0042 0.3694 0.0385 0.0072 0.0248 
0.1083 0.1096 0.0208 0.0554 0.0093 0.0778 0.0022 0.0612 0.0057 0.0005 0.1231 0.0847 0.2589 0.0575 0.0056 0.0195 
0.0724 0.0444 0.0212 0.0230 0.0038 0.0663 0.0064 0.0372 0.0058 0.0013 0.0505 0.0990 0.5128 0.0355 0.0091 0.0113 
0.0586 0.0684 0.0532 0.0225 0.0032 0.0324 0.0027 0.0272 0.0019 0.0011 0.0442 0.0182 0.6021 0.0299 0.0048 0.0296 
0.1002 0.0832 0.0324 0.0649 0.0048 0.0818 0.0133 0.0486 0.0070 0.0003 0.0497 0.0594 0.3807 0.0526 0.0102 0.0110 
0.0979 0.0569 0.1158 0.1219 0.0030 0.0527 0.0072 0.0492 0.0042 0.0001 0.0634 0.0093 0.3297 0.0473 0.0216 0.0200 
0.1019 0.0524 0.0909 0.2326 0.0037 0.0538 0.0083 0.0497 0.0043 0.0003 0.0494 0.0260 0.2382 0.0486 0.0083 0.0316 
0.0818 0.0428 0.0949 0.1999 0.0053 0.0569 0.0035 0.0422 0.0008 0.0003 0.0415 0.0037 0.3747 0.0387 0.0086 0.0045 
0.0704 0.0486 0.0240 0.3602 0.0038 0.0572 0.0030 0.0385 0.0051 0.0002 0.0430 0.0067 0.2834 0.0353 0.0065 0.0141 
0.0522 0.0268 0.0144 0.3548 0.0024 0.0871 0.0050 0.0262 0.0021 0.0001 0.0342 0.0168 0.3463 0.0246 0.0051 0.0021 
0.0930 0.0599 0.0601 0.1631 0.0034 0.0765 0.0059 0.0502 0.0034 0.0002 0.0893 0.0214 0.3128 0.0462 0.0077 0.0070 
0.1192 0.0770 0.0126 0.1022 0.0452 0.1017 0.0270 0.0588 0.0034 0.0014 0.0894 0.0621 0.1971 0.0840 0.0075 0.0113 
0.1188 0.0695 0.0387 0.0064 0.1516 0.0668 0.0918 0.0663 0.0032 0.0013 0.1075 0.0286 0.0355 0.1629 0.0428 0.0085 
0.0759 0.0446 0.0476 0.0268 0.0037 0.0367 0.0088 0.1479 0.0032 0.0089 0.0545 0.0134 0.0305 0.0530 0.3948 0.0498 
0.0794 0.0497 0.0647 0.0222 0.0067 0.0764 0.0067 0.0462 0.1046 0.0725 0.0463 0.0166 0.0722 0.0457 0.0211 0.2689 
0.3989 0.1229 0.0476 0.0436 0.0058 0.0620 0.0027 0.0540 0.0051 0.0059 0.0653 0.0077 0.0422 0.0551 0.0046 0.0765 
0.1505 0.0618 0.2087 0.0521 0.0192 0.1880 0.0078 0.0614 0.0030 0.0061 0.0753 0.0455 0.0356 0.0596 0.0153 0.0101 
0.1073 0.0891 0.1479 0.1137 0.0244 0.0609 0.0104 0.0612 0.0013 0.0003 0.2354 0.0176 0.0500 0.0609 0.0034 0.0163 
0.0760 0.0367 0.0256 0.2666 0.0043 0.0711 0.0035 0.0436 0.0024 0.0010 0.0401 0.3433 0.0455 0.0363 0.0026 0.0014 
0.0486 0.0227 0.0227 0.1024 0.0067 0.0291 0.0003 0.0249 0.0061 0.0174 0.0681 0.0104 0.6056 0.0216 0.0088 0.0048 
0.0669 0.0351 0.0018 0.1317 0.0026 0.0792 0.0040 0.0350 0.0032 0.0003 0.0388 0.1010 0.4625 0.0320 0.0022 0.0037 
0.0610 0.0323 0.0081 0.0379 0.0035 0.0615 0.0024 0.0287 0.0005 0.0003 0.0618 0.0141 0.6510 0.0291 0.0027 0.0051 
0.0602 0.0588 0.0053 0.0275 0.0072 0.0299 0.0014 0.0315 0.0006 0.0001 0.0351 0.0304 0.6738 0.0276 0.0048 0.0059 
0.0725 0.0377 0.0045 0.0171 0.0475 0.0545 0.0320 0.0495 0.0021 0.0003 0.0395 0.0102 0.3234 0.2929 0.0054 0.0110 
0.0679 0.0649 0.0617 0.0061 0.0032 0.0342 0.0021 0.0481 0.0022 0.0003 0.0353 0.0034 0.3719 0.0337 0.2569 0.0083 
0.0701 0.0366 0.0112 0.0088 0.0048 0.0604 0.0029 0.0350 0.0093 0.0735 0.0399 0.0254 0.3881 0.0340 0.0022 0.1978 
0.1458 0.0383 0.0168 0.0102 0.0027 0.0410 0.0027 0.0367 0.0013 0.0003 0.1134 0.0089 0.5347 0.0339 0.0037 0.0096 
0.0598 0.0331 0.0305 0.0184 0.0022 0.0436 0.0034 0.0307 0.0032 0.0006 0.0551 0.1091 0.5648 0.0337 0.0042 0.0077 
0.0550 0.0396 0.0307 0.0264 0.0040 0.0372 0.0054 0.0300 0.0018 0.0003 0.0359 0.0502 0.6404 0.0329 0.0040 0.0062 
0.0506 0.0286 0.0129 0.0342 0.0042 0.0358 0.0038 0.0305 0.0016 0.0002 0.0302 0.0110 0.6847 0.0299 0.0188 0.0230 
0.0711 0.0457 0.0188 0.0184 0.0163 0.0692 0.0337 0.0366 0.0198 0.0016 0.0385 0.0150 0.0402 0.5362 0.0077 0.0313 
0.0503 0.0471 0.0364 0.0147 0.0016 0.0292 0.0078 0.0347 0.0003 0.0003 0.0395 0.0064 0.0471 0.0265 0.6488 0.0093 
0.0401 0.0313 0.0577 0.0607 0.0016 0.0176 0.0096 0.0196 0.0244 0.0141 0.0351 0.0129 0.0278 0.0177 0.0165 0.6133 
0.3254 0.0375 0.0404 0.0331 0.1387 0.0390 0.1511 0.0387 0.0005 0.0006 0.0369 0.0284 0.0543 0.0553 0.0109 0.0093 
0.0762 0.0599 0.2604 0.0307 0.0080 0.0792 0.0011 0.3264 0.0005 0.0008 0.0516 0.0050 0.0294 0.0393 0.0158 0.0157 
0.0791 0.0398 0.0195 0.2334 0.0030 0.0574 0.0034 0.0358 0.2307 0.0725 0.0823 0.0283 0.0615 0.0329 0.0042 0.0163 
0.2941 0.0847 0.0653 0.1085 0.0038 0.0759 0.0030 0.0685 0.0134 0.0008 0.0738 0.0679 0.0548 0.0665 0.0043 0.0147 
0.1091 0.0792 0.0665 0.0605 0.0578 0.2896 0.0308 0.0526 0.0059 0.0005 0.0591 0.0297 0.0863 0.0478 0.0128 0.0118 
0.1092 0.0966 0.0335 0.0457 0.0787 0.0819 0.0393 0.0672 0.0016 0.0021 0.2135 0.0209 0.0388 0.1506 0.0065 0.0136 
0.0845 0.1312 0.0545 0.0425 0.0019 0.0658 0.0040 0.0701 0.0240 0.0021 0.0417 0.0439 0.0198 0.0420 0.3649 0.0070 
0.0695 0.0428 0.0941 0.0438 0.0027 0.0396 0.0075 0.0318 0.1002 0.0233 0.0379 0.0072 0.0219 0.0304 0.0053 0.4422 
0.3744 0.0768 0.1615 0.1289 0.0061 0.0494 0.0051 0.0458 0.0019 0.0001 0.0564 0.0091 0.0144 0.0478 0.0094 0.0131 
0.0235 0.0190 0.3615 0.4730 0.0022 0.0155 0.0096 0.0179 0.0048 0.0002 0.0243 0.0048 0.0099 0.0139 0.0134 0.0065 
0.0601 0.0347 0.0588 0.4425 0.0712 0.1824 0.0078 0.0305 0.0022 0.0013 0.0345 0.0182 0.0166 0.0323 0.0030 0.0038 
0.0666 0.0377 0.0102 0.1448 0.4641 0.0521 0.0219 0.0551 0.0005 0.0035 0.0800 0.0056 0.0141 0.0351 0.0061 0.0027 
0.1018 0.0898 0.0133 0.0628 0.0078 0.0957 0.0016 0.3537 0.0157 0.0363 0.0610 0.0550 0.0189 0.0452 0.0367 0.0048 
0.0548 0.0332 0.0109 0.0107 0.0952 0.0273 0.0690 0.0272 0.2670 0.1471 0.1081 0.0409 0.0425 0.0299 0.0026 0.0337 
0.3090 0.0892 0.0300 0.0679 0.0027 0.0628 0.0022 0.1045 0.0032 0.0013 0.0653 0.0463 0.0439 0.0609 0.1058 0.0050 
0.0794 0.0454 0.1438 0.0502 0.0034 0.0901 0.0075 0.0404 0.0888 0.1048 0.0500 0.0222 0.0882 0.0411 0.0097 0.1351 
0.2391 0.1478 0.0351 0.0927 0.0034 0.0693 0.0029 0.0660 0.0038 0.0018 0.0728 0.0144 0.1545 0.0674 0.0150 0.0141 
0.1075 0.0532 0.1740 0.1309 0.0093 0.2325 0.0054 0.0513 0.0053 0.0034 0.0545 0.0280 0.0749 0.0510 0.0112 0.0077 
0.1123 0.0612 0.1394 0.1773 0.0046 0.0711 0.0019 0.0647 0.0016 0.0010 0.1904 0.0062 0.0909 0.0562 0.0089 0.0125 
0.0604 0.0728 0.0145 0.4455 0.0013 0.0420 0.0072 0.0284 0.0054 0.0003 0.0316 0.2359 0.0182 0.0272 0.0053 0.0040 
0.0861 0.0565 0.0439 0.3891 0.0021 0.0458 0.0050 0.0399 0.0014 0.0003 0.0470 0.0058 0.2163 0.0398 0.0059 0.0150 
0.1080 0.0546 0.0649 0.3919 0.0035 0.0852 0.0024 0.0479 0.0006 0.0002 0.0486 0.0094 0.1293 0.0473 0.0029 0.0034 
0.0623 0.0316 0.0393 0.5419 0.0024 0.0367 0.0013 0.0316 0.0008 0.0002 0.0618 0.0040 0.1515 0.0302 0.0032 0.0011 
0.0712 0.0534 0.0136 0.5361 0.0032 0.0564 0.0021 0.0358 0.0029 0.0002 0.0377 0.0430 0.1018 0.0347 0.0048 0.0034 
0.0505 0.0435 0.0121 0.5595 0.0037 0.0323 0.0048 0.0260 0.0014 0.0001 0.0297 0.0035 0.1917 0.0252 0.0045 0.0117 
0.1080 0.0620 0.0629 0.3341 0.0070 0.1080 0.0029 0.0572 0.0014 0.0003 0.0575 0.0112 0.1178 0.0554 0.0022 0.0120 
0.1197 0.0727 0.0256 0.1815 0.0121 0.1414 0.0018 0.0636 0.0016 0.0014 0.1348 0.0083 0.1495 0.0634 0.0054 0.0171 
0.1064 0.0594 0.0184 0.2508 0.0029 0.0760 0.0016 0.0588 0.0024 0.0029 0.1223 0.1108 0.1227 0.0540 0.0026 0.0081 
0.1199 0.1375 0.0161 0.0840 0.0053 0.1043 0.0086 0.0602 0.0086 0.0005 0.0620 0.0458 0.2362 0.0631 0.0093 0.0385 
0.1188 0.0599 0.1350 0.0922 0.0117 0.1219 0.0067 0.0565 0.0019 0.0005 0.1148 0.0089 0.1784 0.0572 0.0136 0.0220 
0.1270 0.1187 0.1542 0.0725 0.0131 0.0832 0.0152 0.0709 0.0037 0.0003 0.0660 0.0591 0.0772 0.0724 0.0169 0.0495 
0.1214 0.0644 0.0778 0.1751 0.0099 0.1219 0.0286 0.0657 0.0029 0.0027 0.0644 0.0165 0.1726 0.0615 0.0097 0.0050 
0.1375 0.1032 0.1185 0.0963 0.0152 0.0803 0.0014 0.0739 0.0126 0.0128 0.0819 0.0075 0.1687 0.0628 0.0026 0.0248 
0.0935 0.0799 0.0141 0.3961 0.0034 0.0636 0.0088 0.0503 0.0062 0.0008 0.0572 0.0505 0.1238 0.0462 0.0027 0.0030 
0.1104 0.0558 0.1796 0.2457 0.0024 0.0585 0.0056 0.0527 0.0040 0.0001 0.0614 0.0115 0.1374 0.0583 0.0105 0.0062 
0.0759 0.0522 0.1107 0.2930 0.0137 0.1163 0.0088 0.0379 0.0034 0.0001 0.0412 0.0089 0.1741 0.0396 0.0101 0.0142 
0.0968 0.0703 0.0506 0.4165 0.0102 0.0428 0.0019 0.0516 0.0001 0.0005 0.0530 0.0051 0.1317 0.0431 0.0105 0.0153 
0.0823 0.0446 0.0142 0.0310 0.0308 0.4772 0.0089 0.0422 0.0104 0.0054 0.0442 0.0283 0.1046 0.0540 0.0075 0.0144 
0.0890 0.0677 0.0249 0.0228 0.0042 0.0438 0.0016 0.0521 0.0014 0.0018 0.5089 0.0099 0.1089 0.0395 0.0062 0.0174 
0.0688 0.0444 0.0264 0.0273 0.0030 0.0700 0.0065 0.0355 0.0219 0.0048 0.0371 0.4512 0.1428 0.0350 0.0144 0.0110 
0.0701 0.0361 0.0524 0.0470 0.0026 0.0312 0.0054 0.0281 0.0016 0.0003 0.0657 0.0051 0.5901 0.0289 0.0067 0.0288 
0.1107 0.0551 0.1067 0.0492 0.0029 0.0648 0.0029 0.0452 0.0030 0.0001 0.0485 0.0565 0.3935 0.0452 0.0056 0.0102 
0.0508 0.0297 0.0586 0.0884 0.0027 0.0463 0.0021 0.0270 0.0005 0.0008 0.0323 0.0094 0.6221 0.0252 0.0018 0.0022 
0.0590 0.0435 0.0058 0.1473 0.0038 0.0532 0.0022 0.0305 0.0018 0.0002 0.0316 0.0141 0.5654 0.0288 0.0053 0.0077 
0.0478 0.0244 0.0113 0.1380 0.0018 0.0318 0.0053 0.0241 0.0013 0.0001 0.0578 0.0062 0.6174 0.0235 0.0037 0.0056 
0.0567 0.0291 0.0212 0.0321 0.0054 0.0441 0.0018 0.0297 0.0006 0.0010 0.0380 0.0387 0.6650 0.0283 0.0021 0.0062 
0.0473 0.0289 0.0022 0.0487 0.0035 0.0372 0.0019 0.0291 0.0019 0.0001 0.0265 0.0184 0.7211 0.0246 0.0040 0.0048 
0.0510 0.0264 0.0067 0.0193 0.0010 0.0454 0.0030 0.0259 0.0040 0.0001 0.0313 0.0094 0.7456 0.0243 0.0013 0.0056 
0.0529 0.0307 0.0048 0.0123 0.0019 0.0390 0.0018 0.0248 0.0024 0.0026 0.0291 0.0160 0.7434 0.0294 0.0042 0.0050 
0.0498 0.0462 0.0067 0.0232 0.0013 0.0243 0.0018 0.0244 0.0018 0.0001 0.0295 0.0088 0.7335 0.0319 0.0091 0.0078 
0.0473 0.0240 0.0508 0.0575 0.0008 0.0217 0.0014 0.0225 0.0032 0.0001 0.0227 0.0058 0.6735 0.0313 0.0113 0.0262 
0.0481 0.0233 0.1168 0.0224 0.0026 0.0283 0.0043 0.0233 0.0001 0.0001 0.0219 0.0026 0.6688 0.0233 0.0089 0.0056 
0.0587 0.0332 0.0257 0.0475 0.0006 0.0513 0.0030 0.0307 0.0005 0.0001 0.0307 0.0011 0.6704 0.0284 0.0054 0.0128 
0.0797 0.0406 0.0067 0.0655 0.0022 0.0511 0.0024 0.0363 0.0014 0.0001 0.0554 0.0062 0.6077 0.0374 0.0029 0.0045 
0.0613 0.0414 0.0220 0.0749 0.0011 0.0296 0.0013 0.0300 0.0008 0.0001 0.0345 0.0289 0.6351 0.0302 0.0038 0.0051 
0.0412 0.0201 0.0089 0.1802 0.0010 0.0264 0.0030 0.0188 0.0018 0.0001 0.0214 0.0037 0.6362 0.0195 0.0061 0.0118 
0.0500 0.0280 0.0998 0.0802 0.0018 0.0268 0.0038 0.0241 0.0011 0.0001 0.0252 0.0048 0.6130 0.0241 0.0061 0.0113 
0.0561 0.0289 0.0326 0.1230 0.0032 0.0545 0.0040 0.0278 0.0002 0.0002 0.0292 0.0048 0.6024 0.0278 0.0021 0.0035 
0.0666 0.0337 0.0134 0.1013 0.0078 0.0851 0.0014 0.0391 0.0008 0.0005 0.0623 0.0065 0.5401 0.0334 0.0051 0.0027 
0.0738 0.0931 0.0085 0.0955 0.0118 0.0468 0.0112 0.0419 0.0069 0.0001 0.0486 0.0565 0.4312 0.0393 0.0078 0.0273 
0.0851 0.0415 0.0193 0.0917 0.0061 0.0495 0.0121 0.0414 0.0021 0.0010 0.0564 0.0291 0.5054 0.0412 0.0086 0.0094 
0.1094 0.0668 0.0460 0.0051 0.0244 0.1094 0.0227 0.0566 0.0110 0.0022 0.0805 0.0264 0.2654 0.1503 0.0032 0.0205 
0.1310 0.0749 0.0243 0.0280 0.0059 0.0682 0.0201 0.0661 0.0053 0.0008 0.1166 0.0190 0.0292 0.1783 0.2121 0.0201 
0.1139 0.0647 0.1024 0.0283 0.0034 0.0773 0.0054 0.0620 0.0099 0.0198 0.0653 0.0396 0.0661 0.0610 0.1358 0.1450 
0.1556 0.1193 0.0644 0.0398 0.0032 0.0495 0.0110 0.0455 0.0051 0.0078 0.0481 0.0099 0.0252 0.0463 0.0172 0.3520 
0.0854 0.0383 0.4563 0.1995 0.0069 0.0319 0.0168 0.0289 0.0032 0.0010 0.0436 0.0077 0.0120 0.0302 0.0141 0.0243 
0.0436 0.0289 0.4520 0.2969 0.0101 0.0508 0.0035 0.0233 0.0006 0.0022 0.0238 0.0136 0.0139 0.0200 0.0078 0.0089 
0.0541 0.0267 0.0112 0.2848 0.0053 0.3990 0.0022 0.0348 0.0016 0.0022 0.1217 0.0125 0.0150 0.0256 0.0010 0.0024 
0.0743 0.0377 0.0053 0.0649 0.0069 0.0939 0.0011 0.0377 0.0073 0.0038 0.5373 0.0864 0.0066 0.0337 0.0021 0.0010 
0.0484 0.0355 0.0022 0.0681 0.0038 0.0249 0.0026 0.0244 0.0043 0.0016 0.0805 0.6530 0.0248 0.0227 0.0010 0.0022 
0.0438 0.0220 0.0081 0.0642 0.0018 0.0228 0.0040 0.0225 0.0029 0.0005 0.0224 0.0764 0.6672 0.0227 0.0105 0.0081 
0.0489 0.0262 0.0502 0.0489 0.0010 0.0241 0.0042 0.0240 0.0034 0.0001 0.0228 0.0029 0.6977 0.0249 0.0080 0.0129 
0.0487 0.0238 0.0230 0.1331 0.0006 0.0209 0.0018 0.0217 0.0019 0.0001 0.0225 0.0014 0.6692 0.0222 0.0038 0.0053 
0.0419 0.0209 0.0134 0.1697 0.0011 0.0339 0.0022 0.0189 0.0010 0.0001 0.0193 0.0018 0.6523 0.0195 0.0032 0.0010 
0.0427 0.0270 0.0051 0.1561 0.0013 0.0393 0.0013 0.0208 0.0002 0.0001 0.0232 0.0022 0.6481 0.0204 0.0053 0.0073 
0.0487 0.0262 0.0056 0.0834 0.0144 0.0324 0.0032 0.0243 0.0002 0.0001 0.0422 0.0059 0.6809 0.0267 0.0034 0.0027 
0.0540 0.0305 0.0043 0.0482 0.0018 0.0283 0.0006 0.0388 0.0001 0.0001 0.0375 0.0300 0.6914 0.0268 0.0048 0.0029 
0.0811 0.0420 0.0024 0.0441 0.0137 0.0586 0.0112 0.0434 0.0283 0.0006 0.0450 0.0203 0.4945 0.0639 0.0086 0.0422 
0.0971 0.0497 0.0294 0.0126 0.0058 0.0842 0.0085 0.0537 0.0005 0.0001 0.0615 0.0089 0.4727 0.0492 0.0530 0.0133 
0.0925 0.1639 0.0752 0.0129 0.0021 0.0500 0.0050 0.0482 0.0057 0.0086 0.0458 0.0131 0.2825 0.0492 0.0030 0.1421 
0.1035 0.0521 0.0745 0.0238 0.0139 0.0960 0.0091 0.0489 0.0070 0.0016 0.0532 0.0110 0.4071 0.0489 0.0407 0.0086 
0.0853 0.0614 0.2235 0.0339 0.0058 0.0647 0.0021 0.0598 0.0019 0.0001 0.1828 0.0189 0.1644 0.0489 0.0081 0.0387 
0.1108 0.0743 0.0220 0.1557 0.0026 0.0572 0.0171 0.0541 0.0129 0.0006 0.0567 0.1851 0.1452 0.0532 0.0142 0.0382 
0.0779 0.0406 0.0992 0.1175 0.0171 0.0444 0.1040 0.0367 0.0018 0.0003 0.0390 0.0145 0.3125 0.0545 0.0212 0.0188 
0.0872 0.0532 0.0735 0.1659 0.0019 0.0631 0.0094 0.0720 0.0010 0.0008 0.0583 0.0131 0.2691 0.0485 0.0567 0.0263 
0.1005 0.0832 0.0441 0.1840 0.0040 0.0470 0.0158 0.0502 0.0463 0.0065 0.0495 0.0256 0.0521 0.0465 0.0128 0.2319 
0.1139 0.0593 0.2353 0.0810 0.0219 0.1342 0.0533 0.0521 0.0243 0.0006 0.0497 0.0375 0.0379 0.0578 0.0137 0.0276 
0.1361 0.0730 0.1860 0.0176 0.0447 0.1873 0.0091 0.0797 0.0411 0.0056 0.0689 0.0139 0.0409 0.0612 0.0097 0.0252 
