0.1545 0.0775 0.1994 0.1190 0.0027 0.0777 0.0070 0.0646 0.0147 0.0072 0.1031 0.0340 0.0547 0.0586 0.0024 0.0229 
0.0995 0.0724 0.3753 0.0852 0.0046 0.0933 0.0150 0.0427 0.0099 0.0016 0.0601 0.0313 0.0470 0.0401 0.0048 0.0173 
0.0994 0.0630 0.1552 0.2942 0.0053 0.0598 0.0083 0.0534 0.0042 0.0002 0.1002 0.0182 0.0406 0.0521 0.0086 0.0376 
0.0658 0.0797 0.0755 0.5346 0.0035 0.0462 0.0078 0.0385 0.0024 0.0022 0.0367 0.0391 0.0165 0.0350 0.0080 0.0085 
0.0976 0.0594 0.0407 0.0275 0.0304 0.4685 0.0260 0.0506 0.0024 0.0029 0.0623 0.0163 0.0374 0.0577 0.0104 0.0099 
0.0697 0.0765 0.0534 0.0957 0.0038 0.0618 0.0046 0.0508 0.0030 0.0005 0.4900 0.0158 0.0304 0.0329 0.0056 0.0054 
0.0607 0.2480 0.0359 0.0981 0.0038 0.0241 0.0043 0.0302 0.0449 0.0019 0.0319 0.3308 0.0225 0.0228 0.0219 0.0180 
0.0570 0.0315 0.1295 0.0251 0.1736 0.0460 0.2921 0.0315 0.0014 0.0030 0.0316 0.0171 0.0962 0.0323 0.0267 0.0054 
0.0776 0.1427 0.0949 0.0711 0.0062 0.0546 0.0014 0.3337 0.0008 0.0006 0.0687 0.0072 0.0613 0.0396 0.0105 0.0289 
0.0548 0.0316 0.0070 0.1874 0.0053 0.0923 0.0030 0.0313 0.2166 0.1604 0.0666 0.0761 0.0267 0.0260 0.0053 0.0094 
0.2198 0.0982 0.0971 0.0492 0.0182 0.0768 0.0105 0.0652 0.0067 0.0001 0.0794 0.0612 0.1233 0.0671 0.0105 0.0166 
0.0749 0.0476 0.1369 0.2821 0.0077 0.0500 0.0345 0.0420 0.0038 0.0014 0.0431 0.0217 0.1623 0.0351 0.0190 0.0377 
0.1041 0.1144 0.1575 0.1394 0.0086 0.0746 0.0010 0.0508 0.0141 0.0224 0.0494 0.0176 0.1596 0.0468 0.0121 0.0278 
0.1187 0.0564 0.0112 0.0364 0.0048 0.3500 0.0085 0.0540 0.0117 0.0069 0.0933 0.0125 0.1698 0.0527 0.0097 0.0035 
0.0920 0.0506 0.0265 0.0203 0.0051 0.0470 0.0016 0.0438 0.0034 0.0016 0.5397 0.0869 0.0295 0.0434 0.0010 0.0077 
0.0558 0.0326 0.0168 0.0241 0.0027 0.0358 0.0026 0.0278 0.0027 0.0040 0.0276 0.6647 0.0703 0.0256 0.0043 0.0026 
0.0481 0.0243 0.0267 0.0206 0.0013 0.0259 0.0026 0.0246 0.0016 0.0002 0.0449 0.0067 0.7194 0.0244 0.0099 0.0189 
0.0483 0.0280 0.0206 0.0155 0.0018 0.0251 0.0086 0.0233 0.0013 0.0001 0.0251 0.0409 0.7250 0.0238 0.0026 0.0104 
0.0543 0.0316 0.0032 0.0372 0.0040 0.0267 0.0026 0.0262 0.0006 0.0005 0.0288 0.0048 0.7478 0.0243 0.0048 0.0026 
0.0436 0.0233 0.0188 0.0280 0.0024 0.0398 0.0021 0.0254 0.0027 0.0001 0.0211 0.0105 0.7038 0.0259 0.0050 0.0476 
0.0599 0.0265 0.0236 0.0136 0.0026 0.0561 0.0064 0.0257 0.0010 0.0002 0.0324 0.0065 0.7052 0.0295 0.0042 0.0067 
0.0409 0.1476 0.0147 0.0042 0.0011 0.0268 0.0032 0.0197 0.0016 0.0002 0.0241 0.0142 0.6677 0.0187 0.0059 0.0094 
0.0551 0.0305 0.0050 0.0371 0.0014 0.0336 0.0131 0.0281 0.0014 0.0001 0.0414 0.0088 0.6675 0.0262 0.0077 0.0433 
0.0419 0.0228 0.1526 0.0045 0.0014 0.0286 0.0062 0.0220 0.0005 0.0001 0.0230 0.0273 0.6197 0.0228 0.0067 0.0198 
0.0452 0.0251 0.0043 0.0021 0.0029 0.1857 0.0054 0.0244 0.0010 0.0011 0.0353 0.0097 0.6145 0.0241 0.0120 0.0072 
0.0529 0.0371 0.0262 0.0042 0.0021 0.0260 0.0027 0.0286 0.0014 0.0002 0.2225 0.0177 0.5342 0.0236 0.0045 0.0161 
0.0561 0.0367 0.0160 0.0043 0.0010 0.0363 0.0046 0.0272 0.0062 0.0001 0.0262 0.2842 0.4509 0.0259 0.0061 0.0184 
0.0481 0.0257 0.0224 0.0016 0.0054 0.0246 0.0173 0.0246 0.0019 0.0002 0.0452 0.0059 0.7081 0.0372 0.0188 0.0129 
0.0492 0.0583 0.0252 0.0053 0.0016 0.0244 0.0026 0.0353 0.0002 0.0001 0.0302 0.0529 0.6520 0.0246 0.0080 0.0304 
0.0540 0.0260 0.0280 0.0105 0.0008 0.0500 0.0064 0.0241 0.0251 0.0021 0.0281 0.0182 0.6738 0.0264 0.0034 0.0232 
0.0492 0.0383 0.0538 0.0115 0.0008 0.0280 0.0075 0.0265 0.0010 0.0001 0.0337 0.0085 0.6692 0.0412 0.0118 0.0192 
0.0594 0.0382 0.0655 0.0797 0.0016 0.0315 0.0177 0.0296 0.0010 0.0001 0.0316 0.0085 0.5556 0.0278 0.0299 0.0225 
0.0890 0.0598 0.1294 0.1189 0.0040 0.0388 0.0042 0.0395 0.0032 0.0022 0.0427 0.0032 0.2151 0.0395 0.0083 0.2024 
0.0947 0.0444 0.0198 0.0283 0.0283 0.2714 0.0251 0.0468 0.0005 0.0019 0.0548 0.0163 0.2861 0.0724 0.0026 0.0067 
0.1045 0.0642 0.0280 0.0169 0.0050 0.0770 0.0010 0.1048 0.0016 0.0005 0.4278 0.0283 0.0676 0.0510 0.0179 0.0040 
0.0808 0.0979 0.0027 0.0516 0.0029 0.0553 0.0040 0.0417 0.0280 0.0024 0.0540 0.4253 0.0802 0.0399 0.0054 0.0278 
0.0757 0.0356 0.0724 0.0107 0.0035 0.0436 0.0142 0.0297 0.0019 0.0001 0.0302 0.0286 0.6002 0.0292 0.0062 0.0182 
0.0605 0.0890 0.0845 0.0077 0.0184 0.0460 0.0069 0.0299 0.0019 0.0005 0.0348 0.0080 0.5474 0.0318 0.0064 0.0264 
0.0537 0.0305 0.0300 0.0642 0.0024 0.0275 0.0093 0.0355 0.0054 0.0018 0.0623 0.0158 0.6204 0.0265 0.0075 0.0072 
0.1086 0.0569 0.0700 0.0308 0.0019 0.0511 0.0088 0.0495 0.0208 0.0003 0.0503 0.0310 0.3444 0.0613 0.0107 0.1035 
0.0885 0.0470 0.1254 0.0248 0.0024 0.1026 0.0203 0.0425 0.0064 0.0010 0.0484 0.0144 0.3979 0.0415 0.0225 0.0144 
0.0960 0.0925 0.0120 0.0046 0.0919 0.1392 0.0514 0.0502 0.0002 0.0019 0.1222 0.0184 0.2352 0.0570 0.0085 0.0189 
0.0759 0.0655 0.0051 0.0382 0.0014 0.0406 0.0035 0.1353 0.0014 0.0002 0.1256 0.1464 0.2798 0.0446 0.0256 0.0109 
0.0890 0.0508 0.0177 0.0099 0.0027 0.0788 0.0112 0.0462 0.1514 0.0024 0.0602 0.1150 0.2335 0.0401 0.0425 0.0486 
0.1606 0.0922 0.1700 0.0045 0.0040 0.0585 0.0364 0.0542 0.0056 0.0003 0.0566 0.0177 0.2200 0.0530 0.0227 0.0438 
0.0880 0.0482 0.2431 0.0289 0.0053 0.0827 0.0252 0.0457 0.0010 0.0022 0.0709 0.0270 0.2471 0.0414 0.0243 0.0190 
0.0709 0.1307 0.3306 0.0054 0.0013 0.0936 0.0045 0.0455 0.0013 0.0018 0.0462 0.0446 0.1267 0.0500 0.0040 0.0431 
0.0802 0.0386 0.0040 0.0043 0.0037 0.2870 0.0046 0.0350 0.0067 0.0029 0.1343 0.0281 0.2621 0.0348 0.0674 0.0064 
0.0731 0.0926 0.0307 0.0021 0.0051 0.0370 0.0037 0.0410 0.0003 0.0003 0.4661 0.1175 0.0717 0.0372 0.0042 0.0172 
0.0666 0.0521 0.0355 0.0166 0.0016 0.0259 0.0133 0.0262 0.0021 0.0003 0.0272 0.5716 0.1131 0.0276 0.0102 0.0102 
0.0506 0.0252 0.0342 0.0027 0.0067 0.0451 0.0126 0.0257 0.0008 0.0026 0.0355 0.0080 0.7041 0.0273 0.0134 0.0054 
0.0538 0.0351 0.0013 0.0093 0.0026 0.0246 0.0042 0.0315 0.0001 0.0005 0.0781 0.0297 0.6935 0.0256 0.0043 0.0061 
0.0490 0.0249 0.0001 0.0214 0.0011 0.0233 0.0042 0.0243 0.0160 0.0016 0.0259 0.0577 0.7203 0.0240 0.0018 0.0046 
0.0484 0.0254 0.0051 0.0002 0.0013 0.0583 0.0019 0.0260 0.0021 0.0034 0.0284 0.0035 0.7585 0.0259 0.0097 0.0019 
0.0497 0.0313 0.0026 0.0005 0.0026 0.0254 0.0010 0.0270 0.0001 0.0003 0.0856 0.0067 0.7356 0.0241 0.0014 0.0062 
0.0411 0.0387 0.0053 0.0018 0.0003 0.0179 0.0013 0.0201 0.0013 0.0001 0.0212 0.1730 0.6466 0.0236 0.0018 0.0062 
0.0615 0.0289 0.0099 0.0072 0.0003 0.0329 0.0018 0.0289 0.0053 0.0001 0.0391 0.0048 0.6975 0.0449 0.0228 0.0144 
0.0768 0.0470 0.0722 0.0021 0.0014 0.0366 0.0057 0.0382 0.0014 0.0001 0.0412 0.0118 0.5558 0.0395 0.0332 0.0372 
0.1117 0.0558 0.0483 0.0197 0.0075 0.0551 0.0096 0.0518 0.0022 0.0001 0.0529 0.0034 0.4365 0.0526 0.0144 0.0789 
0.0927 0.0486 0.0363 0.0042 0.0043 0.1374 0.0048 0.0518 0.0003 0.0003 0.0524 0.0024 0.4657 0.0572 0.0051 0.0366 
0.0813 0.0479 0.0815 0.0034 0.0011 0.0487 0.0050 0.0402 0.0026 0.0003 0.1190 0.0187 0.4744 0.0402 0.0043 0.0315 
0.0861 0.0556 0.0123 0.0059 0.0016 0.0847 0.0022 0.0414 0.0032 0.0022 0.0594 0.1997 0.3941 0.0411 0.0024 0.0081 
0.0591 0.0310 0.0085 0.0105 0.0029 0.0428 0.0022 0.0291 0.0014 0.0003 0.0638 0.0297 0.6724 0.0294 0.0034 0.0134 
0.0618 0.0366 0.0066 0.0067 0.0021 0.0380 0.0024 0.0312 0.0010 0.0001 0.0689 0.0483 0.6519 0.0332 0.0042 0.0075 
0.0494 0.0229 0.0080 0.0069 0.0021 0.0260 0.0008 0.0235 0.0016 0.0013 0.0316 0.0868 0.7100 0.0235 0.0013 0.0045 
0.0535 0.0275 0.0061 0.0081 0.0024 0.0363 0.0022 0.0296 0.0029 0.0001 0.0288 0.0193 0.7389 0.0286 0.0029 0.0131 
0.0537 0.0265 0.0230 0.0057 0.0016 0.0313 0.0030 0.0267 0.0014 0.0001 0.0313 0.0091 0.7512 0.0267 0.0027 0.0061 
0.0534 0.0321 0.0115 0.0018 0.0038 0.0422 0.0019 0.0273 0.0008 0.0002 0.0267 0.0126 0.7552 0.0267 0.0016 0.0022 
0.0559 0.0426 0.0008 0.0099 0.0005 0.0283 0.0019 0.0284 0.0029 0.0001 0.0291 0.0032 0.7633 0.0273 0.0018 0.0043 
0.0599 0.0361 0.0367 0.0193 0.0003 0.0281 0.0059 0.0289 0.0125 0.0001 0.0313 0.0048 0.6797 0.0315 0.0050 0.0200 
0.0583 0.0291 0.1469 0.0097 0.0008 0.0302 0.0030 0.0284 0.0001 0.0001 0.0305 0.0048 0.6106 0.0287 0.0161 0.0029 
0.0637 0.0367 0.0417 0.0347 0.0013 0.0316 0.0030 0.0328 0.0011 0.0001 0.0406 0.0034 0.6571 0.0313 0.0080 0.0129 
0.0585 0.0332 0.0035 0.0831 0.0355 0.0364 0.0284 0.0312 0.0005 0.0001 0.0297 0.0073 0.3225 0.3126 0.0024 0.0153 
0.0879 0.0558 0.0713 0.0522 0.0398 0.0406 0.0395 0.0463 0.0006 0.0001 0.0454 0.0054 0.0919 0.1360 0.2778 0.0097 
0.0965 0.0498 0.0372 0.0789 0.0260 0.0688 0.0789 0.0653 0.0050 0.0174 0.0497 0.0050 0.1093 0.0553 0.0979 0.1589 
0.2153 0.0917 0.0407 0.0422 0.0067 0.0393 0.0037 0.0858 0.0439 0.0174 0.0500 0.0184 0.0537 0.0490 0.0125 0.2297 
0.1344 0.0596 0.0224 0.0962 0.0420 0.2160 0.0125 0.0521 0.1166 0.0268 0.0503 0.0235 0.0459 0.0497 0.0050 0.0471 
0.2281 0.0684 0.0939 0.0220 0.0530 0.1482 0.0117 0.0853 0.0486 0.0013 0.0808 0.0232 0.0395 0.0681 0.0096 0.0184 
