0.0998 0.0450 0.0340 0.1453 0.0056 0.1896 0.0113 0.0509 0.0377 0.1065 0.0870 0.0097 0.0533 0.0482 0.0027 0.0731 
0.1549 0.1440 0.1068 0.0254 0.0037 0.1262 0.0035 0.0597 0.0302 0.0113 0.1846 0.0356 0.0393 0.0525 0.0045 0.0177 
0.1040 0.0995 0.0465 0.2019 0.0037 0.0979 0.0030 0.0516 0.0064 0.0021 0.0720 0.1952 0.0617 0.0498 0.0008 0.0038 
0.0837 0.0457 0.0072 0.1722 0.0038 0.2623 0.0032 0.0449 0.0019 0.0110 0.0931 0.0538 0.1687 0.0431 0.0024 0.0029 
0.0880 0.0529 0.0066 0.0439 0.0072 0.0941 0.0024 0.0460 0.0018 0.0010 0.2163 0.1324 0.2544 0.0438 0.0053 0.0040 
0.0366 0.0364 0.0024 0.0240 0.0018 0.0286 0.0027 0.0201 0.0022 0.0026 0.0337 0.5044 0.2783 0.0174 0.0034 0.0054 
0.0556 0.0447 0.0102 0.0196 0.0006 0.0262 0.0058 0.0256 0.0070 0.0001 0.0305 0.0184 0.7166 0.0281 0.0021 0.0091 
0.0490 0.0228 0.0617 0.0057 0.0005 0.0407 0.0050 0.0230 0.0006 0.0001 0.0272 0.0112 0.7229 0.0227 0.0046 0.0026 
0.0572 0.0366 0.0069 0.0034 0.0022 0.0313 0.0027 0.0300 0.0002 0.0001 0.0336 0.0046 0.7608 0.0270 0.0018 0.0019 
0.0550 0.0291 0.0008 0.0168 0.0027 0.0342 0.0040 0.0284 0.0011 0.0001 0.0262 0.0163 0.7487 0.0268 0.0018 0.0081 
0.0661 0.0267 0.0157 0.0011 0.0008 0.0292 0.0003 0.0280 0.0005 0.0006 0.0419 0.0040 0.7511 0.0296 0.0010 0.0035 
0.0542 0.0353 0.0072 0.0005 0.0014 0.0305 0.0016 0.0265 0.0066 0.0003 0.0275 0.0368 0.7366 0.0262 0.0058 0.0030 
0.0540 0.0334 0.0042 0.0030 0.0013 0.0252 0.0051 0.0263 0.0005 0.0001 0.0335 0.0021 0.7501 0.0268 0.0101 0.0246 
0.0562 0.0270 0.0441 0.0050 0.0005 0.0259 0.0056 0.0267 0.0008 0.0001 0.0294 0.0155 0.6997 0.0291 0.0089 0.0259 
0.0562 0.0286 0.0492 0.0053 0.0026 0.0406 0.0032 0.0268 0.0005 0.0001 0.0280 0.0051 0.7140 0.0284 0.0081 0.0035 
0.0602 0.0457 0.0163 0.0112 0.0010 0.0302 0.0019 0.0361 0.0003 0.0001 0.0372 0.0050 0.7140 0.0315 0.0048 0.0048 
0.0604 0.0342 0.0040 0.0604 0.0003 0.0307 0.0107 0.0265 0.0072 0.0002 0.0268 0.0067 0.5363 0.0313 0.0113 0.1529 
0.0366 0.0264 0.3462 0.0133 0.0021 0.0214 0.0157 0.0149 0.0034 0.0001 0.0209 0.0069 0.4220 0.0171 0.0176 0.0358 
0.0842 0.0626 0.1348 0.0117 0.0968 0.0463 0.2284 0.0441 0.0010 0.0001 0.0418 0.0104 0.1235 0.0621 0.0185 0.0339 
0.1126 0.0543 0.0323 0.0409 0.0035 0.0706 0.0029 0.3432 0.0021 0.0010 0.0939 0.0141 0.0976 0.0622 0.0406 0.0283 
0.1107 0.0973 0.0500 0.0176 0.0059 0.0677 0.0073 0.0508 0.2931 0.0200 0.0565 0.0364 0.0447 0.0564 0.0077 0.0778 
0.1578 0.0896 0.1704 0.1297 0.0081 0.0867 0.0115 0.0755 0.0026 0.0040 0.1056 0.0209 0.0498 0.0684 0.0081 0.0112 
0.0444 0.2142 0.4915 0.0642 0.0022 0.0415 0.0027 0.0222 0.0131 0.0011 0.0203 0.0136 0.0099 0.0200 0.0117 0.0273 
0.0684 0.0321 0.0594 0.6433 0.0067 0.0412 0.0038 0.0304 0.0019 0.0005 0.0500 0.0024 0.0121 0.0284 0.0045 0.0149 
0.0698 0.0574 0.3531 0.2972 0.0136 0.0452 0.0014 0.0340 0.0005 0.0001 0.0379 0.0316 0.0104 0.0304 0.0067 0.0107 
0.0634 0.0447 0.0149 0.6826 0.0050 0.0404 0.0011 0.0359 0.0029 0.0005 0.0494 0.0067 0.0144 0.0294 0.0026 0.0062 
0.0968 0.1002 0.0150 0.1518 0.0153 0.4028 0.0014 0.0490 0.0142 0.0010 0.0513 0.0232 0.0228 0.0463 0.0048 0.0040 
0.0728 0.0385 0.0537 0.2121 0.0131 0.0364 0.0042 0.0380 0.0024 0.0002 0.4356 0.0069 0.0505 0.0329 0.0010 0.0018 
0.0772 0.0615 0.0466 0.2163 0.0117 0.0482 0.0029 0.0430 0.0040 0.0022 0.0395 0.3243 0.0700 0.0482 0.0008 0.0037 
0.0618 0.0342 0.0153 0.2883 0.0061 0.0655 0.0032 0.0363 0.0046 0.0006 0.0316 0.0030 0.1366 0.0307 0.2766 0.0056 
0.0949 0.1439 0.0332 0.2351 0.0021 0.0524 0.0035 0.0495 0.0144 0.0022 0.0533 0.0032 0.0503 0.0470 0.0029 0.2121 
0.1553 0.0633 0.0289 0.4726 0.0034 0.0695 0.0067 0.0479 0.0054 0.0008 0.0489 0.0030 0.0189 0.0500 0.0070 0.0184 
0.0588 0.0573 0.5605 0.1155 0.0040 0.0425 0.0040 0.0319 0.0002 0.0001 0.0335 0.0027 0.0458 0.0283 0.0102 0.0048 
0.0837 0.0503 0.0514 0.5089 0.0026 0.0756 0.0038 0.0462 0.0019 0.0001 0.0548 0.0091 0.0532 0.0411 0.0093 0.0083 
0.0749 0.0407 0.0474 0.5989 0.0032 0.0684 0.0035 0.0363 0.0014 0.0002 0.0473 0.0073 0.0238 0.0347 0.0035 0.0085 
0.0938 0.0660 0.0050 0.0184 0.0085 0.5821 0.0024 0.0449 0.0010 0.0019 0.0490 0.0339 0.0372 0.0425 0.0081 0.0054 
0.0518 0.0318 0.0136 0.0026 0.2308 0.0294 0.0088 0.0307 0.0003 0.0016 0.5027 0.0110 0.0377 0.0436 0.0016 0.0021 
0.0641 0.0419 0.0181 0.0121 0.0030 0.0324 0.0010 0.0950 0.0032 0.0002 0.0353 0.5767 0.0332 0.0296 0.0502 0.0042 
0.0749 0.0390 0.0080 0.0086 0.0006 0.0385 0.0014 0.0393 0.0404 0.0666 0.0493 0.0161 0.4340 0.0380 0.0051 0.1401 
0.1716 0.0372 0.0064 0.0014 0.0027 0.0679 0.0014 0.0363 0.0008 0.0002 0.0590 0.0089 0.5659 0.0355 0.0029 0.0019 
0.0674 0.0696 0.0160 0.0019 0.0022 0.0462 0.0022 0.0359 0.0011 0.0001 0.0375 0.0382 0.6447 0.0318 0.0018 0.0035 
0.0553 0.0275 0.0029 0.0671 0.0005 0.0276 0.0005 0.0281 0.0051 0.0001 0.0701 0.0118 0.6712 0.0254 0.0011 0.0059 
0.0471 0.0233 0.0390 0.0270 0.0008 0.0212 0.0016 0.0225 0.0022 0.0002 0.0262 0.0612 0.7000 0.0243 0.0013 0.0021 
0.0545 0.0272 0.0034 0.0094 0.0062 0.0534 0.0011 0.0264 0.0003 0.0001 0.0264 0.0075 0.7532 0.0284 0.0019 0.0010 
0.0521 0.0462 0.0006 0.0097 0.0027 0.0286 0.0022 0.0305 0.0011 0.0001 0.0297 0.0016 0.7573 0.0302 0.0038 0.0037 
0.0633 0.0796 0.0016 0.0128 0.0073 0.0316 0.0264 0.0358 0.0069 0.0001 0.0316 0.0064 0.1110 0.5411 0.0136 0.0310 
0.0415 0.0246 0.0462 0.0056 0.0011 0.0195 0.0179 0.0243 0.0018 0.0001 0.0214 0.0014 0.0944 0.0201 0.6642 0.0161 
0.0388 0.0203 0.0763 0.0029 0.0038 0.0409 0.0141 0.0172 0.0187 0.0045 0.0259 0.0035 0.0671 0.0176 0.0080 0.6405 
0.3036 0.0644 0.0329 0.0061 0.0206 0.1039 0.0233 0.0666 0.0014 0.0013 0.1761 0.0243 0.0730 0.0938 0.0035 0.0053 
0.0979 0.2468 0.0716 0.0150 0.0021 0.0588 0.0019 0.1676 0.0005 0.0018 0.0585 0.1419 0.0690 0.0492 0.0129 0.0046 
0.1152 0.0685 0.0059 0.0275 0.0053 0.2586 0.0136 0.0599 0.0580 0.0056 0.0808 0.0375 0.1265 0.0561 0.0141 0.0669 
0.1094 0.1714 0.0905 0.0056 0.0022 0.0549 0.0070 0.0592 0.0035 0.0001 0.2483 0.0252 0.1206 0.0589 0.0059 0.0372 
0.0663 0.0647 0.4428 0.0230 0.0011 0.0351 0.0058 0.0335 0.0018 0.0006 0.0356 0.1724 0.0550 0.0335 0.0089 0.0198 
0.0754 0.0372 0.0562 0.0002 0.0078 0.5112 0.0083 0.0359 0.0051 0.0018 0.0511 0.0077 0.1453 0.0369 0.0072 0.0128 
0.0697 0.0572 0.0066 0.0019 0.0366 0.0363 0.0235 0.0375 0.0003 0.0006 0.5980 0.0149 0.0647 0.0430 0.0010 0.0083 
0.0446 0.0256 0.0040 0.0091 0.0005 0.0198 0.0011 0.0436 0.0003 0.0043 0.0217 0.6749 0.0553 0.0240 0.0666 0.0046 
0.0176 0.0102 0.1206 0.0030 0.0003 0.0072 0.0026 0.0086 0.0444 0.0011 0.0088 0.0016 0.4883 0.0099 0.0187 0.2570 
0.2222 0.0510 0.0364 0.0104 0.0011 0.0634 0.0053 0.0503 0.0010 0.0001 0.0663 0.0038 0.4188 0.0532 0.0021 0.0149 
0.1042 0.0597 0.1222 0.0059 0.0043 0.1034 0.0010 0.0473 0.0001 0.0003 0.0618 0.0304 0.4013 0.0470 0.0094 0.0021 
0.0572 0.0329 0.0006 0.1164 0.0024 0.0412 0.0016 0.0297 0.0001 0.0001 0.1023 0.0259 0.5548 0.0281 0.0018 0.0053 
0.0585 0.0356 0.0022 0.0698 0.0054 0.0281 0.0048 0.0283 0.0002 0.0001 0.0312 0.0901 0.6114 0.0286 0.0011 0.0048 
0.0546 0.0262 0.0016 0.0196 0.0021 0.0371 0.0022 0.0292 0.0006 0.0002 0.0284 0.0062 0.7569 0.0260 0.0061 0.0029 
0.0515 0.0294 0.0021 0.0030 0.0016 0.0449 0.0059 0.0273 0.0019 0.0006 0.0331 0.0043 0.7579 0.0256 0.0014 0.0094 
0.0516 0.0259 0.0010 0.0048 0.0014 0.0361 0.0008 0.0272 0.0001 0.0013 0.0537 0.0196 0.7475 0.0254 0.0013 0.0027 
0.0465 0.0267 0.0121 0.0002 0.0010 0.0284 0.0021 0.0225 0.0021 0.0001 0.0264 0.0661 0.7326 0.0241 0.0065 0.0029 
0.0519 0.0280 0.0027 0.0038 0.0002 0.0260 0.0019 0.0252 0.0006 0.0001 0.0454 0.0067 0.7639 0.0268 0.0029 0.0141 
0.0553 0.0291 0.0073 0.0005 0.0005 0.0283 0.0024 0.0272 0.0005 0.0006 0.0268 0.0182 0.7556 0.0292 0.0085 0.0101 
0.0535 0.0313 0.0137 0.0053 0.0003 0.0259 0.0073 0.0259 0.0001 0.0001 0.0280 0.0027 0.7575 0.0259 0.0123 0.0105 
0.0532 0.0278 0.0077 0.0203 0.0011 0.0249 0.0032 0.0254 0.0005 0.0001 0.0257 0.0058 0.7366 0.0353 0.0011 0.0315 
0.0612 0.0284 0.0113 0.0157 0.0029 0.0367 0.0005 0.0318 0.0001 0.0014 0.0430 0.0046 0.6846 0.0521 0.0220 0.0038 
0.0534 0.0636 0.0206 0.0027 0.0032 0.0335 0.0008 0.0294 0.0043 0.0001 0.0299 0.0181 0.6703 0.0280 0.0312 0.0113 
0.0673 0.0411 0.0005 0.0241 0.0029 0.0425 0.0089 0.0359 0.0035 0.0003 0.0387 0.0064 0.6661 0.0332 0.0064 0.0222 
0.0966 0.0639 0.0811 0.0045 0.0010 0.0332 0.0188 0.0371 0.0050 0.0001 0.0351 0.0081 0.5226 0.0438 0.0141 0.0353 
0.0478 0.0227 0.1880 0.0037 0.0037 0.0481 0.0141 0.0222 0.0038 0.0001 0.0286 0.0046 0.5585 0.0217 0.0096 0.0232 
0.1390 0.0906 0.1046 0.0072 0.0176 0.0811 0.0395 0.0725 0.0019 0.0001 0.0701 0.0078 0.2509 0.0870 0.0064 0.0238 
0.1367 0.1116 0.0177 0.0655 0.0014 0.0824 0.0051 0.1039 0.0073 0.0008 0.0679 0.0265 0.1480 0.0666 0.1504 0.0081 
0.1115 0.0763 0.0771 0.0094 0.0050 0.0724 0.0200 0.0561 0.0439 0.0062 0.0553 0.0099 0.1853 0.0516 0.0165 0.2036 
0.1951 0.0874 0.0518 0.0351 0.0096 0.0895 0.0056 0.0776 0.0045 0.0002 0.2639 0.0088 0.0727 0.0738 0.0042 0.0203 
0.0880 0.2969 0.1934 0.0658 0.0014 0.0470 0.0051 0.0482 0.0222 0.0001 0.0450 0.0974 0.0165 0.0430 0.0195 0.0105 
0.1057 0.0554 0.1934 0.3238 0.0046 0.0607 0.0069 0.0503 0.0027 0.0001 0.0613 0.0042 0.0473 0.0486 0.0133 0.0219 
0.0819 0.0899 0.3363 0.2173 0.0054 0.0471 0.0043 0.0532 0.0016 0.0001 0.0546 0.0105 0.0388 0.0399 0.0107 0.0085 
0.0706 0.0497 0.0478 0.0438 0.4756 0.1300 0.0093 0.0406 0.0069 0.0005 0.0377 0.0158 0.0235 0.0388 0.0046 0.0050 
0.0530 0.0502 0.0069 0.0058 0.5420 0.0427 0.0188 0.1171 0.0032 0.0008 0.0843 0.0038 0.0123 0.0404 0.0016 0.0171 
0.0625 0.0334 0.1471 0.0109 0.0050 0.0278 0.0016 0.4984 0.0174 0.0583 0.0423 0.0128 0.0149 0.0256 0.0391 0.0030 
0.0278 0.0530 0.0692 0.0228 0.0016 0.0126 0.0037 0.0152 0.5338 0.0192 0.0189 0.0094 0.0141 0.0126 0.0005 0.1857 
0.4193 0.0565 0.0104 0.3264 0.0011 0.0406 0.0038 0.0374 0.0045 0.0008 0.0396 0.0038 0.0078 0.0387 0.0046 0.0046 
0.0722 0.0380 0.5359 0.0385 0.0038 0.1770 0.0011 0.0375 0.0011 0.0002 0.0377 0.0026 0.0118 0.0353 0.0056 0.0016 
0.0625 0.1995 0.0051 0.5429 0.0121 0.0406 0.0013 0.0350 0.0003 0.0001 0.0436 0.0045 0.0157 0.0303 0.0030 0.0038 
0.0759 0.0524 0.0126 0.6449 0.0101 0.0351 0.0018 0.0441 0.0058 0.0001 0.0476 0.0134 0.0145 0.0350 0.0037 0.0034 
0.0953 0.0498 0.2918 0.2633 0.0043 0.1001 0.0018 0.0468 0.0061 0.0005 0.0462 0.0195 0.0233 0.0436 0.0013 0.0064 
0.0949 0.0936 0.0056 0.0284 0.0190 0.5292 0.0026 0.0462 0.0013 0.0014 0.0652 0.0085 0.0527 0.0462 0.0038 0.0014 
0.1094 0.2095 0.0029 0.0396 0.0072 0.0511 0.0088 0.0650 0.0050 0.0005 0.3370 0.0412 0.0633 0.0468 0.0059 0.0069 
0.0753 0.0406 0.0088 0.0081 0.0927 0.0369 0.0749 0.0403 0.0436 0.0011 0.0470 0.2966 0.1226 0.0946 0.0026 0.0144 
0.0663 0.0284 0.2456 0.0240 0.0010 0.0268 0.0059 0.0562 0.0014 0.0003 0.0268 0.0056 0.0765 0.0273 0.3982 0.0096 
0.0856 0.0423 0.1888 0.0054 0.0032 0.0842 0.0014 0.0436 0.1527 0.0300 0.0545 0.0093 0.1173 0.0423 0.0035 0.1358 
0.3106 0.1853 0.0029 0.0089 0.0066 0.0944 0.0030 0.0564 0.0003 0.0027 0.0695 0.0107 0.1751 0.0532 0.0069 0.0134 
0.1177 0.3939 0.0327 0.0212 0.0133 0.0661 0.0034 0.0692 0.0061 0.0001 0.0693 0.0184 0.0952 0.0575 0.0163 0.0200 
0.0522 0.0310 0.1025 0.0061 0.3958 0.0267 0.1947 0.0281 0.0040 0.0005 0.0278 0.0142 0.0687 0.0339 0.0062 0.0077 
0.0492 0.0184 0.4254 0.0766 0.0010 0.0165 0.0035 0.3152 0.0005 0.0001 0.0257 0.0050 0.0152 0.0190 0.0104 0.0187 
0.0597 0.0270 0.2585 0.0193 0.0018 0.0767 0.0026 0.0288 0.2928 0.1105 0.0377 0.0177 0.0241 0.0267 0.0042 0.0120 
0.2875 0.1540 0.0034 0.0642 0.0173 0.1304 0.0037 0.0701 0.0021 0.0008 0.1006 0.0160 0.0676 0.0665 0.0054 0.0105 
0.1206 0.0792 0.0051 0.1056 0.0061 0.1628 0.0050 0.0909 0.0008 0.0008 0.0807 0.0660 0.1835 0.0599 0.0085 0.0248 
0.1146 0.0821 0.1403 0.0066 0.0125 0.1288 0.0050 0.0661 0.0251 0.0022 0.1521 0.0427 0.1304 0.0629 0.0120 0.0168 
0.0893 0.0500 0.0150 0.0010 0.2445 0.0631 0.0904 0.0503 0.0006 0.0061 0.1137 0.1185 0.0668 0.0805 0.0032 0.0070 
0.0993 0.0513 0.0363 0.0005 0.0037 0.0714 0.0030 0.1644 0.0011 0.0014 0.1794 0.0727 0.1112 0.0471 0.1522 0.0051 
0.0401 0.0289 0.0030 0.0003 0.0006 0.0228 0.0045 0.0220 0.0407 0.1808 0.0661 0.2120 0.2248 0.0196 0.0061 0.1275 
0.1177 0.0323 0.0088 0.0021 0.0005 0.0326 0.0059 0.0300 0.0019 0.0001 0.0592 0.0688 0.5880 0.0316 0.0097 0.0109 
0.0625 0.0267 0.0476 0.0006 0.0003 0.0412 0.0110 0.0257 0.0016 0.0001 0.0302 0.0481 0.6569 0.0259 0.0081 0.0136 
0.0578 0.0297 0.0211 0.0005 0.0010 0.0438 0.0042 0.0275 0.0006 0.0001 0.0369 0.0054 0.7314 0.0278 0.0018 0.0109 
0.0554 0.0567 0.0134 0.0010 0.0003 0.0265 0.0035 0.0276 0.0001 0.0006 0.0315 0.0204 0.7207 0.0272 0.0053 0.0099 
0.0410 0.0228 0.1380 0.0070 0.0002 0.0182 0.0034 0.0198 0.0011 0.0001 0.0252 0.0059 0.6750 0.0198 0.0062 0.0165 
0.0321 0.0147 0.2325 0.0180 0.0002 0.0141 0.0032 0.0136 0.0011 0.0001 0.0147 0.0035 0.6187 0.0153 0.0032 0.0153 
0.0594 0.0295 0.0768 0.0168 0.0024 0.0350 0.0018 0.0294 0.0002 0.0001 0.0380 0.0027 0.6580 0.0291 0.0089 0.0121 
0.1077 0.0706 0.0022 0.0465 0.0815 0.0602 0.0447 0.0549 0.0026 0.0001 0.0602 0.0088 0.1527 0.2915 0.0029 0.0131 
0.0914 0.0369 0.0014 0.0914 0.0008 0.0404 0.0026 0.0984 0.0002 0.0002 0.0348 0.0026 0.0696 0.0353 0.4901 0.0040 
0.0510 0.0593 0.0738 0.0209 0.0013 0.0244 0.0067 0.0276 0.2219 0.0024 0.0267 0.0022 0.0144 0.0254 0.0072 0.4347 
0.3855 0.0513 0.0867 0.2307 0.0037 0.0534 0.0059 0.0497 0.0030 0.0001 0.0513 0.0016 0.0105 0.0487 0.0046 0.0136 
0.0431 0.0248 0.6718 0.1086 0.0021 0.0467 0.0024 0.0264 0.0005 0.0001 0.0297 0.0011 0.0056 0.0198 0.0120 0.0056 
0.0572 0.0532 0.0088 0.6163 0.0112 0.1174 0.0026 0.0302 0.0075 0.0001 0.0449 0.0112 0.0069 0.0284 0.0019 0.0026 
0.0553 0.0813 0.0189 0.6244 0.0268 0.0297 0.0094 0.0449 0.0011 0.0003 0.0307 0.0259 0.0168 0.0248 0.0038 0.0059 
0.0474 0.0420 0.0225 0.4628 0.0212 0.1366 0.0123 0.0612 0.0754 0.0010 0.0224 0.0220 0.0339 0.0240 0.0061 0.0093 
0.1623 0.0460 0.0329 0.1026 0.0655 0.1449 0.0105 0.0673 0.1597 0.0075 0.0607 0.0104 0.0367 0.0586 0.0051 0.0292 
