0.0722 0.0583 0.1413 0.2722 0.0042 0.0823 0.0313 0.0467 0.0371 0.0086 0.1090 0.0246 0.0428 0.0446 0.0029 0.0219 
0.1006 0.1433 0.1042 0.1094 0.0089 0.2248 0.0089 0.0498 0.0051 0.0043 0.0791 0.0439 0.0398 0.0465 0.0032 0.0281 
0.0874 0.0644 0.0375 0.1987 0.0072 0.1548 0.0032 0.0490 0.0045 0.0027 0.2395 0.0315 0.0573 0.0442 0.0050 0.0131 
0.1201 0.0999 0.0064 0.0737 0.0073 0.2061 0.0016 0.0658 0.0152 0.0021 0.0869 0.2173 0.0212 0.0590 0.0077 0.0097 
0.0986 0.0596 0.1331 0.1864 0.0042 0.0497 0.0094 0.0562 0.0016 0.0034 0.1653 0.0869 0.0896 0.0478 0.0008 0.0075 
0.0468 0.0257 0.0177 0.0153 0.0016 0.3753 0.0005 0.0275 0.0019 0.0024 0.0228 0.2762 0.1610 0.0235 0.0005 0.0013 
0.0687 0.0534 0.0048 0.0086 0.0021 0.0369 0.0014 0.0345 0.0104 0.0014 0.2096 0.0077 0.5175 0.0345 0.0045 0.0040 
0.0567 0.0379 0.0016 0.0144 0.0019 0.0292 0.0024 0.0286 0.0011 0.0001 0.0348 0.3457 0.4079 0.0294 0.0027 0.0058 
0.0534 0.0251 0.0121 0.0021 0.0011 0.0495 0.0029 0.0275 0.0005 0.0001 0.0300 0.0254 0.7377 0.0257 0.0056 0.0016 
0.0554 0.0332 0.0026 0.0022 0.0003 0.0428 0.0016 0.0297 0.0018 0.0001 0.0345 0.0053 0.7589 0.0280 0.0016 0.0022 
0.0572 0.0343 0.0006 0.0022 0.0003 0.0297 0.0038 0.0283 0.0003 0.0001 0.0312 0.0115 0.7673 0.0281 0.0038 0.0014 
0.0549 0.0327 0.0193 0.0002 0.0001 0.0264 0.0024 0.0275 0.0011 0.0001 0.0305 0.0051 0.7628 0.0286 0.0037 0.0050 
0.0562 0.0273 0.0123 0.0014 0.0002 0.0262 0.0032 0.0270 0.0010 0.0001 0.0289 0.0070 0.7620 0.0300 0.0034 0.0141 
0.0556 0.0275 0.0225 0.0003 0.0059 0.0249 0.0102 0.0267 0.0002 0.0001 0.0299 0.0054 0.7470 0.0294 0.0030 0.0117 
0.0746 0.0390 0.0099 0.0040 0.0096 0.0364 0.0281 0.0382 0.0008 0.0001 0.0494 0.0046 0.1525 0.5181 0.0125 0.0224 
0.0299 0.0145 0.1251 0.0107 0.0003 0.0107 0.0054 0.0129 0.0034 0.0005 0.0109 0.0042 0.0874 0.0326 0.6140 0.0375 
0.0479 0.0208 0.1812 0.0228 0.0016 0.0227 0.0010 0.0168 0.0029 0.0530 0.0184 0.0035 0.0361 0.0179 0.0093 0.5442 
0.3012 0.0433 0.0066 0.0110 0.0136 0.3404 0.0037 0.0425 0.0001 0.0048 0.0652 0.0056 0.1111 0.0393 0.0051 0.0067 
0.0737 0.0719 0.0022 0.0337 0.0038 0.0599 0.0030 0.0511 0.0016 0.0001 0.5884 0.0401 0.0329 0.0361 0.0006 0.0008 
0.0415 0.0435 0.0003 0.0406 0.0014 0.0262 0.0021 0.0224 0.0166 0.0003 0.0327 0.7005 0.0519 0.0190 0.0003 0.0006 
0.0522 0.0259 0.0214 0.0176 0.0008 0.0311 0.0032 0.0276 0.0019 0.0005 0.0329 0.0227 0.7310 0.0260 0.0024 0.0027 
0.0518 0.0256 0.0153 0.0034 0.0016 0.0617 0.0024 0.0262 0.0006 0.0003 0.0342 0.0117 0.7343 0.0262 0.0013 0.0035 
0.0545 0.0350 0.0013 0.0016 0.0011 0.0288 0.0006 0.0288 0.0005 0.0008 0.0312 0.0236 0.7589 0.0278 0.0038 0.0018 
0.0545 0.0281 0.0005 0.0021 0.0002 0.0321 0.0037 0.0281 0.0008 0.0001 0.0284 0.0123 0.7661 0.0321 0.0056 0.0056 
0.0551 0.0326 0.0126 0.0005 0.0001 0.0265 0.0045 0.0263 0.0014 0.0001 0.0291 0.0018 0.7562 0.0308 0.0099 0.0129 
0.0486 0.0262 0.0743 0.0002 0.0002 0.0236 0.0048 0.0217 0.0001 0.0001 0.0232 0.0018 0.7254 0.0228 0.0126 0.0149 
0.0476 0.0230 0.0877 0.0010 0.0008 0.0246 0.0142 0.0203 0.0001 0.0001 0.0243 0.0018 0.7094 0.0206 0.0027 0.0222 
0.0476 0.0238 0.0426 0.0101 0.0014 0.0187 0.0013 0.0214 0.0006 0.0001 0.0268 0.0102 0.6943 0.0262 0.0061 0.0690 
0.0463 0.0235 0.0203 0.0059 0.0038 0.0468 0.0157 0.0232 0.0008 0.0008 0.0232 0.0203 0.7261 0.0230 0.0073 0.0131 
0.0538 0.0324 0.0128 0.0059 0.0026 0.0288 0.0021 0.0281 0.0003 0.0019 0.0631 0.0022 0.7167 0.0283 0.0038 0.0171 
0.0567 0.0465 0.0032 0.0299 0.0011 0.0323 0.0019 0.0265 0.0073 0.0003 0.0310 0.0554 0.6748 0.0270 0.0024 0.0037 
0.0549 0.0267 0.0324 0.0203 0.0014 0.0287 0.0016 0.0259 0.0016 0.0001 0.0489 0.0081 0.7128 0.0264 0.0043 0.0059 
0.0516 0.0450 0.0051 0.0160 0.0014 0.0414 0.0032 0.0256 0.0003 0.0001 0.0244 0.0308 0.7253 0.0248 0.0027 0.0026 
0.0481 0.0609 0.0018 0.0803 0.0006 0.0225 0.0026 0.0228 0.0008 0.0001 0.0259 0.0022 0.7044 0.0238 0.0013 0.0022 
0.0443 0.0203 0.0072 0.1350 0.0003 0.0228 0.0013 0.0203 0.0016 0.0001 0.0220 0.0058 0.6889 0.0201 0.0080 0.0021 
0.0457 0.0238 0.0203 0.0883 0.0006 0.0232 0.0035 0.0225 0.0001 0.0001 0.0243 0.0026 0.7143 0.0220 0.0024 0.0067 
0.0414 0.0230 0.0013 0.2167 0.0014 0.0212 0.0027 0.0192 0.0002 0.0001 0.0206 0.0037 0.6216 0.0228 0.0018 0.0027 
0.0633 0.0498 0.0169 0.1144 0.0022 0.0319 0.0006 0.0313 0.0001 0.0001 0.0329 0.0021 0.5973 0.0315 0.0243 0.0016 
0.0513 0.0257 0.0062 0.1741 0.0016 0.0260 0.0069 0.0288 0.0019 0.0006 0.0358 0.0040 0.5735 0.0252 0.0061 0.0323 
0.1115 0.0602 0.0086 0.0278 0.0649 0.0829 0.0411 0.0601 0.0030 0.0001 0.0567 0.0168 0.1670 0.2730 0.0054 0.0209 
0.1016 0.0693 0.0323 0.0232 0.0101 0.0503 0.0142 0.0588 0.0008 0.0005 0.0441 0.0040 0.0840 0.0455 0.4448 0.0166 
0.0720 0.0703 0.1038 0.0013 0.0026 0.1821 0.0024 0.0388 0.0158 0.0572 0.0402 0.0134 0.0549 0.0404 0.0158 0.2890 
0.1617 0.0633 0.0139 0.0042 0.0018 0.1377 0.0038 0.0588 0.0123 0.0064 0.3071 0.0468 0.1099 0.0562 0.0058 0.0102 
0.0430 0.1250 0.0225 0.0233 0.0022 0.0200 0.0016 0.0228 0.0010 0.0032 0.2745 0.3954 0.0259 0.0209 0.0010 0.0177 
0.0598 0.0332 0.0439 0.0244 0.0021 0.1265 0.0059 0.0297 0.0018 0.0003 0.0297 0.5090 0.0981 0.0267 0.0032 0.0056 
0.0398 0.0198 0.0468 0.0064 0.0019 0.0305 0.0022 0.0219 0.0006 0.0010 0.1700 0.0105 0.6204 0.0201 0.0037 0.0043 
0.0374 0.0585 0.0019 0.0161 0.0010 0.0208 0.0016 0.0188 0.0010 0.0001 0.0212 0.3778 0.4174 0.0195 0.0006 0.0064 
0.0451 0.0225 0.0034 0.0102 0.0011 0.1272 0.0013 0.0217 0.0034 0.0006 0.0275 0.0123 0.6970 0.0216 0.0024 0.0027 
0.0511 0.0377 0.0249 0.0014 0.0005 0.0345 0.0013 0.0294 0.0003 0.0001 0.0497 0.0117 0.7202 0.0254 0.0032 0.0088 
0.0596 0.0359 0.0011 0.0155 0.0003 0.0286 0.0088 0.0294 0.0010 0.0001 0.0289 0.0752 0.6735 0.0292 0.0045 0.0086 
0.0736 0.0286 0.0069 0.0042 0.0001 0.0310 0.0013 0.0288 0.0013 0.0001 0.0422 0.0018 0.7332 0.0310 0.0048 0.0117 
0.0583 0.0297 0.0174 0.0013 0.0006 0.0337 0.0024 0.0273 0.0003 0.0001 0.0296 0.0182 0.7453 0.0294 0.0032 0.0034 
0.0575 0.0329 0.0024 0.0021 0.0003 0.0321 0.0021 0.0286 0.0001 0.0001 0.0300 0.0022 0.7720 0.0310 0.0056 0.0014 
0.0553 0.0276 0.0016 0.0016 0.0001 0.0375 0.0030 0.0280 0.0003 0.0001 0.0313 0.0059 0.7716 0.0289 0.0046 0.0029 
0.0562 0.0302 0.0018 0.0006 0.0002 0.0289 0.0018 0.0273 0.0002 0.0001 0.0355 0.0073 0.7731 0.0272 0.0040 0.0059 
0.0557 0.0291 0.0021 0.0024 0.0011 0.0275 0.0032 0.0267 0.0001 0.0001 0.0311 0.0136 0.7706 0.0275 0.0019 0.0077 
0.0574 0.0299 0.0107 0.0018 0.0001 0.0254 0.0030 0.0281 0.0001 0.0001 0.0276 0.0059 0.7677 0.0278 0.0054 0.0096 
0.0527 0.0280 0.0136 0.0010 0.0013 0.0323 0.0153 0.0259 0.0045 0.0001 0.0292 0.0062 0.7488 0.0270 0.0062 0.0081 
0.0593 0.0380 0.0046 0.0048 0.0016 0.0286 0.0008 0.0268 0.0001 0.0001 0.0334 0.0032 0.7295 0.0267 0.0232 0.0195 
0.0548 0.0294 0.0179 0.0013 0.0024 0.0612 0.0153 0.0297 0.0027 0.0014 0.0291 0.0240 0.5612 0.0348 0.0038 0.1310 
0.0545 0.0305 0.0431 0.0006 0.0032 0.0436 0.0332 0.0259 0.0010 0.0002 0.0582 0.0058 0.6477 0.0315 0.0115 0.0096 
0.0510 0.0514 0.0466 0.0053 0.0024 0.0259 0.0057 0.0455 0.0013 0.0010 0.0834 0.1088 0.5276 0.0265 0.0040 0.0137 
0.0826 0.0664 0.0117 0.0093 0.0021 0.0402 0.0244 0.0401 0.0165 0.0003 0.0382 0.0557 0.2072 0.0519 0.0136 0.3399 
0.0596 0.0374 0.1744 0.0249 0.0125 0.0294 0.2571 0.0270 0.0048 0.0005 0.0286 0.0088 0.2167 0.0676 0.0174 0.0334 
0.1338 0.0929 0.1068 0.0468 0.0075 0.1237 0.0396 0.0805 0.0013 0.0018 0.0639 0.0148 0.1044 0.0645 0.0924 0.0252 
0.0973 0.0438 0.0883 0.0645 0.0032 0.0716 0.0016 0.0629 0.0227 0.0802 0.2395 0.0160 0.0949 0.0484 0.0053 0.0599 
0.1262 0.3591 0.0462 0.0427 0.0042 0.0655 0.0014 0.0545 0.0506 0.0016 0.0682 0.0490 0.0280 0.0615 0.0129 0.0284 
0.1054 0.0783 0.2529 0.2021 0.0062 0.0720 0.0137 0.0492 0.0027 0.0010 0.0605 0.0417 0.0331 0.0484 0.0075 0.0252 
0.0623 0.0548 0.5800 0.0740 0.0026 0.0535 0.0163 0.0356 0.0003 0.0002 0.0329 0.0121 0.0129 0.0307 0.0117 0.0201 
0.0716 0.0420 0.0415 0.5581 0.0018 0.0896 0.0085 0.0358 0.0078 0.0002 0.0559 0.0102 0.0292 0.0355 0.0056 0.0067 
0.0803 0.1416 0.0211 0.5141 0.0048 0.0473 0.0030 0.0334 0.0005 0.0021 0.0377 0.0212 0.0535 0.0332 0.0018 0.0045 
0.0468 0.0335 0.0048 0.5327 0.0053 0.0767 0.0032 0.0222 0.0002 0.0003 0.0248 0.0051 0.2192 0.0214 0.0030 0.0008 
0.0938 0.0621 0.0131 0.2984 0.0022 0.1302 0.0094 0.0490 0.0010 0.0029 0.0695 0.0064 0.2096 0.0462 0.0042 0.0022 
0.0813 0.0679 0.0038 0.2835 0.0026 0.0615 0.0024 0.0401 0.0003 0.0002 0.0458 0.0347 0.3327 0.0387 0.0034 0.0013 
0.0778 0.1133 0.0259 0.1657 0.0010 0.0404 0.0032 0.0380 0.0030 0.0001 0.0425 0.0105 0.4335 0.0383 0.0029 0.0042 
0.0711 0.0323 0.0246 0.2278 0.0010 0.0498 0.0048 0.0329 0.0001 0.0001 0.0395 0.0026 0.4708 0.0318 0.0037 0.0073 
0.0905 0.0656 0.1464 0.0426 0.0014 0.0679 0.0021 0.0471 0.0011 0.0001 0.0484 0.0147 0.4216 0.0449 0.0018 0.0038 
0.0674 0.0444 0.0030 0.1021 0.0227 0.0463 0.0057 0.0339 0.0003 0.0010 0.0385 0.0077 0.5863 0.0348 0.0051 0.0008 
0.0665 0.0419 0.0374 0.0471 0.0014 0.0449 0.0006 0.0451 0.0003 0.0001 0.0419 0.0112 0.6124 0.0324 0.0024 0.0145 
0.0621 0.0295 0.0011 0.0145 0.0014 0.1471 0.0034 0.0305 0.0088 0.0011 0.0508 0.0369 0.5740 0.0284 0.0043 0.0059 
0.0863 0.1168 0.0537 0.0093 0.0034 0.0353 0.0011 0.0374 0.0006 0.0001 0.0744 0.0133 0.5134 0.0358 0.0059 0.0136 
0.0578 0.0294 0.0080 0.0066 0.0019 0.1448 0.0042 0.0291 0.0002 0.0013 0.0278 0.0987 0.5554 0.0272 0.0066 0.0013 
0.0550 0.0339 0.0716 0.0019 0.0010 0.0286 0.0006 0.0286 0.0006 0.0001 0.0802 0.0019 0.6521 0.0276 0.0013 0.0150 
0.0479 0.0371 0.0006 0.0118 0.0010 0.0302 0.0030 0.0240 0.0030 0.0005 0.0248 0.2293 0.5564 0.0238 0.0040 0.0026 
0.0572 0.0297 0.0093 0.0059 0.0014 0.0278 0.0027 0.0295 0.0003 0.0001 0.0521 0.0029 0.7135 0.0279 0.0248 0.0152 
0.0609 0.0318 0.0283 0.0099 0.0005 0.0302 0.0088 0.0299 0.0019 0.0001 0.0319 0.0419 0.6743 0.0283 0.0056 0.0161 
0.0717 0.0342 0.0097 0.0192 0.0019 0.0316 0.0016 0.0294 0.0018 0.0005 0.0331 0.0034 0.7184 0.0318 0.0011 0.0107 
0.0733 0.0409 0.0139 0.0102 0.0040 0.0514 0.0091 0.0387 0.0005 0.0002 0.0385 0.0121 0.3777 0.3156 0.0038 0.0101 
0.0840 0.0442 0.0248 0.0254 0.0026 0.0446 0.0081 0.0427 0.0021 0.0001 0.0498 0.0058 0.2283 0.0435 0.3824 0.0118 
0.0866 0.0506 0.0302 0.0377 0.0019 0.0452 0.0141 0.0465 0.0069 0.0018 0.0444 0.0142 0.1544 0.0471 0.0149 0.4036 
0.3153 0.0826 0.0661 0.0819 0.0065 0.0620 0.0195 0.0660 0.0072 0.0006 0.0655 0.0053 0.0465 0.0656 0.0241 0.0853 
0.0556 0.0324 0.5662 0.0784 0.0085 0.0622 0.0248 0.0307 0.0062 0.0008 0.0296 0.0053 0.0249 0.0252 0.0099 0.0393 
0.0682 0.0479 0.2725 0.2339 0.0171 0.1588 0.0102 0.0474 0.0038 0.0016 0.0524 0.0086 0.0371 0.0312 0.0056 0.0037 
0.0599 0.1213 0.0273 0.3747 0.0094 0.1794 0.0026 0.0500 0.0104 0.0006 0.0666 0.0475 0.0125 0.0299 0.0042 0.0038 
0.0655 0.1190 0.0428 0.4892 0.0062 0.0514 0.0038 0.0340 0.0228 0.0018 0.0598 0.0489 0.0120 0.0288 0.0078 0.0061 
0.1030 0.0746 0.0935 0.2388 0.0144 0.2212 0.0040 0.0527 0.0050 0.0013 0.0604 0.0550 0.0104 0.0454 0.0064 0.0141 
0.1107 0.0663 0.1423 0.0673 0.0139 0.2188 0.0083 0.0596 0.0075 0.0024 0.1642 0.0375 0.0171 0.0527 0.0121 0.0192 
0.0984 0.1233 0.1054 0.1543 0.0073 0.0621 0.0062 0.0545 0.0145 0.0021 0.1605 0.1255 0.0184 0.0487 0.0034 0.0155 
0.1219 0.0902 0.0334 0.0625 0.0101 0.2310 0.0080 0.0645 0.0102 0.0030 0.0692 0.1632 0.0457 0.0632 0.0073 0.0166 
0.1137 0.0674 0.1075 0.0500 0.0046 0.0698 0.0083 0.0604 0.0050 0.0018 0.2383 0.0165 0.1445 0.0577 0.0112 0.0434 
0.1121 0.0669 0.0933 0.1215 0.0083 0.0845 0.0109 0.0570 0.0187 0.0014 0.0877 0.1867 0.0688 0.0583 0.0073 0.0165 
0.1219 0.0701 0.0752 0.0725 0.0026 0.0982 0.0045 0.0543 0.0061 0.0011 0.0735 0.0441 0.2323 0.0636 0.0238 0.0562 
0.0874 0.1109 0.2379 0.1371 0.0080 0.0492 0.0110 0.0401 0.0161 0.0014 0.0655 0.0205 0.0866 0.0460 0.0078 0.0745 
0.1059 0.0564 0.1853 0.1292 0.0308 0.1709 0.0088 0.0540 0.0019 0.0013 0.0554 0.0382 0.0949 0.0502 0.0050 0.0120 
0.0962 0.1126 0.0868 0.0682 0.0104 0.2670 0.0230 0.0623 0.0086 0.0018 0.0773 0.0189 0.0858 0.0486 0.0091 0.0235 
0.0575 0.2196 0.0537 0.3576 0.0078 0.0251 0.0286 0.0308 0.0257 0.0008 0.0752 0.0219 0.0444 0.0284 0.0050 0.0179 
0.0843 0.0375 0.1779 0.0482 0.0500 0.1726 0.1800 0.0377 0.0037 0.0129 0.0410 0.0624 0.0410 0.0415 0.0054 0.0037 
0.1075 0.0666 0.0527 0.0396 0.0220 0.0850 0.0313 0.0976 0.0037 0.0137 0.3387 0.0144 0.0296 0.0727 0.0089 0.0160 
0.1003 0.0771 0.0257 0.0987 0.0075 0.0420 0.0217 0.0625 0.0966 0.0933 0.0623 0.0763 0.0294 0.0481 0.1207 0.0377 
0.0984 0.0521 0.0254 0.0260 0.0096 0.1547 0.0232 0.0467 0.0705 0.0137 0.0390 0.0398 0.0417 0.0455 0.0117 0.3021 
0.2240 0.0545 0.0872 0.0061 0.0238 0.1153 0.0195 0.0609 0.0719 0.0158 0.0693 0.0121 0.0359 0.1011 0.0085 0.0941 
