0.1061 0.0518 0.1275 0.2357 0.0016 0.0900 0.0197 0.0489 0.0117 0.0024 0.1150 0.0407 0.0657 0.0478 0.0034 0.0323 
0.0780 0.1487 0.1559 0.2837 0.0013 0.0484 0.0061 0.0393 0.0021 0.0011 0.0700 0.0182 0.0858 0.0371 0.0024 0.0220 
0.0684 0.0364 0.0102 0.0056 0.0107 0.5507 0.0042 0.0345 0.0013 0.0034 0.1089 0.0498 0.0700 0.0355 0.0093 0.0013 
0.0747 0.0677 0.0037 0.0096 0.0024 0.0372 0.0002 0.0415 0.0005 0.0006 0.5679 0.0366 0.1163 0.0359 0.0008 0.0045 
0.0300 0.0279 0.0002 0.0180 0.0005 0.0161 0.0014 0.0158 0.0040 0.0008 0.0168 0.6508 0.1977 0.0156 0.0011 0.0032 
0.0537 0.0260 0.0281 0.0013 0.0008 0.0313 0.0011 0.0254 0.0006 0.0005 0.0369 0.0050 0.7461 0.0276 0.0109 0.0046 
0.0490 0.0387 0.0045 0.0016 0.0005 0.0260 0.0019 0.0254 0.0003 0.0001 0.0257 0.0597 0.7333 0.0248 0.0030 0.0057 
0.0565 0.0276 0.0002 0.0091 0.0011 0.0283 0.0027 0.0275 0.0011 0.0001 0.0324 0.0046 0.7712 0.0304 0.0022 0.0051 
0.0562 0.0275 0.0034 0.0006 0.0008 0.0478 0.0016 0.0291 0.0001 0.0001 0.0275 0.0128 0.7574 0.0294 0.0040 0.0022 
0.0556 0.0305 0.0014 0.0006 0.0010 0.0315 0.0035 0.0278 0.0002 0.0001 0.0452 0.0029 0.7646 0.0281 0.0046 0.0027 
0.0545 0.0287 0.0026 0.0003 0.0002 0.0292 0.0032 0.0281 0.0006 0.0002 0.0315 0.0278 0.7553 0.0262 0.0038 0.0078 
0.0556 0.0283 0.0102 0.0005 0.0002 0.0254 0.0032 0.0257 0.0029 0.0001 0.0324 0.0075 0.7571 0.0302 0.0016 0.0195 
0.0582 0.0265 0.0184 0.0010 0.0002 0.0270 0.0027 0.0275 0.0002 0.0002 0.0283 0.0102 0.7646 0.0281 0.0050 0.0021 
0.0538 0.0305 0.0259 0.0006 0.0010 0.0294 0.0014 0.0264 0.0001 0.0001 0.0356 0.0026 0.7543 0.0280 0.0050 0.0058 
0.0567 0.0275 0.0014 0.0083 0.0011 0.0359 0.0024 0.0289 0.0002 0.0001 0.0294 0.0200 0.7477 0.0278 0.0043 0.0083 
0.0613 0.0310 0.0050 0.0022 0.0011 0.0272 0.0014 0.0283 0.0008 0.0001 0.0324 0.0053 0.7513 0.0286 0.0016 0.0227 
0.0548 0.0273 0.0142 0.0022 0.0010 0.0320 0.0050 0.0288 0.0019 0.0026 0.0320 0.0099 0.7539 0.0270 0.0034 0.0042 
0.0561 0.0374 0.0129 0.0013 0.0048 0.0280 0.0010 0.0278 0.0021 0.0001 0.0359 0.0040 0.7454 0.0315 0.0018 0.0104 
0.0792 0.0417 0.0069 0.0096 0.0035 0.0460 0.0171 0.0404 0.0030 0.0001 0.0391 0.0396 0.0313 0.6288 0.0029 0.0109 
0.0465 0.0249 0.0217 0.0091 0.0032 0.0232 0.0096 0.0244 0.0010 0.0002 0.0321 0.0037 0.0463 0.0254 0.7228 0.0059 
0.0420 0.0276 0.0545 0.0347 0.0006 0.0187 0.0043 0.0241 0.0035 0.0022 0.0184 0.0102 0.0585 0.0190 0.0050 0.6767 
0.4555 0.0529 0.0815 0.0203 0.0045 0.0966 0.0163 0.0549 0.0107 0.0024 0.0589 0.0021 0.0739 0.0577 0.0035 0.0083 
0.0642 0.2996 0.3525 0.0308 0.0026 0.0347 0.0029 0.0337 0.0022 0.0005 0.0839 0.0149 0.0288 0.0320 0.0067 0.0102 
0.0709 0.0463 0.0205 0.5598 0.0040 0.0513 0.0205 0.0401 0.0010 0.0002 0.0417 0.0401 0.0500 0.0368 0.0051 0.0118 
0.0920 0.0759 0.3629 0.1966 0.0016 0.0578 0.0056 0.0420 0.0021 0.0001 0.0444 0.0057 0.0599 0.0410 0.0057 0.0069 
0.0786 0.0414 0.0054 0.0505 0.0046 0.5988 0.0016 0.0380 0.0010 0.0081 0.0503 0.0085 0.0663 0.0375 0.0051 0.0042 
0.0876 0.0535 0.0072 0.0300 0.0058 0.0483 0.0005 0.0446 0.0003 0.0008 0.5812 0.0192 0.0698 0.0430 0.0008 0.0075 
0.0358 0.0190 0.0022 0.0589 0.0002 0.0176 0.0016 0.0174 0.0008 0.0001 0.0230 0.6340 0.1691 0.0179 0.0022 0.0003 
0.0559 0.0289 0.0075 0.0187 0.0013 0.0289 0.0022 0.0276 0.0010 0.0001 0.0315 0.0118 0.7513 0.0275 0.0040 0.0021 
0.0586 0.0308 0.0005 0.0190 0.0013 0.0299 0.0024 0.0304 0.0001 0.0001 0.0299 0.0048 0.7575 0.0291 0.0024 0.0038 
0.0585 0.0299 0.0019 0.0040 0.0002 0.0391 0.0019 0.0302 0.0005 0.0001 0.0300 0.0048 0.7630 0.0302 0.0030 0.0030 
0.0578 0.0321 0.0147 0.0032 0.0006 0.0263 0.0005 0.0273 0.0008 0.0001 0.0358 0.0032 0.7591 0.0281 0.0042 0.0065 
0.0613 0.0300 0.0129 0.0045 0.0003 0.0334 0.0011 0.0321 0.0011 0.0001 0.0331 0.0081 0.7438 0.0305 0.0061 0.0018 
0.0546 0.0485 0.0091 0.0038 0.0011 0.0310 0.0037 0.0275 0.0011 0.0001 0.0267 0.0026 0.7140 0.0426 0.0053 0.0286 
0.0672 0.0486 0.0075 0.0142 0.0077 0.0331 0.0157 0.0275 0.0003 0.0001 0.0291 0.0027 0.6339 0.0284 0.0289 0.0554 
0.0582 0.0888 0.0737 0.0045 0.0037 0.0369 0.0212 0.0313 0.0002 0.0005 0.0334 0.0035 0.3071 0.1157 0.0102 0.2112 
0.1099 0.0487 0.0383 0.0032 0.0018 0.1569 0.0073 0.0535 0.0024 0.0024 0.0783 0.0128 0.3219 0.0495 0.1053 0.0078 
0.0735 0.0820 0.0176 0.0085 0.0064 0.0380 0.0053 0.0374 0.0019 0.0117 0.4395 0.0722 0.1471 0.0395 0.0006 0.0189 
0.0958 0.0586 0.0002 0.0510 0.0013 0.0557 0.0024 0.0329 0.0006 0.0003 0.0458 0.5109 0.1009 0.0374 0.0050 0.0011 
0.0519 0.0260 0.0335 0.0029 0.0011 0.0353 0.0013 0.0276 0.0046 0.0078 0.0599 0.0139 0.6901 0.0289 0.0091 0.0059 
0.0495 0.0339 0.0035 0.0011 0.0010 0.0270 0.0014 0.0249 0.0005 0.0001 0.0278 0.0704 0.7270 0.0244 0.0022 0.0054 
0.0572 0.0288 0.0002 0.0174 0.0029 0.0272 0.0014 0.0273 0.0008 0.0001 0.0332 0.0064 0.7653 0.0268 0.0037 0.0016 
0.0535 0.0275 0.0096 0.0008 0.0003 0.0378 0.0018 0.0297 0.0003 0.0001 0.0291 0.0169 0.7573 0.0311 0.0026 0.0019 
0.0524 0.0457 0.0043 0.0005 0.0027 0.0270 0.0134 0.0254 0.0008 0.0001 0.0288 0.0040 0.7584 0.0270 0.0045 0.0053 
0.0582 0.0324 0.0043 0.0061 0.0005 0.0256 0.0016 0.0318 0.0001 0.0001 0.0336 0.0051 0.7540 0.0267 0.0062 0.0144 
0.0629 0.0305 0.0308 0.0016 0.0113 0.0342 0.0201 0.0320 0.0201 0.0003 0.0321 0.0099 0.0880 0.5796 0.0117 0.0347 
0.0412 0.0227 0.0435 0.0018 0.0022 0.0181 0.0153 0.0236 0.0003 0.0001 0.0217 0.0061 0.0559 0.0224 0.7142 0.0112 
0.0479 0.0318 0.0241 0.0105 0.0005 0.0214 0.0053 0.0222 0.0064 0.0101 0.0225 0.0019 0.0625 0.0217 0.0070 0.7041 
0.4645 0.0508 0.0935 0.0580 0.0021 0.0487 0.0006 0.0467 0.0035 0.0137 0.0583 0.0083 0.0792 0.0495 0.0045 0.0181 
0.0831 0.0427 0.0177 0.0065 0.0078 0.6206 0.0042 0.0422 0.0003 0.0021 0.0435 0.0272 0.0562 0.0393 0.0058 0.0010 
0.0749 0.0417 0.0005 0.0268 0.0070 0.0527 0.0003 0.0503 0.0010 0.0001 0.6223 0.0077 0.0719 0.0383 0.0011 0.0034 
0.0470 0.0374 0.0013 0.0050 0.0019 0.0230 0.0016 0.0246 0.0061 0.0008 0.0303 0.7347 0.0604 0.0224 0.0026 0.0011 
0.0505 0.0259 0.0035 0.0050 0.0014 0.0275 0.0032 0.0262 0.0043 0.0003 0.0286 0.0324 0.7512 0.0289 0.0024 0.0088 
0.0524 0.0291 0.0249 0.0014 0.0014 0.0300 0.0029 0.0264 0.0001 0.0001 0.0254 0.0067 0.7618 0.0272 0.0043 0.0062 
0.0543 0.0275 0.0054 0.0014 0.0011 0.0312 0.0027 0.0281 0.0001 0.0001 0.0323 0.0018 0.7727 0.0291 0.0048 0.0077 
0.0570 0.0280 0.0010 0.0037 0.0003 0.0264 0.0008 0.0275 0.0022 0.0001 0.0299 0.0137 0.7741 0.0283 0.0029 0.0043 
0.0585 0.0267 0.0029 0.0024 0.0006 0.0278 0.0010 0.0273 0.0019 0.0001 0.0294 0.0096 0.7715 0.0284 0.0043 0.0077 
0.0554 0.0278 0.0050 0.0006 0.0008 0.0398 0.0035 0.0268 0.0001 0.0001 0.0324 0.0057 0.7678 0.0286 0.0024 0.0037 
0.0537 0.0431 0.0030 0.0010 0.0005 0.0251 0.0011 0.0268 0.0002 0.0001 0.0291 0.0123 0.7690 0.0294 0.0035 0.0024 
0.0554 0.0270 0.0019 0.0046 0.0005 0.0264 0.0030 0.0278 0.0014 0.0001 0.0287 0.0067 0.7702 0.0284 0.0070 0.0110 
0.0484 0.0251 0.0198 0.0019 0.0010 0.0246 0.0094 0.0257 0.0011 0.0001 0.0267 0.0046 0.7412 0.0289 0.0078 0.0339 
0.0535 0.0244 0.0497 0.0088 0.0013 0.0251 0.0147 0.0240 0.0005 0.0001 0.0251 0.0062 0.7195 0.0236 0.0105 0.0131 
0.0463 0.0348 0.0409 0.0019 0.0099 0.0465 0.0131 0.0222 0.0010 0.0003 0.0240 0.0050 0.6244 0.1018 0.0035 0.0244 
0.0640 0.0548 0.0094 0.0147 0.0008 0.0372 0.0016 0.0364 0.0019 0.0001 0.0463 0.0081 0.5247 0.0331 0.1382 0.0287 
0.0575 0.0486 0.1230 0.0324 0.0019 0.0308 0.0240 0.0304 0.0304 0.0021 0.0308 0.0195 0.2853 0.0305 0.0104 0.2424 
0.1474 0.0481 0.3028 0.0569 0.0073 0.0618 0.0414 0.0369 0.0011 0.0003 0.0379 0.0086 0.1933 0.0398 0.0053 0.0112 
0.0954 0.0893 0.2661 0.0797 0.0131 0.0863 0.0035 0.0572 0.0026 0.0046 0.0698 0.0179 0.1478 0.0474 0.0081 0.0112 
0.0646 0.0762 0.0136 0.5352 0.0064 0.0422 0.0042 0.0420 0.0118 0.0006 0.0398 0.0284 0.0631 0.0316 0.0105 0.0297 
0.0661 0.0415 0.1554 0.4507 0.0133 0.0597 0.0112 0.0351 0.0073 0.0011 0.0447 0.0254 0.0361 0.0369 0.0067 0.0086 
0.1016 0.0831 0.1465 0.1565 0.1038 0.1260 0.0110 0.0500 0.0051 0.0032 0.0546 0.0240 0.0567 0.0482 0.0217 0.0078 
0.1074 0.1331 0.0332 0.1948 0.0176 0.1232 0.0045 0.1048 0.0118 0.0078 0.0737 0.0200 0.0762 0.0543 0.0158 0.0219 
0.1265 0.1176 0.0172 0.0744 0.0313 0.1594 0.0121 0.0642 0.0821 0.0410 0.0821 0.0401 0.0564 0.0680 0.0078 0.0196 
0.1739 0.0918 0.0503 0.0502 0.0220 0.0909 0.0308 0.0831 0.0120 0.0101 0.1123 0.0511 0.1251 0.0674 0.0101 0.0190 
0.1485 0.0790 0.0699 0.0517 0.0070 0.1003 0.0150 0.0918 0.0294 0.0188 0.0829 0.0586 0.0974 0.0981 0.0141 0.0374 
0.1416 0.1167 0.0954 0.0535 0.0158 0.0960 0.0105 0.0703 0.0556 0.0131 0.0765 0.0254 0.0737 0.0725 0.0409 0.0423 
0.0938 0.1877 0.2335 0.1324 0.0061 0.0597 0.0042 0.0490 0.0129 0.0027 0.0537 0.0176 0.0580 0.0484 0.0043 0.0361 
0.0823 0.0403 0.4332 0.1860 0.0061 0.0684 0.0061 0.0345 0.0078 0.0064 0.0374 0.0102 0.0243 0.0348 0.0101 0.0121 
0.0455 0.0276 0.3003 0.4203 0.0075 0.0342 0.0038 0.0219 0.0038 0.0003 0.0471 0.0070 0.0427 0.0198 0.0058 0.0123 
0.0553 0.0315 0.0240 0.6454 0.0029 0.0526 0.0014 0.0286 0.0021 0.0011 0.0304 0.0531 0.0399 0.0244 0.0043 0.0030 
0.0476 0.0359 0.0211 0.6696 0.0038 0.0230 0.0027 0.0246 0.0042 0.0011 0.0455 0.0037 0.0802 0.0241 0.0021 0.0109 
0.0622 0.0318 0.0077 0.0738 0.0853 0.4728 0.0091 0.0316 0.0010 0.0021 0.0316 0.0574 0.0944 0.0310 0.0073 0.0010 
0.0786 0.0840 0.0038 0.0591 0.0174 0.0417 0.0010 0.0658 0.0008 0.0013 0.4080 0.0045 0.1871 0.0380 0.0013 0.0077 
0.0411 0.0299 0.0005 0.0257 0.0018 0.0804 0.0006 0.0284 0.0264 0.0166 0.0213 0.5716 0.1314 0.0203 0.0019 0.0022 
0.0506 0.0246 0.0120 0.0014 0.0021 0.0296 0.0018 0.0251 0.0050 0.0005 0.1176 0.0065 0.6716 0.0244 0.0248 0.0026 
0.0315 0.0540 0.0026 0.0018 0.0010 0.0150 0.0011 0.0165 0.0016 0.0001 0.0177 0.2035 0.6284 0.0150 0.0018 0.0088 
0.0615 0.0272 0.0019 0.0064 0.0010 0.0321 0.0040 0.0275 0.0010 0.0001 0.0284 0.0040 0.7725 0.0281 0.0010 0.0035 
0.0535 0.0270 0.0120 0.0001 0.0002 0.0443 0.0011 0.0286 0.0001 0.0001 0.0289 0.0062 0.7634 0.0300 0.0027 0.0022 
0.0538 0.0347 0.0003 0.0002 0.0010 0.0414 0.0010 0.0268 0.0003 0.0001 0.0308 0.0081 0.7671 0.0268 0.0053 0.0024 
0.0562 0.0305 0.0032 0.0006 0.0002 0.0254 0.0013 0.0275 0.0003 0.0001 0.0396 0.0083 0.7650 0.0275 0.0049 0.0097 
0.0548 0.0257 0.0252 0.0010 0.0002 0.0252 0.0022 0.0252 0.0026 0.0001 0.0275 0.0104 0.7567 0.0287 0.0014 0.0133 
0.0564 0.0268 0.0291 0.0010 0.0003 0.0284 0.0006 0.0265 0.0001 0.0001 0.0267 0.0037 0.7636 0.0308 0.0037 0.0024 
0.0554 0.0292 0.0034 0.0029 0.0008 0.0316 0.0008 0.0283 0.0001 0.0001 0.0380 0.0030 0.7697 0.0292 0.0064 0.0016 
0.0525 0.0273 0.0002 0.0195 0.0003 0.0257 0.0022 0.0262 0.0006 0.0001 0.0294 0.0188 0.7567 0.0265 0.0027 0.0113 
0.0623 0.0267 0.0026 0.0201 0.0005 0.0249 0.0030 0.0264 0.0005 0.0001 0.0305 0.0086 0.7550 0.0267 0.0019 0.0105 
0.0550 0.0275 0.0188 0.0054 0.0016 0.0296 0.0093 0.0276 0.0001 0.0001 0.0305 0.0046 0.7588 0.0278 0.0022 0.0013 
0.0556 0.0289 0.0032 0.0123 0.0019 0.0264 0.0006 0.0294 0.0016 0.0001 0.0350 0.0038 0.7607 0.0288 0.0046 0.0073 
0.0856 0.0422 0.0021 0.0216 0.0072 0.0477 0.0133 0.0423 0.0078 0.0005 0.0422 0.0263 0.0505 0.5893 0.0021 0.0195 
0.0487 0.0286 0.0168 0.0077 0.0026 0.0256 0.0059 0.0272 0.0008 0.0001 0.0280 0.0040 0.0524 0.0248 0.7214 0.0058 
0.0441 0.0636 0.0238 0.0300 0.0019 0.0281 0.0073 0.0227 0.0081 0.0073 0.0227 0.0045 0.0417 0.0291 0.0024 0.6626 
0.4834 0.0663 0.0414 0.0182 0.0038 0.0927 0.0073 0.0623 0.0059 0.0011 0.0658 0.0059 0.0490 0.0663 0.0241 0.0064 
0.0831 0.2115 0.3043 0.0414 0.0053 0.0668 0.0056 0.0471 0.0048 0.0008 0.0941 0.0238 0.0228 0.0414 0.0059 0.0414 
0.0668 0.0717 0.0409 0.5702 0.0043 0.0372 0.0169 0.0404 0.0034 0.0001 0.0436 0.0345 0.0121 0.0418 0.0043 0.0118 
0.0308 0.0149 0.4902 0.3395 0.0024 0.0334 0.0113 0.0128 0.0019 0.0005 0.0093 0.0115 0.0120 0.0113 0.0155 0.0027 
0.0728 0.0558 0.0188 0.0542 0.0214 0.6046 0.0010 0.0363 0.0016 0.0065 0.0399 0.0037 0.0243 0.0347 0.0046 0.0198 
0.0754 0.0401 0.0014 0.0601 0.0128 0.0752 0.0008 0.0422 0.0016 0.0102 0.5982 0.0153 0.0249 0.0355 0.0024 0.0038 
0.0383 0.0351 0.0034 0.0257 0.0014 0.0206 0.0013 0.0203 0.0026 0.0048 0.0380 0.6856 0.1000 0.0205 0.0011 0.0013 
0.0495 0.0356 0.0208 0.0363 0.0014 0.0241 0.0032 0.0238 0.0029 0.0001 0.0244 0.0454 0.7003 0.0236 0.0061 0.0027 
0.0564 0.0294 0.0596 0.0220 0.0006 0.0265 0.0022 0.0284 0.0001 0.0001 0.0311 0.0008 0.7076 0.0284 0.0014 0.0056 
0.0636 0.0315 0.0308 0.0412 0.0008 0.0495 0.0011 0.0310 0.0003 0.0001 0.0308 0.0078 0.6756 0.0312 0.0035 0.0014 
0.0596 0.0359 0.0069 0.0776 0.0010 0.0278 0.0003 0.0281 0.0002 0.0001 0.0347 0.0019 0.6927 0.0284 0.0011 0.0040 
0.0647 0.0319 0.0034 0.1366 0.0016 0.0377 0.0010 0.0339 0.0006 0.0014 0.0342 0.0072 0.6069 0.0347 0.0037 0.0006 
0.0717 0.0899 0.0129 0.0589 0.0040 0.0363 0.0026 0.0371 0.0008 0.0001 0.0366 0.0032 0.5775 0.0444 0.0080 0.0163 
0.0586 0.0315 0.0152 0.2607 0.0029 0.0335 0.0064 0.0286 0.0005 0.0001 0.0311 0.0021 0.4664 0.0286 0.0080 0.0262 
0.1086 0.0594 0.0206 0.0335 0.0120 0.1760 0.0057 0.0529 0.0027 0.0008 0.0634 0.0081 0.2821 0.0920 0.0057 0.0763 
0.1460 0.0858 0.0211 0.0032 0.0163 0.1369 0.0665 0.0709 0.0029 0.0016 0.1631 0.0310 0.1133 0.0872 0.0369 0.0174 
0.1266 0.0781 0.0554 0.0232 0.0032 0.0646 0.0254 0.0692 0.0014 0.0101 0.2584 0.0364 0.0980 0.0743 0.0363 0.0395 
0.1551 0.1636 0.0837 0.0508 0.0013 0.0850 0.0035 0.0698 0.0117 0.0069 0.0760 0.0454 0.0492 0.0770 0.0559 0.0653 
0.1462 0.0610 0.0858 0.0369 0.0024 0.1217 0.0026 0.0633 0.0035 0.0174 0.0912 0.0184 0.2438 0.0596 0.0198 0.0264 
0.1071 0.0956 0.0368 0.0626 0.0018 0.0674 0.0019 0.0540 0.0014 0.0001 0.3001 0.0447 0.1635 0.0539 0.0005 0.0088 
0.0837 0.0425 0.0037 0.1573 0.0018 0.0617 0.0016 0.0415 0.0002 0.0030 0.0551 0.2864 0.2173 0.0420 0.0018 0.0005 
0.0594 0.0313 0.0342 0.0510 0.0032 0.0371 0.0008 0.0304 0.0006 0.0001 0.0422 0.0150 0.6607 0.0299 0.0027 0.0018 
0.0479 0.0243 0.0006 0.0839 0.0029 0.0283 0.0026 0.0256 0.0003 0.0001 0.0278 0.0149 0.7104 0.0233 0.0050 0.0026 
0.0557 0.0315 0.0038 0.0073 0.0006 0.0462 0.0011 0.0305 0.0008 0.0001 0.0299 0.0054 0.7518 0.0284 0.0030 0.0040 
0.0535 0.0529 0.0022 0.0073 0.0011 0.0347 0.0048 0.0265 0.0014 0.0001 0.0294 0.0027 0.7482 0.0267 0.0030 0.0056 
0.0553 0.0470 0.0109 0.0016 0.0018 0.0302 0.0038 0.0270 0.0006 0.0001 0.0313 0.0056 0.7299 0.0308 0.0038 0.0204 
0.0731 0.0370 0.0343 0.0034 0.0064 0.0377 0.0166 0.0383 0.0112 0.0001 0.0549 0.0133 0.0153 0.6297 0.0149 0.0139 
0.0447 0.0308 0.0502 0.0038 0.0014 0.0208 0.0032 0.0241 0.0005 0.0001 0.0227 0.0157 0.0065 0.0212 0.7331 0.0214 
0.0556 0.0492 0.0450 0.0160 0.0005 0.0204 0.0059 0.0224 0.0157 0.0059 0.0214 0.0008 0.0070 0.0209 0.0037 0.7096 
0.5540 0.0623 0.0387 0.0292 0.0030 0.0789 0.0024 0.0631 0.0014 0.0003 0.0748 0.0021 0.0228 0.0626 0.0016 0.0027 
0.0807 0.2484 0.0888 0.0024 0.0121 0.3964 0.0013 0.0422 0.0019 0.0003 0.0476 0.0228 0.0115 0.0396 0.0022 0.0016 
0.0634 0.0326 0.0013 0.1952 0.0045 0.0505 0.0001 0.0431 0.0021 0.0003 0.5420 0.0101 0.0112 0.0319 0.0053 0.0067 
0.0482 0.0327 0.0315 0.0032 0.0027 0.0319 0.0008 0.0246 0.0109 0.0002 0.0337 0.7122 0.0396 0.0241 0.0014 0.0022 
0.0596 0.0495 0.0008 0.0262 0.0040 0.0300 0.0042 0.0260 0.0034 0.0001 0.0310 0.0134 0.7128 0.0257 0.0040 0.0094 
0.0494 0.0252 0.0433 0.0021 0.0008 0.0709 0.0021 0.0257 0.0006 0.0001 0.0275 0.0085 0.7019 0.0281 0.0026 0.0115 
0.0427 0.1307 0.0498 0.0010 0.0006 0.0251 0.0062 0.0209 0.0010 0.0001 0.0212 0.0097 0.6591 0.0209 0.0054 0.0058 
0.0556 0.0388 0.0056 0.0281 0.0010 0.0256 0.0043 0.0275 0.0021 0.0001 0.0297 0.0021 0.7276 0.0267 0.0112 0.0144 
0.0410 0.0254 0.1457 0.0105 0.0005 0.0235 0.0217 0.0212 0.0013 0.0001 0.0243 0.0037 0.6280 0.0201 0.0030 0.0302 
0.0534 0.0302 0.1463 0.0688 0.0072 0.0236 0.0393 0.0233 0.0006 0.0001 0.0289 0.0096 0.5273 0.0307 0.0034 0.0073 
0.0810 0.0474 0.0735 0.0779 0.1204 0.0431 0.0938 0.0423 0.0001 0.0006 0.0420 0.0067 0.0930 0.2279 0.0324 0.0179 
0.0393 0.0375 0.0550 0.2580 0.0021 0.0128 0.0085 0.1138 0.0035 0.0022 0.0166 0.0053 0.0411 0.0179 0.2194 0.1671 
0.0665 0.0334 0.0542 0.0869 0.0139 0.0804 0.0104 0.0334 0.1473 0.0740 0.0299 0.0236 0.0323 0.0409 0.0018 0.2714 
0.2764 0.1211 0.0153 0.0177 0.0543 0.2267 0.0073 0.0572 0.0414 0.0014 0.0550 0.0128 0.0374 0.0639 0.0061 0.0061 
