0.0647 0.0403 0.1110 0.4089 0.0051 0.0760 0.0246 0.0375 0.0454 0.0038 0.0655 0.0219 0.0361 0.0367 0.0027 0.0196 
0.0615 0.1490 0.2435 0.0969 0.0061 0.2461 0.0034 0.0356 0.0032 0.0030 0.0489 0.0109 0.0385 0.0313 0.0029 0.0193 
0.0808 0.1019 0.0259 0.3592 0.0080 0.0904 0.0053 0.0403 0.0081 0.0038 0.1694 0.0201 0.0331 0.0395 0.0027 0.0115 
0.0439 0.1432 0.0624 0.4941 0.0075 0.0276 0.0038 0.0228 0.0089 0.0030 0.0394 0.1094 0.0078 0.0219 0.0008 0.0032 
0.0913 0.0430 0.0158 0.2332 0.0129 0.2961 0.0054 0.0508 0.0019 0.0050 0.0519 0.0933 0.0500 0.0426 0.0043 0.0026 
0.0787 0.0583 0.0200 0.1308 0.0065 0.0489 0.0027 0.0455 0.0128 0.0022 0.4412 0.0161 0.0762 0.0390 0.0053 0.0158 
0.0578 0.0626 0.0040 0.1403 0.0032 0.0879 0.0066 0.0280 0.0270 0.0014 0.0292 0.4993 0.0189 0.0251 0.0040 0.0048 
0.0786 0.0655 0.0209 0.0190 0.0064 0.1021 0.0051 0.0401 0.0021 0.0013 0.0815 0.0104 0.5093 0.0387 0.0061 0.0131 
0.0598 0.0332 0.0078 0.0208 0.0059 0.0714 0.0053 0.0430 0.0008 0.0013 0.0743 0.0954 0.5427 0.0305 0.0054 0.0024 
0.0613 0.0396 0.0064 0.0109 0.0006 0.0313 0.0034 0.0327 0.0080 0.0001 0.0575 0.1284 0.5820 0.0295 0.0034 0.0050 
0.0645 0.0326 0.0091 0.0182 0.0005 0.0294 0.0046 0.0286 0.0075 0.0011 0.0342 0.0228 0.6966 0.0291 0.0078 0.0133 
0.0527 0.0264 0.0632 0.0042 0.0035 0.0364 0.0024 0.0248 0.0006 0.0006 0.0264 0.0059 0.7210 0.0249 0.0026 0.0045 
0.0545 0.0423 0.0105 0.0219 0.0006 0.0294 0.0022 0.0305 0.0001 0.0002 0.0409 0.0085 0.7209 0.0280 0.0042 0.0054 
0.0515 0.0262 0.0005 0.0192 0.0016 0.0510 0.0042 0.0257 0.0018 0.0001 0.0391 0.0216 0.7245 0.0270 0.0040 0.0024 
0.0551 0.0331 0.0035 0.0037 0.0021 0.0287 0.0021 0.0284 0.0005 0.0001 0.0367 0.0208 0.7470 0.0265 0.0094 0.0026 
0.0542 0.0286 0.0008 0.0145 0.0008 0.0308 0.0048 0.0321 0.0021 0.0001 0.0280 0.0067 0.7573 0.0262 0.0030 0.0102 
0.0524 0.0292 0.0184 0.0011 0.0005 0.0382 0.0054 0.0264 0.0074 0.0002 0.0297 0.0045 0.7410 0.0307 0.0064 0.0086 
0.0494 0.0473 0.0240 0.0075 0.0008 0.0228 0.0147 0.0249 0.0002 0.0001 0.0353 0.0053 0.7150 0.0240 0.0107 0.0184 
0.0540 0.0296 0.0399 0.0030 0.0120 0.0361 0.0189 0.0243 0.0010 0.0001 0.0273 0.0225 0.6453 0.0526 0.0097 0.0238 
0.0770 0.0455 0.0422 0.0053 0.0449 0.0414 0.0065 0.0435 0.0011 0.0003 0.0668 0.0080 0.1695 0.3532 0.0688 0.0260 
0.0620 0.0390 0.0307 0.0054 0.0045 0.0374 0.0075 0.0856 0.0038 0.0022 0.0379 0.0188 0.1378 0.0308 0.4280 0.0685 
0.0604 0.0622 0.0195 0.0137 0.0042 0.0272 0.0059 0.0232 0.0906 0.0102 0.0403 0.0094 0.0518 0.0235 0.0037 0.5544 
0.4092 0.0591 0.0800 0.0246 0.0048 0.0735 0.0093 0.0519 0.0048 0.0026 0.0606 0.0987 0.0347 0.0490 0.0134 0.0238 
0.1199 0.0725 0.0936 0.0236 0.0054 0.2914 0.0128 0.0605 0.0035 0.0021 0.1324 0.0418 0.0703 0.0584 0.0019 0.0097 
0.1053 0.0564 0.0077 0.0406 0.0058 0.0661 0.0034 0.0559 0.0030 0.0010 0.4596 0.0647 0.0711 0.0558 0.0019 0.0019 
0.0645 0.0401 0.0133 0.0220 0.0032 0.0377 0.0045 0.0331 0.0072 0.0010 0.0529 0.5122 0.1693 0.0313 0.0043 0.0035 
0.0482 0.0244 0.0222 0.0460 0.0014 0.0257 0.0018 0.0270 0.0059 0.0008 0.0268 0.0265 0.6855 0.0236 0.0029 0.0311 
0.0529 0.0252 0.0093 0.0057 0.0019 0.0559 0.0053 0.0270 0.0035 0.0022 0.0297 0.0081 0.7389 0.0265 0.0032 0.0046 
0.0503 0.0328 0.0064 0.0037 0.0013 0.0281 0.0019 0.0272 0.0002 0.0001 0.0687 0.0120 0.7373 0.0256 0.0021 0.0027 
0.0375 0.0185 0.0008 0.0193 0.0010 0.0214 0.0014 0.0185 0.0016 0.0001 0.0228 0.1571 0.6790 0.0176 0.0021 0.0014 
0.0551 0.0276 0.0062 0.0035 0.0011 0.0268 0.0010 0.0287 0.0003 0.0001 0.0323 0.0086 0.7700 0.0297 0.0024 0.0067 
0.0540 0.0272 0.0010 0.0042 0.0024 0.0385 0.0035 0.0272 0.0001 0.0001 0.0281 0.0102 0.7681 0.0267 0.0051 0.0040 
0.0540 0.0444 0.0019 0.0010 0.0018 0.0267 0.0003 0.0273 0.0014 0.0001 0.0310 0.0032 0.7696 0.0284 0.0013 0.0077 
0.0550 0.0265 0.0030 0.0040 0.0005 0.0261 0.0045 0.0275 0.0011 0.0002 0.0265 0.0192 0.7619 0.0318 0.0038 0.0085 
0.0514 0.0272 0.0203 0.0006 0.0008 0.0280 0.0083 0.0256 0.0005 0.0001 0.0280 0.0048 0.7601 0.0270 0.0109 0.0069 
0.0534 0.0280 0.0029 0.0038 0.0010 0.0276 0.0056 0.0273 0.0002 0.0001 0.0374 0.0088 0.7674 0.0259 0.0062 0.0048 
0.0540 0.0267 0.0018 0.0026 0.0005 0.0278 0.0018 0.0286 0.0018 0.0001 0.0275 0.0157 0.7629 0.0273 0.0035 0.0179 
0.0581 0.0265 0.0086 0.0054 0.0003 0.0256 0.0048 0.0265 0.0058 0.0001 0.0288 0.0054 0.7596 0.0276 0.0067 0.0102 
0.0497 0.0244 0.0447 0.0018 0.0005 0.0321 0.0054 0.0238 0.0008 0.0001 0.0348 0.0037 0.7379 0.0241 0.0066 0.0096 
0.0399 0.0377 0.0792 0.0057 0.0013 0.0180 0.0035 0.0206 0.0011 0.0001 0.0271 0.0220 0.7020 0.0208 0.0070 0.0141 
0.0356 0.0216 0.0058 0.1061 0.0034 0.0160 0.0136 0.0182 0.0022 0.0001 0.0168 0.0139 0.6189 0.0732 0.0115 0.0435 
0.0842 0.0412 0.1535 0.0216 0.0173 0.0604 0.0292 0.0433 0.0014 0.0001 0.0423 0.0051 0.4146 0.0494 0.0246 0.0118 
0.0896 0.0574 0.0465 0.0121 0.0181 0.0800 0.1008 0.0538 0.0064 0.0024 0.0938 0.0077 0.3526 0.0500 0.0058 0.0230 
0.1880 0.0899 0.0363 0.0216 0.0021 0.1008 0.0128 0.0952 0.0220 0.0166 0.1185 0.0561 0.1155 0.0867 0.0214 0.0165 
0.1415 0.0807 0.1045 0.0217 0.0016 0.1035 0.0085 0.0695 0.0374 0.0171 0.0764 0.0369 0.1067 0.0684 0.0319 0.0938 
0.1219 0.3758 0.1380 0.0273 0.0042 0.0583 0.0136 0.0495 0.0056 0.0008 0.0533 0.0089 0.0297 0.0529 0.0117 0.0486 
0.1251 0.0652 0.3019 0.1251 0.0102 0.1042 0.0077 0.0570 0.0021 0.0019 0.0649 0.0107 0.0343 0.0551 0.0179 0.0168 
0.0644 0.0615 0.3878 0.2472 0.0139 0.0447 0.0057 0.0434 0.0003 0.0002 0.0474 0.0125 0.0219 0.0311 0.0085 0.0094 
0.0681 0.0561 0.0121 0.6214 0.0072 0.0518 0.0029 0.0487 0.0069 0.0006 0.0411 0.0204 0.0150 0.0339 0.0086 0.0053 
0.0602 0.0281 0.0110 0.0583 0.5496 0.0583 0.0404 0.0305 0.0115 0.0101 0.0591 0.0128 0.0248 0.0315 0.0118 0.0019 
0.0602 0.0872 0.0281 0.0211 0.0179 0.0941 0.0030 0.4736 0.0030 0.0016 0.1145 0.0458 0.0107 0.0272 0.0038 0.0080 
0.0466 0.0417 0.0201 0.0450 0.0026 0.0273 0.0048 0.0278 0.4775 0.0954 0.0704 0.0682 0.0203 0.0241 0.0110 0.0171 
0.3527 0.0570 0.1870 0.0471 0.0042 0.0449 0.0064 0.0366 0.0402 0.0021 0.0391 0.0904 0.0259 0.0345 0.0105 0.0214 
0.1261 0.0989 0.1903 0.0345 0.0042 0.2575 0.0059 0.0506 0.0030 0.0008 0.0524 0.0080 0.0719 0.0467 0.0059 0.0433 
0.1107 0.0617 0.1096 0.0361 0.0072 0.1882 0.0032 0.0567 0.0078 0.0022 0.2794 0.0113 0.0514 0.0529 0.0089 0.0126 
0.1014 0.0872 0.0535 0.0355 0.0035 0.0982 0.0078 0.0524 0.0045 0.0021 0.1240 0.3387 0.0256 0.0522 0.0035 0.0099 
0.1103 0.1040 0.0123 0.0591 0.0093 0.0607 0.0056 0.0539 0.0053 0.0022 0.0839 0.1361 0.2689 0.0531 0.0152 0.0201 
0.0749 0.0395 0.0353 0.0334 0.0249 0.0491 0.0123 0.0407 0.0022 0.0016 0.0489 0.0511 0.5185 0.0494 0.0042 0.0139 
0.0784 0.0371 0.0396 0.0409 0.0059 0.0532 0.0027 0.0533 0.0022 0.0008 0.0779 0.0265 0.4978 0.0410 0.0353 0.0072 
0.1094 0.0989 0.0227 0.0470 0.0032 0.0620 0.0059 0.0551 0.0573 0.0018 0.0634 0.0588 0.2258 0.0519 0.0133 0.1236 
0.1152 0.0449 0.2414 0.0521 0.0056 0.0567 0.0094 0.0412 0.0048 0.0003 0.0433 0.0204 0.2992 0.0415 0.0097 0.0142 
0.0818 0.0850 0.3420 0.0319 0.0038 0.0752 0.0093 0.0474 0.0027 0.0005 0.0473 0.0091 0.1896 0.0458 0.0110 0.0174 
0.0848 0.0597 0.0447 0.3757 0.0038 0.0423 0.0107 0.0410 0.0126 0.0002 0.0613 0.0102 0.1704 0.0399 0.0088 0.0337 
0.0596 0.0299 0.2542 0.3488 0.0072 0.0393 0.0404 0.0321 0.0019 0.0014 0.0332 0.0232 0.0604 0.0351 0.0054 0.0278 
0.0888 0.0441 0.1494 0.2529 0.0035 0.1923 0.0121 0.0521 0.0032 0.0021 0.0540 0.0115 0.0623 0.0444 0.0152 0.0121 
0.0829 0.1570 0.0503 0.2693 0.0153 0.0541 0.0145 0.0428 0.0196 0.0123 0.0658 0.0353 0.0672 0.0422 0.0080 0.0632 
0.1042 0.0639 0.0284 0.2515 0.0259 0.1644 0.0403 0.0634 0.0224 0.0013 0.0518 0.0745 0.0377 0.0483 0.0077 0.0144 
0.1436 0.0636 0.1083 0.0281 0.0434 0.1375 0.0217 0.0805 0.0827 0.0027 0.0676 0.0123 0.0404 0.0965 0.0158 0.0553 
