0.0998 0.0524 0.1539 0.2986 0.0096 0.0615 0.0300 0.0503 0.0169 0.0045 0.0875 0.0407 0.0305 0.0428 0.0029 0.0180 
0.0794 0.0620 0.2623 0.1804 0.0059 0.1345 0.0109 0.0468 0.0179 0.0024 0.0617 0.0204 0.0350 0.0367 0.0099 0.0339 
0.1077 0.0647 0.0497 0.1711 0.0227 0.0933 0.0377 0.0567 0.0086 0.0058 0.2329 0.0340 0.0564 0.0518 0.0013 0.0056 
0.1074 0.0956 0.0158 0.2581 0.0158 0.0954 0.0037 0.0642 0.0104 0.0037 0.0970 0.1274 0.0380 0.0591 0.0027 0.0058 
0.1002 0.0669 0.0302 0.2810 0.0072 0.0773 0.0048 0.0548 0.0278 0.0022 0.0695 0.0789 0.1337 0.0498 0.0043 0.0113 
0.1048 0.0481 0.0901 0.1970 0.0104 0.0708 0.0069 0.0538 0.0046 0.0037 0.0601 0.0439 0.2096 0.0556 0.0029 0.0377 
0.0826 0.0645 0.0585 0.1108 0.0118 0.1645 0.0133 0.0450 0.0073 0.0013 0.0530 0.0273 0.2856 0.0425 0.0267 0.0053 
0.0824 0.1760 0.0318 0.2556 0.0053 0.0487 0.0101 0.0457 0.0131 0.0006 0.0572 0.0188 0.1216 0.0431 0.0093 0.0807 
0.1210 0.0517 0.1581 0.1939 0.0107 0.1314 0.0133 0.0546 0.0046 0.0056 0.0562 0.0398 0.0960 0.0506 0.0067 0.0057 
0.0947 0.0612 0.2846 0.0345 0.0086 0.1671 0.0030 0.0620 0.0051 0.0029 0.1197 0.0109 0.0695 0.0449 0.0117 0.0197 
0.0872 0.1356 0.0335 0.3141 0.0046 0.0511 0.0091 0.0446 0.0174 0.0005 0.0922 0.1219 0.0232 0.0417 0.0038 0.0195 
0.1260 0.0618 0.0276 0.0254 0.0058 0.3035 0.0086 0.0573 0.0014 0.0030 0.0596 0.0633 0.1818 0.0589 0.0089 0.0069 
0.0879 0.0554 0.0594 0.0326 0.0021 0.0452 0.0016 0.0454 0.0069 0.0003 0.4120 0.0058 0.1794 0.0436 0.0050 0.0174 
0.0867 0.0696 0.0128 0.1029 0.0024 0.0478 0.0117 0.0414 0.0038 0.0010 0.0433 0.4340 0.0757 0.0423 0.0105 0.0142 
0.0524 0.0286 0.1120 0.0425 0.0022 0.0409 0.0053 0.0254 0.0008 0.0001 0.0332 0.0054 0.5918 0.0334 0.0142 0.0118 
0.0890 0.0968 0.0928 0.1064 0.0032 0.0470 0.0048 0.0444 0.0037 0.0001 0.0444 0.0144 0.3863 0.0428 0.0144 0.0097 
0.0970 0.0554 0.0308 0.2532 0.0075 0.0909 0.0192 0.0475 0.0045 0.0003 0.0487 0.0035 0.2513 0.0495 0.0053 0.0353 
0.1217 0.0882 0.1154 0.1187 0.0032 0.0844 0.0058 0.0591 0.0016 0.0001 0.0614 0.0088 0.2536 0.0620 0.0059 0.0104 
0.0914 0.0827 0.0195 0.3955 0.0024 0.0596 0.0073 0.0495 0.0030 0.0067 0.0542 0.0118 0.1514 0.0465 0.0064 0.0120 
0.0861 0.0769 0.0548 0.4402 0.0038 0.0569 0.0037 0.0428 0.0045 0.0002 0.0457 0.0069 0.0940 0.0435 0.0179 0.0222 
0.0609 0.0406 0.1301 0.5499 0.0050 0.0304 0.0058 0.0288 0.0008 0.0002 0.0366 0.0110 0.0556 0.0294 0.0032 0.0120 
0.0649 0.0358 0.0709 0.5315 0.0163 0.0928 0.0030 0.0348 0.0003 0.0003 0.0336 0.0171 0.0415 0.0415 0.0077 0.0078 
0.0796 0.0465 0.0331 0.4050 0.0136 0.1353 0.0018 0.0478 0.0046 0.0005 0.1163 0.0069 0.0484 0.0399 0.0150 0.0059 
0.0978 0.1072 0.0050 0.2935 0.0069 0.1618 0.0013 0.0532 0.0086 0.0019 0.0641 0.0957 0.0259 0.0479 0.0010 0.0284 
0.1596 0.1096 0.0241 0.0883 0.0042 0.1345 0.0065 0.0770 0.0065 0.0053 0.1243 0.0439 0.1243 0.0749 0.0048 0.0123 
0.1010 0.0786 0.0193 0.0219 0.0048 0.1996 0.0027 0.0508 0.0018 0.0013 0.1053 0.0665 0.2812 0.0526 0.0054 0.0073 
0.0955 0.0622 0.0332 0.0157 0.0032 0.0612 0.0029 0.0484 0.0018 0.0040 0.2048 0.1117 0.2865 0.0503 0.0048 0.0139 
0.0588 0.0575 0.0201 0.0216 0.0021 0.0347 0.0024 0.0286 0.0034 0.0001 0.0355 0.1877 0.5062 0.0291 0.0046 0.0078 
0.0466 0.0230 0.0717 0.0410 0.0024 0.0259 0.0054 0.0225 0.0011 0.0002 0.0284 0.0133 0.6758 0.0227 0.0051 0.0149 
0.0546 0.0289 0.0704 0.0310 0.0008 0.0351 0.0019 0.0254 0.0002 0.0001 0.0236 0.0096 0.6837 0.0262 0.0042 0.0043 
0.0382 0.0374 0.0081 0.1694 0.0010 0.0206 0.0021 0.0174 0.0035 0.0001 0.0184 0.0022 0.6578 0.0182 0.0045 0.0014 
0.0256 0.0133 0.0083 0.3226 0.0008 0.0123 0.0021 0.0115 0.0005 0.0001 0.0131 0.0013 0.5648 0.0126 0.0038 0.0077 
0.0447 0.0272 0.0361 0.2501 0.0032 0.0244 0.0078 0.0216 0.0010 0.0001 0.0222 0.0038 0.5165 0.0244 0.0091 0.0080 
0.0632 0.0396 0.0110 0.4504 0.0026 0.0342 0.0019 0.0342 0.0002 0.0001 0.0315 0.0037 0.2678 0.0331 0.0157 0.0110 
0.0944 0.0484 0.0157 0.2908 0.0042 0.1344 0.0056 0.0507 0.0097 0.0003 0.0510 0.0043 0.1568 0.0484 0.0200 0.0654 
0.1385 0.0775 0.0636 0.1473 0.0051 0.1339 0.0054 0.0674 0.0040 0.0006 0.1476 0.0139 0.0671 0.0685 0.0102 0.0492 
0.1065 0.1054 0.1094 0.0470 0.0072 0.2923 0.0040 0.0513 0.0027 0.0042 0.0658 0.0720 0.0484 0.0530 0.0051 0.0257 
0.0778 0.3809 0.1106 0.0796 0.0048 0.0645 0.0069 0.0364 0.0032 0.0011 0.0583 0.0281 0.0644 0.0369 0.0105 0.0359 
0.0706 0.0390 0.0265 0.0296 0.0093 0.4321 0.0029 0.0361 0.0027 0.0067 0.0473 0.1056 0.1473 0.0335 0.0051 0.0058 
0.0772 0.0623 0.0115 0.0318 0.0038 0.0455 0.0032 0.0510 0.0016 0.0006 0.5384 0.0276 0.0831 0.0409 0.0029 0.0185 
0.0511 0.0391 0.0072 0.0594 0.0088 0.0334 0.0081 0.0233 0.0176 0.0003 0.0297 0.6335 0.0540 0.0243 0.0072 0.0029 
0.0490 0.0267 0.0443 0.0219 0.0105 0.0417 0.0227 0.0286 0.0024 0.0019 0.0262 0.0232 0.6282 0.0383 0.0099 0.0244 
0.0465 0.0262 0.0631 0.0166 0.0038 0.0375 0.0054 0.0369 0.0022 0.0024 0.0302 0.0096 0.6493 0.0296 0.0246 0.0160 
0.0581 0.0596 0.0289 0.0115 0.0029 0.0495 0.0029 0.0284 0.0270 0.0035 0.0372 0.0168 0.5995 0.0270 0.0050 0.0422 
0.0946 0.0315 0.0510 0.0275 0.0022 0.0399 0.0062 0.0323 0.0034 0.0001 0.0585 0.0252 0.5814 0.0340 0.0054 0.0070 
0.0745 0.0419 0.1154 0.0141 0.0077 0.0625 0.0054 0.0358 0.0029 0.0002 0.0409 0.0352 0.4942 0.0360 0.0157 0.0179 
0.0610 0.0375 0.0224 0.0377 0.0078 0.0454 0.0125 0.0313 0.0008 0.0002 0.0535 0.0109 0.6164 0.0299 0.0134 0.0193 
0.0826 0.0601 0.0380 0.0117 0.0081 0.0524 0.0185 0.0417 0.0014 0.0018 0.0460 0.0273 0.5383 0.0506 0.0035 0.0179 
0.0743 0.0387 0.0305 0.0094 0.0018 0.0656 0.0011 0.0420 0.0051 0.0051 0.0695 0.0177 0.5625 0.0355 0.0318 0.0094 
0.0888 0.0725 0.0216 0.0093 0.0059 0.0495 0.0120 0.0454 0.0093 0.0006 0.0767 0.0342 0.4374 0.0738 0.0083 0.0548 
0.1155 0.0497 0.0807 0.0372 0.0010 0.0511 0.0046 0.0494 0.0008 0.0001 0.0565 0.0623 0.4129 0.0494 0.0158 0.0133 
0.0698 0.0308 0.1203 0.0166 0.0018 0.0518 0.0013 0.0316 0.0048 0.0048 0.0406 0.0128 0.5645 0.0310 0.0032 0.0144 
0.0642 0.0351 0.0048 0.0497 0.0014 0.0334 0.0016 0.0304 0.0005 0.0001 0.0356 0.0077 0.6971 0.0300 0.0026 0.0061 
0.0557 0.0399 0.0034 0.0358 0.0048 0.0438 0.0032 0.0272 0.0002 0.0001 0.0315 0.0072 0.7152 0.0273 0.0019 0.0032 
0.0484 0.0318 0.0123 0.0634 0.0019 0.0240 0.0011 0.0273 0.0003 0.0001 0.0283 0.0058 0.7264 0.0233 0.0022 0.0037 
0.0479 0.0243 0.0113 0.1035 0.0008 0.0260 0.0078 0.0252 0.0048 0.0001 0.0248 0.0059 0.6849 0.0244 0.0021 0.0062 
0.0526 0.0288 0.0364 0.0812 0.0027 0.0302 0.0034 0.0244 0.0021 0.0001 0.0272 0.0054 0.6676 0.0267 0.0064 0.0053 
0.0585 0.0361 0.0123 0.0471 0.0275 0.0593 0.0201 0.0294 0.0006 0.0001 0.0315 0.0053 0.6251 0.0295 0.0053 0.0125 
0.0573 0.0321 0.0112 0.0569 0.0075 0.0331 0.0019 0.0420 0.0005 0.0018 0.0725 0.0062 0.6042 0.0431 0.0061 0.0236 
0.0852 0.0535 0.0281 0.0086 0.0069 0.1010 0.0105 0.0467 0.0359 0.0037 0.0479 0.0717 0.4049 0.0553 0.0224 0.0177 
0.0992 0.0753 0.0350 0.0211 0.0038 0.0497 0.0091 0.0446 0.0058 0.0005 0.1112 0.0078 0.3913 0.0449 0.0356 0.0650 
0.1415 0.0764 0.0361 0.0254 0.0085 0.0923 0.0081 0.0537 0.0093 0.0024 0.0669 0.1072 0.2658 0.0548 0.0046 0.0470 
0.1081 0.0503 0.0497 0.0363 0.0096 0.0508 0.0045 0.0527 0.0014 0.0018 0.1327 0.0340 0.3774 0.0567 0.0109 0.0232 
0.0929 0.0652 0.0428 0.0262 0.0113 0.0856 0.0104 0.0530 0.0075 0.0016 0.0543 0.1557 0.3219 0.0509 0.0093 0.0113 
0.0997 0.0732 0.0457 0.0674 0.0029 0.0510 0.0053 0.0554 0.0054 0.0014 0.0821 0.0152 0.4285 0.0489 0.0051 0.0129 
0.1286 0.0708 0.1765 0.1046 0.0029 0.0590 0.0051 0.0593 0.0367 0.0005 0.0614 0.0399 0.1230 0.0671 0.0152 0.0494 
0.0919 0.0419 0.3707 0.1350 0.0027 0.0475 0.0099 0.0409 0.0010 0.0002 0.0470 0.0070 0.1332 0.0420 0.0141 0.0152 
0.0962 0.0505 0.2203 0.2683 0.0019 0.0567 0.0065 0.0489 0.0026 0.0001 0.0502 0.0062 0.0957 0.0458 0.0160 0.0343 
0.1026 0.0538 0.0171 0.4458 0.0050 0.1163 0.0073 0.0498 0.0003 0.0005 0.0513 0.0053 0.0891 0.0487 0.0021 0.0050 
0.1366 0.0899 0.0334 0.2427 0.0070 0.1230 0.0018 0.0693 0.0013 0.0002 0.1096 0.0051 0.1018 0.0684 0.0042 0.0059 
0.0762 0.0489 0.0097 0.4714 0.0022 0.0425 0.0029 0.0383 0.0058 0.0001 0.0722 0.0681 0.1190 0.0377 0.0026 0.0027 
0.0800 0.0403 0.0312 0.3109 0.0101 0.0457 0.0011 0.0415 0.0026 0.0001 0.0447 0.0462 0.2906 0.0390 0.0040 0.0123 
0.0428 0.0233 0.0256 0.2006 0.0097 0.0372 0.0024 0.0257 0.0006 0.0001 0.0222 0.0065 0.5765 0.0203 0.0018 0.0046 
0.0328 0.0284 0.0016 0.1029 0.0123 0.0946 0.0016 0.0198 0.0008 0.0011 0.0209 0.0067 0.6549 0.0169 0.0005 0.0042 
0.0455 0.0419 0.0018 0.0607 0.0018 0.0419 0.0006 0.0289 0.0051 0.0010 0.0446 0.0091 0.6849 0.0286 0.0027 0.0010 
0.0482 0.0403 0.0129 0.0286 0.0018 0.0259 0.0022 0.0252 0.0102 0.0003 0.0348 0.0500 0.6727 0.0246 0.0117 0.0105 
0.0487 0.0257 0.0423 0.0358 0.0019 0.0283 0.0053 0.0240 0.0011 0.0001 0.0302 0.0134 0.6960 0.0244 0.0043 0.0187 
0.0530 0.0276 0.0648 0.0198 0.0010 0.0286 0.0022 0.0262 0.0005 0.0002 0.0256 0.0125 0.6977 0.0295 0.0051 0.0057 
0.0473 0.0313 0.0085 0.1095 0.0013 0.0241 0.0035 0.0225 0.0029 0.0001 0.0248 0.0022 0.6840 0.0230 0.0077 0.0077 
0.0471 0.0233 0.0278 0.0955 0.0050 0.0326 0.0050 0.0238 0.0018 0.0001 0.0270 0.0037 0.6555 0.0224 0.0083 0.0214 
0.0661 0.0308 0.0225 0.0428 0.0089 0.0585 0.0042 0.0335 0.0002 0.0005 0.0345 0.0112 0.6362 0.0313 0.0011 0.0177 
0.0626 0.0407 0.0035 0.0091 0.0042 0.0713 0.0016 0.0340 0.0006 0.0010 0.0502 0.0219 0.6591 0.0318 0.0037 0.0048 
0.0613 0.0722 0.0058 0.0374 0.0014 0.0323 0.0029 0.0300 0.0129 0.0001 0.0958 0.0166 0.5831 0.0321 0.0056 0.0105 
0.0735 0.0347 0.0559 0.0182 0.0027 0.0422 0.0027 0.0351 0.0026 0.0001 0.0366 0.0760 0.5498 0.0359 0.0120 0.0222 
0.0444 0.0342 0.0909 0.0134 0.0014 0.0447 0.0059 0.0248 0.0010 0.0001 0.0225 0.0054 0.6577 0.0222 0.0104 0.0212 
0.0604 0.0986 0.0133 0.0532 0.0030 0.0332 0.0065 0.0296 0.0010 0.0001 0.0305 0.0080 0.6196 0.0297 0.0043 0.0091 
0.0596 0.0383 0.0398 0.1142 0.0003 0.0308 0.0085 0.0312 0.0038 0.0001 0.0320 0.0080 0.5726 0.0320 0.0102 0.0189 
0.0572 0.0284 0.1483 0.1278 0.0014 0.0283 0.0110 0.0280 0.0029 0.0001 0.0380 0.0056 0.4554 0.0281 0.0149 0.0248 
0.0712 0.0371 0.1998 0.1965 0.0059 0.0573 0.0145 0.0364 0.0021 0.0002 0.0372 0.0117 0.2461 0.0406 0.0264 0.0171 
0.1161 0.1040 0.0372 0.1545 0.0073 0.2168 0.0053 0.0620 0.0008 0.0016 0.0589 0.0126 0.1166 0.0575 0.0216 0.0272 
0.0851 0.1350 0.0123 0.0195 0.0077 0.4147 0.0072 0.0422 0.0050 0.0026 0.0794 0.0157 0.0861 0.0444 0.0093 0.0340 
0.0952 0.0853 0.0176 0.0399 0.0042 0.0660 0.0057 0.0516 0.0026 0.0013 0.4260 0.1081 0.0358 0.0470 0.0083 0.0056 
0.0902 0.0679 0.1008 0.0251 0.0014 0.0583 0.0045 0.0482 0.0059 0.0003 0.0669 0.4220 0.0367 0.0426 0.0073 0.0217 
0.0804 0.0458 0.2642 0.0321 0.0030 0.0442 0.0051 0.0348 0.0035 0.0005 0.0470 0.0455 0.3361 0.0340 0.0072 0.0165 
0.0882 0.1002 0.0184 0.0112 0.0027 0.2208 0.0053 0.0441 0.0006 0.0011 0.0465 0.0246 0.3762 0.0441 0.0034 0.0128 
0.0824 0.0399 0.0208 0.0147 0.0051 0.0396 0.0032 0.0390 0.0013 0.0038 0.3987 0.0136 0.2684 0.0494 0.0085 0.0117 
0.0486 0.0275 0.0355 0.0077 0.0018 0.0300 0.0018 0.0259 0.0011 0.0002 0.0284 0.5006 0.2497 0.0257 0.0096 0.0061 
0.0505 0.0252 0.0101 0.0200 0.0010 0.0240 0.0073 0.0244 0.0042 0.0002 0.0340 0.0089 0.7330 0.0252 0.0070 0.0249 
0.0556 0.0248 0.0487 0.0046 0.0006 0.0398 0.0040 0.0228 0.0006 0.0001 0.0240 0.0147 0.7227 0.0251 0.0053 0.0069 
0.0517 0.0514 0.0355 0.0157 0.0010 0.0248 0.0019 0.0243 0.0006 0.0001 0.0264 0.0038 0.7275 0.0249 0.0057 0.0050 
0.0554 0.0283 0.0043 0.0283 0.0029 0.0634 0.0016 0.0270 0.0018 0.0001 0.0262 0.0042 0.6699 0.0281 0.0085 0.0505 
0.0524 0.0278 0.0339 0.0040 0.0054 0.0479 0.0051 0.0260 0.0003 0.0002 0.0755 0.0037 0.6793 0.0252 0.0050 0.0083 
0.0446 0.0789 0.0051 0.0083 0.0026 0.0254 0.0008 0.0268 0.0005 0.0008 0.0267 0.0949 0.6503 0.0219 0.0005 0.0120 
0.0553 0.0335 0.0165 0.0118 0.0010 0.0326 0.0070 0.0278 0.0061 0.0005 0.0342 0.0118 0.7236 0.0288 0.0054 0.0042 
0.0518 0.0299 0.0860 0.0072 0.0008 0.0281 0.0037 0.0262 0.0016 0.0001 0.0371 0.0121 0.6575 0.0336 0.0056 0.0192 
0.0625 0.0345 0.0827 0.0198 0.0008 0.0335 0.0045 0.0313 0.0003 0.0001 0.0321 0.0149 0.6323 0.0310 0.0101 0.0099 
0.0502 0.0249 0.0688 0.0426 0.0010 0.0348 0.0018 0.0235 0.0010 0.0001 0.0265 0.0021 0.6751 0.0235 0.0059 0.0185 
0.0418 0.0227 0.0180 0.1578 0.0014 0.0230 0.0013 0.0192 0.0003 0.0001 0.0208 0.0046 0.6620 0.0190 0.0013 0.0069 
0.0468 0.0249 0.0096 0.1003 0.0019 0.0444 0.0006 0.0235 0.0002 0.0002 0.0257 0.0062 0.6830 0.0268 0.0018 0.0042 
0.0518 0.0350 0.0051 0.1107 0.0026 0.0228 0.0013 0.0252 0.0010 0.0001 0.0521 0.0073 0.6507 0.0257 0.0062 0.0026 
0.0457 0.0230 0.0056 0.1231 0.0030 0.0259 0.0018 0.0241 0.0008 0.0001 0.0311 0.0407 0.6441 0.0224 0.0016 0.0070 
0.0569 0.0283 0.0112 0.0385 0.0048 0.0311 0.0010 0.0300 0.0016 0.0001 0.0289 0.0081 0.7199 0.0271 0.0038 0.0088 
0.0554 0.0478 0.0019 0.0105 0.0510 0.0589 0.0415 0.0284 0.0011 0.0002 0.0286 0.0067 0.5964 0.0666 0.0022 0.0027 
0.0558 0.0816 0.0061 0.0345 0.0006 0.0252 0.0014 0.0542 0.0003 0.0002 0.0292 0.0029 0.6258 0.0276 0.0502 0.0043 
0.0677 0.0343 0.0295 0.1032 0.0006 0.0335 0.0024 0.0347 0.0818 0.0042 0.0347 0.0067 0.4082 0.0364 0.0075 0.1145 
0.2155 0.0474 0.0995 0.0861 0.0014 0.0476 0.0056 0.0426 0.0008 0.0001 0.0449 0.0027 0.3368 0.0476 0.0099 0.0117 
0.0612 0.0383 0.2759 0.2176 0.0035 0.0334 0.0040 0.0302 0.0001 0.0001 0.0318 0.0029 0.2550 0.0300 0.0081 0.0080 
0.0558 0.0297 0.0203 0.6048 0.0022 0.0297 0.0018 0.0292 0.0001 0.0001 0.0289 0.0024 0.1607 0.0264 0.0029 0.0054 
0.0681 0.0369 0.0189 0.5006 0.0075 0.1013 0.0042 0.0340 0.0077 0.0002 0.0415 0.0046 0.1243 0.0337 0.0054 0.0112 
0.0840 0.0486 0.0137 0.3390 0.0260 0.0883 0.0016 0.0441 0.0003 0.0008 0.1347 0.0085 0.1653 0.0411 0.0021 0.0019 
0.0925 0.1238 0.0155 0.2617 0.0113 0.0764 0.0010 0.0566 0.0059 0.0006 0.0497 0.1086 0.1304 0.0471 0.0042 0.0147 
0.1128 0.0609 0.0142 0.1372 0.0067 0.1702 0.0190 0.0593 0.0110 0.0011 0.0828 0.0104 0.2143 0.0567 0.0281 0.0153 
0.1029 0.1450 0.1426 0.0612 0.0034 0.0599 0.0027 0.0541 0.0091 0.0011 0.1025 0.0240 0.1747 0.0516 0.0027 0.0625 
0.1219 0.0706 0.0816 0.1837 0.0061 0.0863 0.0064 0.0585 0.0032 0.0027 0.0625 0.1436 0.0925 0.0581 0.0053 0.0171 
0.0765 0.0474 0.2155 0.0751 0.0107 0.0735 0.0050 0.0418 0.0032 0.0001 0.0457 0.0123 0.3083 0.0407 0.0193 0.0251 
0.0835 0.0478 0.0605 0.1354 0.0089 0.1207 0.0121 0.0511 0.0021 0.0005 0.0875 0.0177 0.3015 0.0434 0.0085 0.0185 
0.1056 0.1083 0.0350 0.0393 0.0126 0.0927 0.0056 0.0561 0.0029 0.0032 0.0646 0.0665 0.3424 0.0499 0.0016 0.0137 
0.0848 0.0484 0.0177 0.0554 0.0032 0.0661 0.0038 0.0478 0.0112 0.0016 0.0862 0.0292 0.4929 0.0422 0.0032 0.0062 
0.0645 0.0385 0.0498 0.0240 0.0035 0.0414 0.0048 0.0329 0.0094 0.0008 0.0716 0.0343 0.5676 0.0371 0.0118 0.0080 
0.0583 0.0342 0.0700 0.0578 0.0019 0.0324 0.0027 0.0305 0.0021 0.0001 0.0347 0.0632 0.5616 0.0280 0.0077 0.0150 
0.0567 0.0251 0.0356 0.0695 0.0027 0.0342 0.0061 0.0262 0.0022 0.0001 0.0323 0.0097 0.6561 0.0265 0.0067 0.0104 
0.0551 0.0334 0.0236 0.0313 0.0171 0.0701 0.0093 0.0289 0.0008 0.0001 0.0318 0.0101 0.6399 0.0273 0.0083 0.0129 
0.0704 0.0575 0.0204 0.0383 0.0216 0.0385 0.0329 0.0462 0.0002 0.0002 0.0371 0.0101 0.5785 0.0335 0.0067 0.0080 
0.0652 0.0433 0.0117 0.0093 0.0024 0.1142 0.0022 0.0492 0.0067 0.0032 0.0312 0.0107 0.6033 0.0294 0.0072 0.0109 
0.0866 0.0470 0.0169 0.0030 0.0019 0.0540 0.0032 0.0452 0.0267 0.0024 0.1620 0.0062 0.4528 0.0487 0.0120 0.0313 
0.0933 0.0468 0.0220 0.0062 0.0027 0.0553 0.0019 0.0439 0.0040 0.0001 0.1751 0.2637 0.2212 0.0471 0.0091 0.0075 
0.0704 0.0412 0.0302 0.0035 0.0008 0.0363 0.0021 0.0321 0.0005 0.0005 0.0348 0.2190 0.4832 0.0315 0.0032 0.0107 
0.0609 0.0355 0.0109 0.0150 0.0006 0.0337 0.0026 0.0308 0.0022 0.0001 0.0334 0.0054 0.7073 0.0379 0.0069 0.0171 
0.0542 0.0407 0.0622 0.0233 0.0011 0.0257 0.0053 0.0254 0.0001 0.0001 0.0259 0.0051 0.6932 0.0267 0.0056 0.0058 
0.0433 0.0214 0.0634 0.0725 0.0013 0.0219 0.0022 0.0217 0.0003 0.0001 0.0238 0.0008 0.6955 0.0209 0.0061 0.0050 
0.0449 0.0232 0.0155 0.1059 0.0038 0.0353 0.0038 0.0240 0.0010 0.0001 0.0224 0.0045 0.6764 0.0233 0.0030 0.0133 
0.0489 0.0262 0.0054 0.0963 0.0059 0.0462 0.0043 0.0264 0.0006 0.0001 0.0259 0.0043 0.6675 0.0235 0.0099 0.0089 
0.0522 0.0415 0.0053 0.0318 0.0011 0.0720 0.0040 0.0279 0.0021 0.0005 0.0388 0.0048 0.6809 0.0251 0.0010 0.0110 
0.0601 0.0564 0.0107 0.0305 0.0018 0.0315 0.0014 0.0273 0.0053 0.0011 0.0556 0.0241 0.6586 0.0326 0.0005 0.0026 
0.0529 0.0347 0.0537 0.0249 0.0010 0.0308 0.0026 0.0265 0.0050 0.0001 0.0324 0.0377 0.6275 0.0321 0.0289 0.0096 
0.0502 0.0299 0.0982 0.0607 0.0027 0.0268 0.0094 0.0256 0.0014 0.0001 0.0327 0.0112 0.5668 0.0260 0.0149 0.0436 
0.0681 0.0291 0.1747 0.1280 0.0037 0.0310 0.0035 0.0318 0.0003 0.0001 0.0294 0.0070 0.4345 0.0328 0.0093 0.0171 
0.1069 0.0637 0.0428 0.0222 0.0401 0.2308 0.0187 0.0551 0.0045 0.0003 0.0558 0.0080 0.2495 0.0687 0.0072 0.0257 
0.1174 0.0802 0.0169 0.0174 0.0712 0.0912 0.0182 0.0690 0.0016 0.0018 0.2775 0.0081 0.0768 0.1279 0.0150 0.0097 
0.1149 0.1382 0.0225 0.0189 0.0014 0.0717 0.0035 0.1556 0.0075 0.0038 0.0805 0.0898 0.0502 0.0575 0.1718 0.0121 
0.0682 0.0998 0.0510 0.0361 0.0014 0.0315 0.0131 0.0318 0.1634 0.0042 0.0358 0.0131 0.0192 0.0327 0.0187 0.3800 
0.2801 0.0372 0.4351 0.0596 0.0030 0.0323 0.0089 0.0278 0.0008 0.0001 0.0332 0.0093 0.0155 0.0305 0.0067 0.0200 
0.0447 0.0238 0.5763 0.1888 0.0019 0.0225 0.0075 0.0236 0.0026 0.0001 0.0339 0.0040 0.0086 0.0204 0.0157 0.0257 
0.0545 0.0312 0.0858 0.6096 0.0225 0.0666 0.0061 0.0292 0.0027 0.0005 0.0319 0.0080 0.0121 0.0286 0.0038 0.0069 
0.0784 0.0904 0.0054 0.1311 0.0149 0.5006 0.0022 0.0489 0.0003 0.0024 0.0564 0.0115 0.0107 0.0375 0.0032 0.0061 
0.0810 0.0714 0.0125 0.0363 0.0066 0.1312 0.0021 0.0451 0.0067 0.0043 0.4678 0.0390 0.0417 0.0420 0.0054 0.0070 
0.0647 0.0487 0.0331 0.0283 0.0088 0.0517 0.0038 0.0313 0.0156 0.0010 0.1134 0.5500 0.0126 0.0289 0.0016 0.0065 
0.0858 0.0829 0.0819 0.0508 0.0069 0.0417 0.0099 0.0442 0.0045 0.0002 0.0462 0.0816 0.3097 0.0404 0.0131 0.1003 
0.0741 0.0375 0.2055 0.0465 0.0118 0.0730 0.0240 0.0401 0.0029 0.0014 0.0377 0.0187 0.3811 0.0359 0.0058 0.0040 
0.1004 0.0787 0.0329 0.0152 0.0045 0.1391 0.0024 0.0627 0.0022 0.0093 0.0797 0.0080 0.4014 0.0565 0.0018 0.0053 
0.1206 0.0847 0.0029 0.0455 0.0037 0.0960 0.0038 0.0609 0.0428 0.0022 0.1562 0.1273 0.1783 0.0601 0.0099 0.0051 
0.1144 0.0623 0.0663 0.0180 0.0034 0.0623 0.0035 0.0572 0.0034 0.0018 0.1139 0.0992 0.3111 0.0580 0.0050 0.0204 
0.0778 0.0479 0.1054 0.0195 0.0016 0.0359 0.0042 0.0369 0.0037 0.0001 0.0375 0.0495 0.5091 0.0409 0.0104 0.0196 
0.0487 0.0256 0.0660 0.0867 0.0016 0.0241 0.0077 0.0235 0.0013 0.0001 0.0240 0.0027 0.6484 0.0238 0.0083 0.0078 
0.0561 0.0265 0.0687 0.0554 0.0037 0.0805 0.0042 0.0276 0.0011 0.0001 0.0281 0.0026 0.5959 0.0260 0.0051 0.0184 
0.0649 0.0320 0.0051 0.0367 0.0107 0.0673 0.0046 0.0324 0.0002 0.0002 0.0637 0.0061 0.6338 0.0356 0.0011 0.0056 
0.0556 0.0623 0.0040 0.0270 0.0022 0.0348 0.0013 0.0363 0.0008 0.0006 0.0363 0.0642 0.6400 0.0287 0.0040 0.0019 
0.0444 0.0367 0.0021 0.0701 0.0010 0.0254 0.0069 0.0222 0.0144 0.0001 0.0284 0.0112 0.6714 0.0217 0.0128 0.0313 
0.0444 0.0230 0.0724 0.0123 0.0030 0.0344 0.0177 0.0217 0.0010 0.0001 0.0251 0.0220 0.6602 0.0227 0.0094 0.0307 
0.0444 0.0345 0.0527 0.0089 0.0048 0.0522 0.0120 0.0236 0.0001 0.0002 0.0233 0.0096 0.6872 0.0246 0.0099 0.0123 
0.0513 0.0409 0.0075 0.0337 0.0014 0.0328 0.0016 0.0305 0.0019 0.0002 0.0337 0.0093 0.7196 0.0243 0.0067 0.0046 
0.0558 0.0299 0.0142 0.0265 0.0018 0.0532 0.0038 0.0268 0.0069 0.0003 0.0401 0.0174 0.6688 0.0260 0.0109 0.0176 
0.0467 0.0347 0.0644 0.0109 0.0038 0.0262 0.0073 0.0254 0.0006 0.0001 0.0379 0.0272 0.6568 0.0251 0.0133 0.0200 
0.0735 0.0538 0.0422 0.0233 0.0027 0.0684 0.0050 0.0396 0.0005 0.0002 0.0350 0.0442 0.5450 0.0363 0.0067 0.0238 
0.1054 0.1018 0.0196 0.0105 0.0024 0.0848 0.0026 0.0476 0.0027 0.0021 0.0681 0.0045 0.4367 0.0671 0.0149 0.0292 
0.1505 0.0960 0.0807 0.0559 0.0019 0.0735 0.0032 0.0738 0.0046 0.0002 0.1337 0.0305 0.1492 0.0823 0.0244 0.0396 
0.0939 0.0471 0.3045 0.0743 0.0019 0.0455 0.0056 0.0446 0.0014 0.0001 0.0566 0.0944 0.1112 0.0465 0.0312 0.0412 
0.1062 0.0526 0.2225 0.1510 0.0030 0.0719 0.0113 0.0503 0.0006 0.0002 0.0527 0.0137 0.1585 0.0508 0.0137 0.0409 
0.1073 0.0954 0.0633 0.3442 0.0051 0.0577 0.0099 0.0511 0.0014 0.0001 0.0529 0.0128 0.1251 0.0519 0.0053 0.0168 
0.0794 0.0476 0.0286 0.5419 0.0053 0.0629 0.0040 0.0423 0.0006 0.0011 0.0463 0.0051 0.0875 0.0387 0.0053 0.0034 
0.0613 0.0521 0.0586 0.5987 0.0035 0.0347 0.0029 0.0342 0.0112 0.0008 0.0393 0.0134 0.0366 0.0294 0.0050 0.0184 
0.0650 0.0356 0.0329 0.5688 0.0115 0.0995 0.0168 0.0299 0.0030 0.0006 0.0374 0.0294 0.0297 0.0319 0.0021 0.0058 
0.0867 0.0506 0.0558 0.4649 0.0096 0.0728 0.0024 0.0543 0.0006 0.0021 0.0989 0.0227 0.0262 0.0415 0.0054 0.0054 
0.0835 0.0806 0.0169 0.4023 0.0109 0.0613 0.0042 0.0597 0.0198 0.0014 0.0495 0.0674 0.0283 0.0529 0.0177 0.0436 
0.0842 0.0538 0.0636 0.3191 0.0299 0.0987 0.0468 0.0439 0.0377 0.0005 0.0426 0.0345 0.0244 0.0567 0.0219 0.0418 
0.1310 0.0583 0.0856 0.0387 0.0674 0.1992 0.0101 0.0853 0.0668 0.0038 0.0636 0.0093 0.0385 0.0770 0.0157 0.0498 
