0.0989 0.0446 0.0264 0.0337 0.0038 0.1814 0.0101 0.0455 0.0342 0.0089 0.3447 0.0481 0.0692 0.0441 0.0042 0.0024 
0.0949 0.1199 0.0359 0.0126 0.0030 0.0478 0.0026 0.0497 0.0022 0.0011 0.1458 0.3498 0.0799 0.0428 0.0005 0.0115 
0.1037 0.0562 0.0027 0.0133 0.0048 0.0827 0.0042 0.0518 0.0054 0.0005 0.0633 0.1502 0.4046 0.0495 0.0056 0.0016 
0.0591 0.0427 0.0059 0.0075 0.0010 0.0291 0.0027 0.0310 0.0026 0.0001 0.0446 0.0034 0.7302 0.0299 0.0026 0.0080 
0.0684 0.0345 0.0045 0.0136 0.0014 0.0420 0.0032 0.0337 0.0016 0.0002 0.0340 0.0219 0.6949 0.0342 0.0048 0.0072 
0.0593 0.0296 0.0281 0.0027 0.0064 0.0366 0.0005 0.0294 0.0018 0.0016 0.0363 0.0053 0.7143 0.0380 0.0010 0.0093 
0.0581 0.0323 0.0042 0.0070 0.0040 0.0332 0.0013 0.0319 0.0006 0.0002 0.0353 0.0219 0.7245 0.0340 0.0064 0.0051 
0.0642 0.0319 0.0030 0.0053 0.0016 0.0428 0.0040 0.0329 0.0022 0.0021 0.0476 0.0169 0.6989 0.0331 0.0067 0.0067 
0.0628 0.0315 0.0038 0.0018 0.0019 0.0294 0.0008 0.0315 0.0048 0.0003 0.0361 0.0228 0.7302 0.0340 0.0014 0.0069 
0.0617 0.0297 0.0059 0.0030 0.0037 0.0435 0.0019 0.0335 0.0005 0.0006 0.0375 0.0204 0.7185 0.0316 0.0040 0.0038 
0.0577 0.0296 0.0083 0.0010 0.0019 0.0395 0.0021 0.0334 0.0003 0.0001 0.0388 0.0152 0.7356 0.0294 0.0032 0.0042 
0.0602 0.0324 0.0016 0.0014 0.0005 0.0318 0.0046 0.0307 0.0027 0.0001 0.0369 0.0145 0.7464 0.0299 0.0019 0.0043 
0.0562 0.0284 0.0123 0.0006 0.0008 0.0302 0.0011 0.0288 0.0014 0.0003 0.0355 0.0089 0.7605 0.0297 0.0021 0.0030 
0.0543 0.0270 0.0059 0.0003 0.0011 0.0481 0.0021 0.0286 0.0005 0.0003 0.0280 0.0120 0.7510 0.0281 0.0037 0.0091 
0.0577 0.0294 0.0032 0.0002 0.0003 0.0294 0.0024 0.0289 0.0003 0.0001 0.0439 0.0048 0.7647 0.0286 0.0022 0.0042 
0.0527 0.0284 0.0064 0.0002 0.0008 0.0257 0.0019 0.0273 0.0010 0.0003 0.0343 0.0232 0.7642 0.0281 0.0024 0.0030 
0.0559 0.0272 0.0051 0.0003 0.0006 0.0294 0.0014 0.0284 0.0002 0.0001 0.0286 0.0145 0.7660 0.0299 0.0042 0.0085 
0.0542 0.0276 0.0094 0.0005 0.0005 0.0259 0.0046 0.0280 0.0010 0.0001 0.0312 0.0061 0.7546 0.0326 0.0026 0.0216 
0.0570 0.0254 0.0275 0.0029 0.0011 0.0248 0.0097 0.0254 0.0013 0.0001 0.0292 0.0089 0.7372 0.0272 0.0086 0.0139 
0.0708 0.0387 0.0133 0.0029 0.0086 0.0442 0.0465 0.0340 0.0026 0.0002 0.0343 0.0091 0.0498 0.6082 0.0046 0.0323 
0.0510 0.0256 0.0192 0.0088 0.0006 0.0248 0.0045 0.0267 0.0003 0.0006 0.0318 0.0026 0.0198 0.0256 0.7312 0.0272 
0.0331 0.0371 0.1008 0.0083 0.0008 0.0220 0.0051 0.0172 0.0104 0.0158 0.0187 0.0088 0.0414 0.0125 0.0045 0.6636 
0.4668 0.0757 0.1187 0.0596 0.0040 0.0490 0.0131 0.0490 0.0027 0.0003 0.0548 0.0083 0.0225 0.0489 0.0153 0.0110 
0.0506 0.0283 0.2762 0.0236 0.0337 0.4089 0.0410 0.0275 0.0011 0.0014 0.0335 0.0120 0.0214 0.0297 0.0057 0.0053 
0.0676 0.0460 0.0430 0.1064 0.0246 0.0573 0.0027 0.0751 0.0010 0.0026 0.4824 0.0211 0.0260 0.0345 0.0070 0.0027 
0.0479 0.3194 0.0230 0.0409 0.0018 0.0663 0.0021 0.0262 0.0166 0.0067 0.0246 0.3642 0.0152 0.0222 0.0030 0.0200 
0.1030 0.0506 0.0174 0.0081 0.0083 0.2677 0.0024 0.0516 0.0061 0.0374 0.0880 0.0276 0.2626 0.0492 0.0109 0.0089 
0.0759 0.0418 0.0062 0.0180 0.0061 0.0401 0.0021 0.0457 0.0005 0.0013 0.5330 0.0810 0.1086 0.0358 0.0013 0.0027 
0.0455 0.0257 0.0016 0.0591 0.0008 0.0219 0.0022 0.0240 0.0035 0.0005 0.0284 0.6908 0.0714 0.0225 0.0005 0.0016 
0.0543 0.0264 0.0096 0.0088 0.0011 0.0321 0.0014 0.0283 0.0024 0.0037 0.0315 0.0144 0.7518 0.0300 0.0030 0.0013 
0.0556 0.0308 0.0016 0.0056 0.0010 0.0369 0.0011 0.0300 0.0008 0.0001 0.0304 0.0091 0.7573 0.0286 0.0029 0.0083 
0.0569 0.0283 0.0014 0.0021 0.0016 0.0375 0.0014 0.0294 0.0006 0.0005 0.0321 0.0188 0.7573 0.0283 0.0014 0.0022 
0.0602 0.0351 0.0040 0.0010 0.0006 0.0311 0.0010 0.0319 0.0002 0.0001 0.0347 0.0081 0.7513 0.0358 0.0018 0.0032 
0.0634 0.0313 0.0038 0.0016 0.0003 0.0321 0.0013 0.0313 0.0002 0.0001 0.0318 0.0099 0.7541 0.0318 0.0054 0.0018 
0.0575 0.0296 0.0118 0.0006 0.0006 0.0275 0.0010 0.0292 0.0010 0.0001 0.0359 0.0029 0.7616 0.0308 0.0035 0.0064 
0.0617 0.0297 0.0042 0.0043 0.0011 0.0292 0.0011 0.0303 0.0002 0.0001 0.0297 0.0120 0.7521 0.0321 0.0037 0.0088 
0.0593 0.0281 0.0182 0.0010 0.0011 0.0324 0.0032 0.0291 0.0018 0.0001 0.0302 0.0030 0.7538 0.0278 0.0053 0.0059 
0.0596 0.0307 0.0059 0.0006 0.0011 0.0310 0.0053 0.0311 0.0005 0.0001 0.0369 0.0042 0.7536 0.0327 0.0014 0.0054 
0.0578 0.0312 0.0029 0.0018 0.0005 0.0259 0.0016 0.0300 0.0019 0.0001 0.0305 0.0145 0.7627 0.0284 0.0059 0.0045 
0.0508 0.0268 0.0115 0.0051 0.0005 0.0280 0.0080 0.0249 0.0078 0.0001 0.0256 0.0072 0.7177 0.0249 0.0069 0.0543 
0.0534 0.0294 0.0693 0.0026 0.0006 0.0304 0.0139 0.0267 0.0002 0.0001 0.0276 0.0026 0.6952 0.0268 0.0105 0.0110 
0.0415 0.0506 0.0599 0.0038 0.0010 0.0313 0.0110 0.0209 0.0026 0.0005 0.0276 0.0067 0.6830 0.0244 0.0048 0.0303 
0.0642 0.0522 0.0208 0.0516 0.0018 0.0268 0.0070 0.0265 0.0019 0.0002 0.0415 0.0160 0.4984 0.0704 0.0110 0.1096 
0.0821 0.0425 0.2037 0.0757 0.0034 0.0542 0.0660 0.0430 0.0016 0.0008 0.0431 0.0291 0.2283 0.0503 0.0441 0.0323 
0.0724 0.0679 0.3816 0.0652 0.0024 0.0561 0.0379 0.0353 0.0115 0.0029 0.0387 0.0133 0.1058 0.0353 0.0353 0.0387 
0.0968 0.0892 0.0689 0.3333 0.0121 0.0690 0.0096 0.0478 0.0048 0.0280 0.0591 0.0315 0.0671 0.0487 0.0142 0.0198 
0.1080 0.0840 0.1541 0.2046 0.0037 0.1588 0.0026 0.0514 0.0075 0.0035 0.0601 0.0260 0.0452 0.0498 0.0152 0.0256 
0.1007 0.0997 0.1799 0.2390 0.0040 0.0655 0.0029 0.0490 0.0102 0.0062 0.1232 0.0283 0.0257 0.0500 0.0018 0.0139 
0.0933 0.0682 0.0305 0.0201 0.0099 0.5107 0.0026 0.0423 0.0006 0.0058 0.0566 0.0964 0.0147 0.0387 0.0075 0.0021 
0.0668 0.0757 0.0102 0.0260 0.0050 0.0441 0.0021 0.0343 0.0032 0.0008 0.5348 0.0347 0.1042 0.0350 0.0058 0.0174 
0.0423 0.0224 0.0045 0.0731 0.0032 0.0243 0.0069 0.0209 0.0016 0.0038 0.0348 0.6825 0.0521 0.0200 0.0046 0.0030 
0.0503 0.0342 0.0674 0.0272 0.0027 0.0227 0.0053 0.0228 0.0035 0.0001 0.0251 0.0240 0.6447 0.0315 0.0208 0.0179 
0.0712 0.0335 0.0235 0.0601 0.0070 0.1005 0.0503 0.0332 0.0016 0.0002 0.0332 0.0109 0.5005 0.0361 0.0139 0.0243 
0.0737 0.1088 0.0320 0.0243 0.0032 0.0344 0.0035 0.0427 0.0002 0.0005 0.0388 0.0032 0.5536 0.0350 0.0411 0.0053 
0.0812 0.0404 0.0024 0.0531 0.0198 0.0706 0.0243 0.0468 0.0163 0.0064 0.0449 0.0235 0.4613 0.0825 0.0109 0.0157 
0.1209 0.0922 0.0562 0.0147 0.0043 0.0685 0.0042 0.0669 0.0035 0.0002 0.0633 0.0081 0.3946 0.0585 0.0283 0.0157 
0.0851 0.0420 0.0149 0.0131 0.0073 0.0872 0.0019 0.0417 0.0054 0.0361 0.0463 0.0286 0.5272 0.0398 0.0038 0.0195 
0.0970 0.0756 0.0590 0.0067 0.0032 0.0460 0.0030 0.0550 0.0029 0.0002 0.0984 0.0078 0.4799 0.0478 0.0097 0.0078 
0.0934 0.0570 0.0410 0.0351 0.0011 0.0463 0.0054 0.0529 0.0128 0.0002 0.0573 0.0546 0.4324 0.0484 0.0334 0.0286 
0.0993 0.0602 0.0716 0.0120 0.0053 0.1291 0.0046 0.0511 0.0024 0.0001 0.0640 0.0144 0.4098 0.0513 0.0067 0.0182 
0.1131 0.0529 0.1465 0.0081 0.0581 0.0495 0.0235 0.0550 0.0002 0.0006 0.0708 0.0075 0.3011 0.0724 0.0157 0.0251 
0.1021 0.0792 0.0658 0.0065 0.0061 0.0813 0.0091 0.0902 0.0008 0.0016 0.0510 0.0955 0.2431 0.0604 0.0557 0.0516 
0.0909 0.0441 0.0058 0.0010 0.0056 0.1111 0.0145 0.0478 0.0144 0.0353 0.1082 0.0072 0.4273 0.0523 0.0083 0.0264 
0.0738 0.0375 0.0051 0.0053 0.0037 0.0329 0.0029 0.0387 0.0050 0.0026 0.5120 0.1131 0.1254 0.0334 0.0032 0.0056 
0.0695 0.0438 0.0062 0.0022 0.0016 0.0406 0.0050 0.0278 0.0040 0.0011 0.0345 0.6559 0.0642 0.0280 0.0066 0.0091 
0.0605 0.0292 0.0502 0.0014 0.0005 0.0332 0.0037 0.0319 0.0019 0.0001 0.0433 0.0123 0.6887 0.0291 0.0051 0.0089 
0.0634 0.0388 0.0321 0.0038 0.0005 0.0329 0.0046 0.0307 0.0010 0.0001 0.0379 0.0219 0.6929 0.0300 0.0027 0.0067 
0.0637 0.0366 0.0270 0.0145 0.0027 0.0364 0.0024 0.0331 0.0003 0.0003 0.0327 0.0075 0.7018 0.0305 0.0058 0.0046 
0.0753 0.0470 0.0177 0.0094 0.0121 0.0452 0.0129 0.0412 0.0016 0.0001 0.0395 0.0045 0.5619 0.0508 0.0112 0.0698 
0.0993 0.0407 0.1048 0.0064 0.0077 0.0415 0.0262 0.0438 0.0006 0.0002 0.0593 0.0046 0.5052 0.0442 0.0105 0.0050 
0.0917 0.0495 0.0684 0.0008 0.0024 0.1244 0.0026 0.0498 0.0034 0.0070 0.0517 0.0700 0.4070 0.0428 0.0056 0.0230 
0.1696 0.0974 0.0155 0.0172 0.0034 0.0890 0.0196 0.0928 0.0050 0.0027 0.1203 0.0311 0.1303 0.1469 0.0085 0.0506 
0.1201 0.0826 0.1257 0.0474 0.0061 0.0526 0.0088 0.0561 0.0037 0.0001 0.0585 0.0369 0.1377 0.0585 0.1730 0.0324 
0.0901 0.0412 0.0233 0.0145 0.0506 0.0732 0.3165 0.0422 0.0026 0.0222 0.0433 0.0129 0.1425 0.0749 0.0024 0.0475 
0.1231 0.0609 0.1091 0.0144 0.0064 0.0647 0.0013 0.1369 0.0002 0.0050 0.2038 0.0133 0.1121 0.0610 0.0869 0.0011 
0.0722 0.0500 0.0038 0.0276 0.0010 0.0505 0.0016 0.0375 0.1917 0.0958 0.0573 0.2464 0.0703 0.0353 0.0027 0.0562 
0.1748 0.0379 0.0053 0.0149 0.0014 0.0535 0.0034 0.0371 0.0046 0.0005 0.0748 0.0235 0.5213 0.0377 0.0059 0.0035 
0.0581 0.0272 0.0219 0.0021 0.0034 0.0511 0.0010 0.0275 0.0001 0.0013 0.0625 0.1096 0.6036 0.0259 0.0018 0.0035 
0.0438 0.0379 0.0005 0.0093 0.0013 0.0243 0.0042 0.0228 0.0002 0.0001 0.0310 0.0992 0.7014 0.0219 0.0013 0.0013 
0.0565 0.0273 0.0010 0.0121 0.0006 0.0335 0.0053 0.0278 0.0011 0.0001 0.0316 0.0131 0.7546 0.0275 0.0038 0.0042 
0.0548 0.0278 0.0115 0.0002 0.0021 0.0422 0.0010 0.0283 0.0001 0.0001 0.0308 0.0035 0.7606 0.0265 0.0046 0.0064 
0.0542 0.0278 0.0016 0.0001 0.0005 0.0302 0.0014 0.0272 0.0003 0.0002 0.0455 0.0171 0.7618 0.0268 0.0030 0.0024 
0.0543 0.0304 0.0018 0.0002 0.0001 0.0273 0.0006 0.0259 0.0022 0.0001 0.0319 0.0265 0.7607 0.0286 0.0029 0.0069 
0.0524 0.0276 0.0072 0.0001 0.0002 0.0249 0.0032 0.0260 0.0008 0.0002 0.0280 0.0121 0.7631 0.0387 0.0088 0.0069 
0.0546 0.0316 0.0067 0.0001 0.0002 0.0283 0.0050 0.0262 0.0001 0.0001 0.0265 0.0040 0.7639 0.0286 0.0141 0.0107 
0.0497 0.0267 0.0257 0.0016 0.0011 0.0244 0.0062 0.0251 0.0001 0.0001 0.0268 0.0019 0.7564 0.0284 0.0064 0.0196 
0.0612 0.0264 0.0141 0.0042 0.0002 0.0249 0.0026 0.0303 0.0001 0.0001 0.0292 0.0059 0.7545 0.0265 0.0065 0.0137 
0.0545 0.0252 0.0278 0.0062 0.0003 0.0303 0.0069 0.0254 0.0099 0.0001 0.0311 0.0040 0.7286 0.0252 0.0014 0.0232 
0.0567 0.0315 0.0517 0.0117 0.0006 0.0289 0.0026 0.0248 0.0002 0.0002 0.0321 0.0057 0.7213 0.0254 0.0021 0.0046 
0.0799 0.0557 0.0264 0.0190 0.0026 0.0457 0.0192 0.0393 0.0005 0.0001 0.0410 0.0161 0.5237 0.1091 0.0053 0.0168 
0.0815 0.0428 0.0133 0.0930 0.0008 0.0519 0.0073 0.0417 0.0010 0.0001 0.0564 0.0038 0.2605 0.0556 0.2615 0.0291 
0.0609 0.0794 0.0441 0.0399 0.0045 0.0267 0.0280 0.0358 0.0088 0.0003 0.0281 0.0220 0.0650 0.0292 0.0168 0.5105 
0.0826 0.0447 0.2822 0.0586 0.0211 0.1228 0.0898 0.0484 0.0248 0.0010 0.0452 0.0083 0.0503 0.0446 0.0086 0.0671 
0.1345 0.0561 0.3026 0.0091 0.0323 0.1203 0.0072 0.0642 0.0522 0.0053 0.0558 0.0083 0.0508 0.0705 0.0038 0.0270 
