0.0930 0.0502 0.1259 0.2347 0.0024 0.1778 0.0168 0.0492 0.0043 0.0056 0.0909 0.0155 0.0669 0.0489 0.0034 0.0147 
0.0701 0.0348 0.1559 0.0208 0.0048 0.1961 0.0048 0.0407 0.0016 0.0003 0.3209 0.0406 0.0668 0.0329 0.0065 0.0024 
0.0695 0.1064 0.0035 0.0442 0.0139 0.0441 0.0018 0.0383 0.0021 0.0005 0.0677 0.4805 0.0879 0.0339 0.0011 0.0046 
0.0681 0.0329 0.0016 0.0478 0.0024 0.0487 0.0016 0.0364 0.0075 0.0006 0.0380 0.0304 0.6398 0.0316 0.0078 0.0048 
0.0470 0.0230 0.0300 0.0029 0.0030 0.0583 0.0037 0.0233 0.0034 0.0005 0.0869 0.0187 0.6711 0.0224 0.0013 0.0046 
0.0521 0.0553 0.0016 0.0048 0.0022 0.0334 0.0016 0.0283 0.0008 0.0005 0.0363 0.1596 0.5925 0.0257 0.0008 0.0046 
0.0518 0.0299 0.0006 0.0054 0.0014 0.0319 0.0024 0.0259 0.0013 0.0001 0.0300 0.0367 0.7503 0.0278 0.0034 0.0013 
0.0502 0.0315 0.0073 0.0005 0.0042 0.0288 0.0080 0.0267 0.0014 0.0001 0.0292 0.0149 0.7413 0.0310 0.0163 0.0089 
0.0508 0.0326 0.0053 0.0016 0.0043 0.0251 0.0307 0.0265 0.0006 0.0001 0.0246 0.0054 0.6870 0.0653 0.0187 0.0216 
0.0518 0.0224 0.0893 0.0010 0.0005 0.0230 0.0061 0.0229 0.0026 0.0002 0.0238 0.0018 0.6128 0.0331 0.0591 0.0499 
0.0498 0.0232 0.0323 0.0021 0.0014 0.0256 0.0022 0.0225 0.0032 0.0073 0.0399 0.0133 0.6357 0.0259 0.0094 0.1062 
0.0927 0.0353 0.0077 0.0053 0.0010 0.0361 0.0045 0.0323 0.0005 0.0001 0.0398 0.0326 0.6406 0.0316 0.0102 0.0300 
0.0581 0.0296 0.0139 0.0056 0.0013 0.0359 0.0091 0.0268 0.0022 0.0001 0.0586 0.0118 0.7085 0.0273 0.0026 0.0086 
0.0447 0.0444 0.0195 0.0026 0.0038 0.0342 0.0030 0.0225 0.0001 0.0008 0.0227 0.0670 0.7111 0.0211 0.0006 0.0019 
0.0513 0.0265 0.0043 0.0238 0.0006 0.0304 0.0038 0.0268 0.0021 0.0001 0.0419 0.0053 0.7476 0.0276 0.0032 0.0050 
0.0450 0.0232 0.0403 0.0048 0.0005 0.0230 0.0056 0.0217 0.0029 0.0001 0.0329 0.0331 0.7278 0.0232 0.0089 0.0073 
0.0518 0.0296 0.0315 0.0066 0.0021 0.0262 0.0019 0.0254 0.0001 0.0001 0.0278 0.0126 0.7459 0.0246 0.0053 0.0089 
0.0513 0.0267 0.0059 0.0101 0.0032 0.0473 0.0013 0.0272 0.0013 0.0001 0.0251 0.0101 0.7398 0.0345 0.0048 0.0117 
0.0529 0.0487 0.0305 0.0115 0.0013 0.0292 0.0054 0.0257 0.0027 0.0001 0.0348 0.0048 0.6748 0.0302 0.0080 0.0396 
0.0553 0.0307 0.0601 0.0069 0.0013 0.0511 0.0113 0.0278 0.0021 0.0006 0.0351 0.0161 0.6424 0.0275 0.0112 0.0206 
0.0495 0.0733 0.0518 0.0169 0.0018 0.0225 0.0032 0.0252 0.0010 0.0002 0.0567 0.0093 0.6194 0.0235 0.0128 0.0329 
0.0747 0.0342 0.0153 0.0318 0.0664 0.0393 0.0739 0.0369 0.0013 0.0010 0.0350 0.0553 0.0621 0.4427 0.0064 0.0236 
0.0887 0.0604 0.0610 0.0131 0.0382 0.0516 0.0551 0.0666 0.0003 0.0001 0.0438 0.0107 0.1166 0.0550 0.3225 0.0165 
0.0925 0.0474 0.0161 0.0075 0.0064 0.1303 0.0035 0.0746 0.0037 0.0634 0.0522 0.0062 0.2528 0.0454 0.0078 0.1901 
0.1764 0.0524 0.0189 0.0059 0.0045 0.0457 0.0022 0.0505 0.0268 0.0566 0.1785 0.0134 0.3015 0.0459 0.0059 0.0149 
0.1091 0.0502 0.0150 0.0125 0.0050 0.0979 0.0024 0.0490 0.0069 0.0003 0.0717 0.3129 0.2077 0.0473 0.0070 0.0051 
0.0641 0.0323 0.0193 0.0058 0.0022 0.0534 0.0016 0.0312 0.0011 0.0003 0.0876 0.0251 0.6381 0.0286 0.0032 0.0062 
0.0450 0.0586 0.0081 0.0072 0.0046 0.0303 0.0019 0.0219 0.0019 0.0006 0.0286 0.0979 0.6622 0.0219 0.0014 0.0077 
0.0540 0.0262 0.0053 0.0121 0.0011 0.0316 0.0021 0.0299 0.0022 0.0006 0.0281 0.0216 0.7509 0.0260 0.0032 0.0050 
0.0484 0.0251 0.0248 0.0062 0.0010 0.0240 0.0021 0.0232 0.0054 0.0003 0.0313 0.0078 0.7473 0.0305 0.0008 0.0219 
0.0530 0.0252 0.0062 0.0054 0.0024 0.0395 0.0011 0.0252 0.0003 0.0027 0.0259 0.0244 0.7564 0.0257 0.0048 0.0016 
0.0527 0.0361 0.0054 0.0038 0.0018 0.0260 0.0014 0.0275 0.0011 0.0002 0.0342 0.0048 0.7680 0.0275 0.0030 0.0064 
0.0526 0.0262 0.0003 0.0173 0.0014 0.0305 0.0022 0.0260 0.0013 0.0001 0.0264 0.0240 0.7528 0.0283 0.0030 0.0078 
0.0526 0.0276 0.0107 0.0008 0.0040 0.0414 0.0024 0.0268 0.0001 0.0001 0.0308 0.0038 0.7641 0.0267 0.0058 0.0027 
0.0530 0.0286 0.0013 0.0019 0.0021 0.0303 0.0061 0.0299 0.0002 0.0001 0.0399 0.0104 0.7639 0.0268 0.0022 0.0035 
0.0545 0.0276 0.0011 0.0030 0.0006 0.0264 0.0016 0.0275 0.0043 0.0003 0.0324 0.0230 0.7654 0.0268 0.0011 0.0043 
0.0521 0.0278 0.0040 0.0016 0.0013 0.0235 0.0016 0.0265 0.0030 0.0019 0.0276 0.0120 0.7556 0.0382 0.0139 0.0094 
0.0524 0.0257 0.0187 0.0013 0.0014 0.0388 0.0059 0.0267 0.0001 0.0001 0.0256 0.0056 0.7513 0.0257 0.0073 0.0137 
0.0535 0.0292 0.0149 0.0013 0.0019 0.0272 0.0013 0.0272 0.0006 0.0002 0.0425 0.0046 0.7514 0.0273 0.0021 0.0149 
0.0548 0.0280 0.0040 0.0104 0.0010 0.0256 0.0008 0.0268 0.0021 0.0001 0.0270 0.0387 0.7324 0.0366 0.0030 0.0089 
0.0538 0.0265 0.0145 0.0097 0.0014 0.0326 0.0014 0.0257 0.0019 0.0001 0.0281 0.0042 0.7471 0.0358 0.0091 0.0080 
0.0554 0.0422 0.0089 0.0053 0.0021 0.0331 0.0008 0.0281 0.0006 0.0006 0.0289 0.0042 0.7463 0.0302 0.0086 0.0046 
0.0588 0.0404 0.0034 0.0230 0.0011 0.0283 0.0030 0.0286 0.0037 0.0001 0.0304 0.0038 0.7292 0.0291 0.0042 0.0133 
0.0639 0.0284 0.0102 0.0182 0.0002 0.0427 0.0050 0.0291 0.0003 0.0001 0.0315 0.0043 0.7247 0.0323 0.0037 0.0056 
0.0578 0.0450 0.0198 0.0088 0.0005 0.0316 0.0018 0.0284 0.0002 0.0001 0.0315 0.0034 0.7313 0.0289 0.0083 0.0029 
0.0430 0.0235 0.0080 0.1112 0.0006 0.0206 0.0024 0.0214 0.0001 0.0001 0.0241 0.0024 0.7115 0.0209 0.0042 0.0065 
0.0484 0.0252 0.0169 0.0688 0.0001 0.0300 0.0026 0.0240 0.0003 0.0001 0.0243 0.0027 0.7141 0.0243 0.0006 0.0179 
0.0489 0.0273 0.0094 0.0538 0.0051 0.0374 0.0014 0.0241 0.0003 0.0003 0.0312 0.0037 0.7208 0.0289 0.0042 0.0032 
0.0477 0.0508 0.0129 0.0278 0.0030 0.0458 0.0018 0.0256 0.0001 0.0003 0.0436 0.0117 0.6905 0.0244 0.0062 0.0078 
0.0617 0.0398 0.0051 0.1507 0.0029 0.0395 0.0038 0.0313 0.0048 0.0002 0.0411 0.0248 0.4127 0.0374 0.0064 0.1380 
0.1046 0.0618 0.1856 0.0241 0.0026 0.1001 0.0334 0.0570 0.0038 0.0002 0.0585 0.0326 0.2113 0.0577 0.0436 0.0232 
0.0982 0.1315 0.2067 0.1096 0.0040 0.0450 0.0153 0.0474 0.0080 0.0002 0.0594 0.0064 0.0716 0.0474 0.0192 0.1300 
0.0941 0.0399 0.2461 0.2204 0.0054 0.1127 0.0217 0.0399 0.0032 0.0006 0.0387 0.0315 0.0817 0.0430 0.0070 0.0141 
0.0834 0.0450 0.3100 0.1192 0.0187 0.0923 0.0016 0.0474 0.0018 0.0123 0.1077 0.0065 0.0976 0.0409 0.0056 0.0101 
0.0947 0.1118 0.0061 0.0992 0.0196 0.2653 0.0043 0.0645 0.0056 0.0026 0.0813 0.1764 0.0115 0.0463 0.0034 0.0073 
0.0992 0.0609 0.0104 0.0412 0.0075 0.0681 0.0099 0.0577 0.0161 0.0029 0.4026 0.0379 0.1201 0.0500 0.0058 0.0097 
0.0660 0.0382 0.0323 0.0115 0.0065 0.0730 0.0021 0.0385 0.0121 0.0022 0.0538 0.4976 0.1264 0.0310 0.0016 0.0072 
0.0540 0.0439 0.0198 0.0097 0.0022 0.0363 0.0019 0.0297 0.0032 0.0011 0.0468 0.0455 0.6695 0.0252 0.0027 0.0083 
0.0478 0.0227 0.0372 0.0157 0.0006 0.0321 0.0054 0.0220 0.0043 0.0002 0.0447 0.0283 0.7112 0.0243 0.0014 0.0021 
0.0546 0.0267 0.0289 0.0067 0.0011 0.0307 0.0014 0.0262 0.0003 0.0005 0.0337 0.0498 0.7089 0.0265 0.0024 0.0014 
0.0493 0.0252 0.0018 0.0307 0.0013 0.0289 0.0014 0.0255 0.0006 0.0002 0.0295 0.0212 0.7514 0.0268 0.0048 0.0013 
0.0495 0.0259 0.0010 0.0139 0.0019 0.0294 0.0037 0.0251 0.0010 0.0001 0.0268 0.0062 0.7324 0.0303 0.0085 0.0446 
0.0551 0.0313 0.0256 0.0117 0.0021 0.0248 0.0259 0.0270 0.0011 0.0001 0.0286 0.0045 0.6505 0.0307 0.0278 0.0537 
0.0845 0.0403 0.0606 0.0102 0.0026 0.0500 0.0117 0.0411 0.0005 0.0005 0.0409 0.0018 0.5687 0.0404 0.0184 0.0280 
0.0722 0.0319 0.0332 0.0013 0.0034 0.1644 0.0021 0.0367 0.0075 0.0016 0.0565 0.0086 0.4994 0.0457 0.0065 0.0289 
0.0855 0.0574 0.0061 0.0027 0.0024 0.0431 0.0064 0.0385 0.0027 0.0002 0.3120 0.0580 0.3207 0.0428 0.0080 0.0136 
0.0525 0.0393 0.0050 0.0019 0.0027 0.0521 0.0026 0.0244 0.0030 0.0010 0.0292 0.2316 0.5020 0.0281 0.0139 0.0107 
0.0513 0.0273 0.0248 0.0043 0.0022 0.0262 0.0014 0.0278 0.0027 0.0003 0.0457 0.0144 0.7170 0.0256 0.0042 0.0249 
0.0559 0.0292 0.0113 0.0040 0.0013 0.0337 0.0051 0.0254 0.0016 0.0003 0.0280 0.0366 0.7091 0.0296 0.0078 0.0211 
0.0550 0.0304 0.0150 0.0035 0.0010 0.0473 0.0054 0.0252 0.0014 0.0001 0.0334 0.0085 0.7366 0.0265 0.0061 0.0050 
0.0521 0.0449 0.0241 0.0150 0.0016 0.0241 0.0080 0.0243 0.0021 0.0002 0.0275 0.0097 0.7334 0.0238 0.0021 0.0072 
0.0537 0.0249 0.0187 0.0224 0.0024 0.0399 0.0026 0.0259 0.0005 0.0003 0.0256 0.0070 0.7296 0.0300 0.0022 0.0144 
0.0452 0.0229 0.0447 0.0042 0.0021 0.0428 0.0021 0.0230 0.0006 0.0001 0.0526 0.0046 0.7260 0.0224 0.0034 0.0037 
0.0447 0.0767 0.0026 0.0272 0.0011 0.0248 0.0021 0.0248 0.0018 0.0002 0.0257 0.0342 0.7052 0.0227 0.0006 0.0058 
0.0527 0.0260 0.0077 0.0543 0.0013 0.0335 0.0034 0.0240 0.0040 0.0001 0.0236 0.0056 0.7252 0.0244 0.0054 0.0089 
0.0323 0.0206 0.1243 0.0201 0.0018 0.0206 0.0113 0.0168 0.0011 0.0001 0.0240 0.0050 0.6812 0.0188 0.0058 0.0166 
0.0538 0.0308 0.0161 0.0831 0.0073 0.0302 0.0145 0.0259 0.0003 0.0001 0.0289 0.0158 0.6359 0.0286 0.0080 0.0206 
0.0730 0.0404 0.0094 0.0431 0.0078 0.0722 0.0110 0.0387 0.0030 0.0003 0.0396 0.0062 0.5344 0.0847 0.0133 0.0227 
0.0954 0.0618 0.0649 0.0316 0.0035 0.0554 0.0043 0.0497 0.0058 0.0056 0.0824 0.0158 0.3615 0.0567 0.0529 0.0527 
0.1171 0.0936 0.0281 0.0248 0.0149 0.0959 0.1102 0.0593 0.0182 0.0026 0.0591 0.0225 0.1510 0.0745 0.0126 0.1157 
0.1147 0.0577 0.2498 0.0527 0.0027 0.0601 0.0097 0.0625 0.0043 0.0027 0.1446 0.0080 0.0925 0.0514 0.0605 0.0260 
0.0765 0.1628 0.1805 0.0281 0.0061 0.0925 0.0042 0.0348 0.0257 0.0521 0.0383 0.0632 0.0364 0.0369 0.0102 0.1517 
0.1195 0.0489 0.0879 0.0511 0.0185 0.2176 0.0046 0.0539 0.0011 0.0062 0.1756 0.0369 0.1211 0.0476 0.0050 0.0043 
0.0928 0.0770 0.0227 0.0262 0.0113 0.0826 0.0059 0.0682 0.0026 0.0011 0.3660 0.1586 0.0225 0.0481 0.0043 0.0101 
0.0822 0.1129 0.0038 0.0830 0.0113 0.0538 0.0287 0.0417 0.0190 0.0003 0.0556 0.3962 0.0404 0.0394 0.0086 0.0228 
0.0580 0.0287 0.0870 0.0300 0.0134 0.0433 0.0243 0.0321 0.0021 0.0019 0.0431 0.0305 0.5621 0.0303 0.0073 0.0057 
0.0607 0.0377 0.0609 0.0288 0.0056 0.0364 0.0037 0.0444 0.0101 0.0018 0.0300 0.0339 0.6109 0.0284 0.0048 0.0021 
0.0602 0.0319 0.0059 0.0706 0.0018 0.0524 0.0088 0.0303 0.0313 0.0021 0.0374 0.0070 0.6056 0.0318 0.0083 0.0147 
0.0541 0.0281 0.0431 0.0169 0.0006 0.0482 0.0051 0.0228 0.0026 0.0002 0.0562 0.0120 0.6739 0.0246 0.0057 0.0057 
0.0527 0.0803 0.0268 0.0117 0.0011 0.0315 0.0035 0.0260 0.0013 0.0002 0.0355 0.0428 0.6478 0.0254 0.0080 0.0054 
0.0491 0.0264 0.0120 0.0604 0.0019 0.0398 0.0029 0.0254 0.0010 0.0001 0.0353 0.0094 0.6986 0.0240 0.0067 0.0074 
0.0489 0.0361 0.0136 0.0067 0.0216 0.0398 0.0105 0.0267 0.0001 0.0002 0.0324 0.0153 0.7069 0.0286 0.0040 0.0088 
0.0636 0.0379 0.0042 0.0091 0.0593 0.0348 0.0133 0.0343 0.0006 0.0003 0.0433 0.0171 0.5895 0.0805 0.0062 0.0061 
0.0535 0.0278 0.0104 0.0104 0.0013 0.0273 0.0024 0.0446 0.0011 0.0016 0.0382 0.0123 0.6301 0.0257 0.1039 0.0094 
0.0572 0.0318 0.0310 0.0054 0.0019 0.0292 0.0050 0.0286 0.0680 0.0038 0.0286 0.0141 0.5124 0.0291 0.0078 0.1461 
0.2109 0.0407 0.0244 0.0070 0.0050 0.0649 0.0056 0.0414 0.0002 0.0001 0.0466 0.0051 0.4946 0.0412 0.0059 0.0065 
0.0900 0.1502 0.1174 0.0072 0.0059 0.0607 0.0027 0.0500 0.0026 0.0010 0.0602 0.0150 0.3814 0.0433 0.0042 0.0083 
0.1321 0.0957 0.0045 0.1278 0.0054 0.1083 0.0251 0.0771 0.0053 0.0002 0.0979 0.0265 0.1358 0.1366 0.0075 0.0144 
0.1000 0.1898 0.1409 0.0498 0.0040 0.0487 0.0145 0.0467 0.0051 0.0001 0.0476 0.0331 0.2055 0.0484 0.0537 0.0121 
0.0700 0.0343 0.0246 0.2581 0.0027 0.0356 0.0137 0.0351 0.0024 0.0037 0.0350 0.0032 0.3942 0.0324 0.0056 0.0494 
0.1171 0.0567 0.1023 0.2427 0.0043 0.0537 0.0066 0.0548 0.0061 0.0002 0.0604 0.0077 0.2143 0.0554 0.0101 0.0078 
0.0468 0.0284 0.0289 0.5300 0.0051 0.0394 0.0008 0.0284 0.0019 0.0019 0.0342 0.0085 0.2047 0.0271 0.0061 0.0077 
0.0781 0.0799 0.0302 0.4444 0.0139 0.0645 0.0016 0.0380 0.0061 0.0005 0.0374 0.0252 0.1198 0.0411 0.0078 0.0115 
0.0827 0.0529 0.0211 0.4091 0.0324 0.1204 0.0045 0.0458 0.0021 0.0021 0.0551 0.0073 0.0979 0.0463 0.0080 0.0123 
0.1053 0.0746 0.0292 0.1410 0.0067 0.2552 0.0026 0.0677 0.0029 0.0042 0.1038 0.0241 0.1056 0.0545 0.0077 0.0150 
0.0952 0.1918 0.0385 0.2881 0.0074 0.0451 0.0053 0.0462 0.0419 0.0013 0.0655 0.0470 0.0420 0.0508 0.0070 0.0270 
0.0896 0.0393 0.2502 0.2627 0.0129 0.0735 0.0300 0.0386 0.0013 0.0018 0.0369 0.0521 0.0372 0.0385 0.0279 0.0075 
0.1041 0.0535 0.2677 0.0947 0.0088 0.1457 0.0019 0.0581 0.0038 0.0104 0.0763 0.0038 0.0500 0.0506 0.0069 0.0636 
0.0893 0.0561 0.0107 0.2944 0.0101 0.1038 0.0029 0.0527 0.0040 0.0059 0.1273 0.1374 0.0529 0.0481 0.0018 0.0029 
0.0671 0.0502 0.0096 0.3266 0.0059 0.0375 0.0014 0.0375 0.0029 0.0005 0.0545 0.1251 0.2413 0.0316 0.0059 0.0024 
0.0441 0.0286 0.0070 0.3416 0.0024 0.0420 0.0080 0.0225 0.0046 0.0001 0.0294 0.0307 0.4025 0.0212 0.0048 0.0107 
0.0631 0.0329 0.0201 0.0717 0.0037 0.0880 0.0034 0.0318 0.0003 0.0010 0.0519 0.0120 0.5788 0.0299 0.0050 0.0064 
0.0629 0.1283 0.0203 0.0614 0.0078 0.0404 0.0008 0.0358 0.0018 0.0008 0.0409 0.0211 0.5426 0.0312 0.0014 0.0026 
0.0744 0.0460 0.0050 0.0500 0.0117 0.0672 0.0037 0.0420 0.0073 0.0014 0.0387 0.0241 0.5798 0.0363 0.0083 0.0042 
0.0676 0.0467 0.0133 0.0019 0.0709 0.0470 0.0398 0.0409 0.0035 0.0008 0.0804 0.0113 0.5143 0.0431 0.0072 0.0113 
0.0671 0.0393 0.0120 0.0057 0.0113 0.0327 0.0054 0.0727 0.0026 0.0002 0.0524 0.0620 0.5525 0.0379 0.0374 0.0089 
0.0764 0.0342 0.0105 0.0034 0.0011 0.0409 0.0019 0.0428 0.0240 0.0107 0.0340 0.0289 0.5952 0.0399 0.0078 0.0482 
0.0829 0.0351 0.0291 0.0056 0.0013 0.0335 0.0030 0.0296 0.0169 0.0013 0.0414 0.0054 0.6359 0.0339 0.0069 0.0382 
0.0690 0.0399 0.0634 0.0211 0.0024 0.0339 0.0048 0.0299 0.0005 0.0006 0.0444 0.0444 0.6009 0.0294 0.0061 0.0093 
0.0526 0.0331 0.0936 0.0970 0.0029 0.0273 0.0065 0.0272 0.0002 0.0001 0.0313 0.0147 0.5754 0.0272 0.0040 0.0072 
0.0439 0.0236 0.0070 0.2421 0.0136 0.0294 0.0133 0.0244 0.0010 0.0001 0.0225 0.0101 0.5330 0.0254 0.0042 0.0067 
0.0554 0.0280 0.0166 0.0772 0.0101 0.0997 0.0062 0.0350 0.0003 0.0005 0.0318 0.0042 0.5960 0.0270 0.0070 0.0051 
0.0650 0.0379 0.0034 0.0479 0.0018 0.0450 0.0019 0.0382 0.0058 0.0196 0.0543 0.0093 0.6168 0.0337 0.0021 0.0174 
0.0597 0.0567 0.0034 0.0307 0.0022 0.0436 0.0032 0.0265 0.0257 0.0003 0.0287 0.0292 0.6481 0.0273 0.0115 0.0030 
0.0455 0.0251 0.0546 0.0356 0.0010 0.0243 0.0018 0.0228 0.0010 0.0001 0.0470 0.0024 0.7026 0.0244 0.0048 0.0073 
0.0629 0.0292 0.0455 0.0235 0.0010 0.0506 0.0011 0.0275 0.0002 0.0001 0.0275 0.0398 0.6527 0.0302 0.0059 0.0026 
0.0483 0.0609 0.0022 0.0399 0.0026 0.0339 0.0021 0.0243 0.0003 0.0001 0.0332 0.0032 0.7097 0.0248 0.0089 0.0059 
0.0417 0.0348 0.0034 0.1244 0.0062 0.0217 0.0035 0.0217 0.0005 0.0001 0.0294 0.0117 0.6620 0.0219 0.0054 0.0117 
0.0682 0.0364 0.0289 0.0597 0.0089 0.0353 0.0077 0.0371 0.0024 0.0002 0.0329 0.0141 0.5698 0.0558 0.0075 0.0351 
0.0551 0.0284 0.1383 0.0345 0.0053 0.0372 0.0420 0.0300 0.0051 0.0002 0.0278 0.0042 0.5319 0.0278 0.0195 0.0126 
0.0826 0.0457 0.0153 0.0257 0.0083 0.1019 0.0046 0.0415 0.0054 0.0081 0.0596 0.0088 0.5061 0.0380 0.0053 0.0430 
0.1515 0.0714 0.0374 0.0145 0.0070 0.1433 0.0104 0.0671 0.0080 0.0089 0.1388 0.0569 0.1487 0.0987 0.0040 0.0332 
0.0978 0.2210 0.1710 0.0438 0.0050 0.0492 0.0029 0.0462 0.0062 0.0022 0.0689 0.0620 0.0459 0.0481 0.0941 0.0358 
0.0957 0.0473 0.0407 0.0222 0.0070 0.2935 0.0057 0.0455 0.0050 0.0043 0.0434 0.0327 0.2645 0.0434 0.0086 0.0404 
0.0736 0.0420 0.0388 0.0142 0.0054 0.0372 0.0019 0.0455 0.0013 0.0008 0.4893 0.0064 0.1938 0.0393 0.0024 0.0080 
0.0546 0.0717 0.0029 0.0441 0.0013 0.0379 0.0035 0.0238 0.0064 0.0006 0.0257 0.6683 0.0280 0.0222 0.0034 0.0056 
0.0516 0.0287 0.0345 0.0358 0.0010 0.0308 0.0043 0.0265 0.0042 0.0002 0.0495 0.0062 0.6691 0.0272 0.0078 0.0227 
0.0476 0.0227 0.0990 0.0292 0.0022 0.0299 0.0053 0.0222 0.0002 0.0001 0.0283 0.0268 0.6540 0.0222 0.0014 0.0089 
0.0545 0.0275 0.0101 0.0206 0.0026 0.0412 0.0016 0.0289 0.0001 0.0001 0.0281 0.0136 0.7438 0.0260 0.0011 0.0006 
0.0494 0.0252 0.0018 0.0430 0.0008 0.0252 0.0014 0.0260 0.0035 0.0002 0.0442 0.0064 0.7451 0.0243 0.0016 0.0019 
0.0514 0.0262 0.0002 0.0142 0.0018 0.0511 0.0011 0.0256 0.0001 0.0001 0.0289 0.0141 0.7575 0.0249 0.0016 0.0014 
0.0527 0.0532 0.0029 0.0026 0.0014 0.0262 0.0003 0.0262 0.0013 0.0001 0.0307 0.0081 0.7644 0.0275 0.0005 0.0022 
0.0545 0.0280 0.0005 0.0128 0.0008 0.0278 0.0011 0.0272 0.0013 0.0003 0.0275 0.0088 0.7707 0.0276 0.0061 0.0051 
0.0522 0.0265 0.0048 0.0005 0.0008 0.0331 0.0053 0.0270 0.0003 0.0001 0.0310 0.0053 0.7663 0.0276 0.0125 0.0070 
0.0540 0.0308 0.0027 0.0008 0.0003 0.0256 0.0024 0.0267 0.0013 0.0001 0.0339 0.0158 0.7657 0.0273 0.0064 0.0065 
0.0588 0.0257 0.0032 0.0013 0.0010 0.0324 0.0037 0.0259 0.0008 0.0005 0.0283 0.0139 0.7624 0.0279 0.0035 0.0109 
0.0495 0.0268 0.0113 0.0002 0.0006 0.0246 0.0042 0.0251 0.0001 0.0001 0.0273 0.0051 0.7500 0.0286 0.0080 0.0388 
0.0455 0.0235 0.0059 0.0002 0.0040 0.0396 0.0451 0.0219 0.0005 0.0001 0.0291 0.0093 0.7367 0.0252 0.0064 0.0074 
0.0498 0.0458 0.0050 0.0008 0.0005 0.0224 0.0013 0.0267 0.0001 0.0001 0.0463 0.0121 0.7495 0.0244 0.0065 0.0089 
0.0454 0.0211 0.0035 0.0040 0.0002 0.0225 0.0018 0.0225 0.0067 0.0014 0.0241 0.0682 0.7119 0.0316 0.0034 0.0318 
0.0542 0.0256 0.0125 0.0003 0.0010 0.0342 0.0040 0.0243 0.0006 0.0001 0.0288 0.0056 0.7515 0.0292 0.0182 0.0102 
0.0514 0.0345 0.0073 0.0022 0.0013 0.0270 0.0030 0.0265 0.0001 0.0001 0.0331 0.0179 0.7541 0.0256 0.0026 0.0136 
0.0561 0.0312 0.0051 0.0061 0.0002 0.0259 0.0035 0.0275 0.0022 0.0001 0.0278 0.0104 0.7657 0.0291 0.0032 0.0064 
0.0463 0.0243 0.0385 0.0043 0.0002 0.0292 0.0065 0.0224 0.0006 0.0001 0.0233 0.0038 0.7306 0.0260 0.0062 0.0379 
0.0522 0.0297 0.0478 0.0034 0.0018 0.0385 0.0022 0.0260 0.0001 0.0001 0.0283 0.0024 0.7274 0.0248 0.0097 0.0061 
0.0511 0.0685 0.0192 0.0027 0.0045 0.0291 0.0030 0.0236 0.0006 0.0001 0.0286 0.0056 0.7233 0.0240 0.0050 0.0113 
0.0733 0.0439 0.0192 0.0474 0.0022 0.0358 0.0089 0.0367 0.0034 0.0001 0.0403 0.0155 0.6040 0.0444 0.0032 0.0219 
0.1008 0.0725 0.1564 0.0447 0.0029 0.0506 0.0193 0.0543 0.0078 0.0001 0.0530 0.0209 0.1697 0.0538 0.1193 0.0738 
0.0722 0.0356 0.3078 0.0356 0.0057 0.0765 0.0417 0.0364 0.0032 0.0010 0.0497 0.0050 0.1904 0.0337 0.0094 0.0962 
0.1080 0.1596 0.0396 0.0088 0.0995 0.1019 0.0578 0.0450 0.0051 0.0026 0.0703 0.0222 0.0558 0.2144 0.0040 0.0054 
0.0479 0.3550 0.0054 0.1440 0.0011 0.0243 0.0032 0.1155 0.0038 0.0005 0.0232 0.0133 0.0602 0.0230 0.1729 0.0067 
0.0850 0.0465 0.1056 0.2132 0.0030 0.0517 0.0078 0.0425 0.1078 0.0377 0.0608 0.0104 0.0385 0.0418 0.0271 0.1206 
0.3624 0.0548 0.1904 0.1072 0.0198 0.0452 0.0034 0.0478 0.0003 0.0003 0.0549 0.0225 0.0267 0.0442 0.0081 0.0120 
0.0636 0.0409 0.1117 0.5435 0.0236 0.0276 0.0048 0.0343 0.0034 0.0001 0.0307 0.0088 0.0460 0.0355 0.0077 0.0181 
0.0534 0.0310 0.0473 0.6781 0.0053 0.0382 0.0073 0.0248 0.0136 0.0037 0.0248 0.0029 0.0200 0.0238 0.0155 0.0105 
0.0870 0.0348 0.0195 0.0850 0.0075 0.5571 0.0057 0.0358 0.0083 0.0184 0.0494 0.0088 0.0294 0.0315 0.0050 0.0169 
0.0439 0.0759 0.0027 0.0232 0.2961 0.0221 0.0216 0.0184 0.0134 0.0081 0.3953 0.0286 0.0241 0.0209 0.0022 0.0034 
0.0730 0.0612 0.0035 0.1591 0.0032 0.0272 0.0094 0.1872 0.0058 0.0030 0.0267 0.0925 0.0249 0.0361 0.2842 0.0030 
0.0227 0.0149 0.1721 0.0238 0.0035 0.0273 0.0046 0.0147 0.2312 0.1363 0.0133 0.0069 0.0374 0.0136 0.0203 0.2575 
0.3269 0.1529 0.0078 0.0567 0.0249 0.0911 0.0024 0.0695 0.0062 0.0270 0.0973 0.0142 0.0390 0.0658 0.0035 0.0145 
0.0984 0.2819 0.1744 0.1091 0.0065 0.1022 0.0035 0.0489 0.0096 0.0010 0.0561 0.0206 0.0340 0.0404 0.0085 0.0050 
0.0729 0.0473 0.0903 0.4009 0.0024 0.0772 0.0115 0.0414 0.0233 0.0011 0.1321 0.0238 0.0246 0.0361 0.0070 0.0081 
0.0754 0.0554 0.0701 0.4356 0.0043 0.0629 0.0061 0.0410 0.0072 0.0014 0.0564 0.1195 0.0091 0.0353 0.0083 0.0120 
0.0754 0.0452 0.0449 0.4723 0.0073 0.0586 0.0061 0.0415 0.0153 0.0013 0.0455 0.0403 0.0518 0.0427 0.0216 0.0302 
0.0655 0.0594 0.0872 0.3970 0.0173 0.1078 0.0203 0.0377 0.0275 0.0010 0.0355 0.0204 0.0308 0.0390 0.0129 0.0407 
0.1235 0.0647 0.0278 0.0768 0.0548 0.2453 0.0361 0.0660 0.0577 0.0078 0.0570 0.0065 0.0452 0.0743 0.0171 0.0395 
