0.1118 0.0639 0.2022 0.2310 0.0029 0.0617 0.0128 0.0494 0.0160 0.0018 0.0759 0.0212 0.0513 0.0449 0.0037 0.0497 
0.0671 0.0500 0.3553 0.1920 0.0034 0.0372 0.0224 0.0324 0.0366 0.0013 0.0633 0.0190 0.0430 0.0300 0.0081 0.0388 
0.0716 0.0583 0.2129 0.3434 0.0284 0.0708 0.0364 0.0361 0.0018 0.0021 0.0402 0.0200 0.0276 0.0372 0.0032 0.0101 
0.0900 0.0954 0.0601 0.2301 0.0051 0.2973 0.0029 0.0622 0.0035 0.0026 0.0730 0.0062 0.0179 0.0438 0.0046 0.0054 
0.0672 0.0481 0.0367 0.1420 0.0193 0.1319 0.0043 0.0351 0.0139 0.0078 0.3844 0.0513 0.0104 0.0361 0.0046 0.0067 
0.0530 0.0497 0.0222 0.1802 0.0110 0.0334 0.0019 0.0327 0.0050 0.0008 0.0533 0.5111 0.0107 0.0233 0.0064 0.0053 
0.0813 0.0442 0.0259 0.2415 0.0064 0.0679 0.0177 0.0457 0.0081 0.0016 0.0476 0.0610 0.2272 0.0406 0.0163 0.0669 
0.0866 0.0535 0.1976 0.0698 0.0081 0.0818 0.0046 0.0482 0.0011 0.0019 0.0506 0.0117 0.3184 0.0460 0.0083 0.0117 
0.0884 0.2048 0.0412 0.0446 0.0061 0.1117 0.0034 0.0470 0.0123 0.0008 0.0473 0.0128 0.3229 0.0427 0.0050 0.0093 
0.1107 0.0551 0.0332 0.2174 0.0037 0.0641 0.0088 0.0562 0.0061 0.0008 0.1697 0.0097 0.1994 0.0527 0.0021 0.0102 
0.1172 0.0577 0.1332 0.0917 0.0026 0.0632 0.0008 0.0575 0.0027 0.0013 0.0656 0.1522 0.1827 0.0594 0.0051 0.0070 
0.0463 0.0254 0.0212 0.2677 0.0011 0.0275 0.0029 0.0227 0.0013 0.0003 0.0270 0.0224 0.5014 0.0233 0.0045 0.0051 
0.0297 0.0139 0.0163 0.2875 0.0026 0.0163 0.0011 0.0134 0.0006 0.0001 0.0137 0.0067 0.5775 0.0134 0.0030 0.0042 
0.0294 0.0149 0.0046 0.2829 0.0013 0.0212 0.0014 0.0142 0.0003 0.0001 0.0166 0.0022 0.5919 0.0152 0.0018 0.0022 
0.0348 0.0227 0.0073 0.2444 0.0021 0.0201 0.0013 0.0180 0.0014 0.0001 0.0193 0.0050 0.5975 0.0176 0.0053 0.0032 
0.0283 0.0179 0.0093 0.2584 0.0046 0.0265 0.0010 0.0137 0.0003 0.0001 0.0129 0.0024 0.6057 0.0128 0.0029 0.0034 
0.0562 0.0348 0.0078 0.1430 0.0064 0.0490 0.0014 0.0283 0.0003 0.0003 0.0323 0.0019 0.5923 0.0356 0.0010 0.0093 
0.0323 0.0187 0.0046 0.2857 0.0011 0.0185 0.0006 0.0158 0.0016 0.0002 0.0244 0.0053 0.5640 0.0160 0.0101 0.0011 
0.0438 0.0230 0.0085 0.1736 0.0021 0.0244 0.0030 0.0230 0.0014 0.0005 0.0289 0.0139 0.6218 0.0219 0.0053 0.0050 
0.0701 0.0407 0.0104 0.1078 0.0048 0.0465 0.0030 0.0364 0.0002 0.0001 0.0366 0.0086 0.5868 0.0355 0.0062 0.0065 
0.0585 0.0442 0.0048 0.0404 0.0337 0.0490 0.0101 0.0313 0.0001 0.0001 0.0316 0.0029 0.6490 0.0364 0.0019 0.0062 
0.0743 0.0677 0.0037 0.0524 0.0051 0.0388 0.0016 0.0650 0.0008 0.0001 0.0391 0.0053 0.5984 0.0345 0.0097 0.0037 
0.0845 0.0459 0.0120 0.0800 0.0093 0.0465 0.0032 0.0462 0.0559 0.0075 0.0489 0.0117 0.4458 0.0451 0.0093 0.0484 
0.1150 0.0467 0.0677 0.0236 0.0115 0.0637 0.0058 0.0483 0.0014 0.0011 0.0574 0.0257 0.4700 0.0451 0.0072 0.0097 
0.0869 0.0617 0.0179 0.0064 0.0069 0.1084 0.0022 0.0446 0.0029 0.0014 0.0449 0.0211 0.5355 0.0387 0.0034 0.0172 
0.0585 0.0351 0.0058 0.0163 0.0018 0.0328 0.0014 0.0313 0.0062 0.0003 0.1885 0.0099 0.5694 0.0283 0.0034 0.0110 
0.0565 0.0241 0.0171 0.0059 0.0011 0.0478 0.0013 0.0238 0.0014 0.0014 0.0267 0.2767 0.4728 0.0262 0.0030 0.0141 
0.0500 0.0407 0.0179 0.0056 0.0018 0.0401 0.0022 0.0262 0.0016 0.0003 0.0331 0.0113 0.7275 0.0283 0.0075 0.0059 
0.0486 0.0562 0.0353 0.0155 0.0022 0.0241 0.0053 0.0225 0.0014 0.0001 0.0248 0.0161 0.7100 0.0233 0.0037 0.0109 
0.0457 0.0241 0.0471 0.0401 0.0014 0.0268 0.0042 0.0233 0.0005 0.0001 0.0246 0.0045 0.7219 0.0236 0.0056 0.0067 
0.0439 0.0219 0.0601 0.0406 0.0005 0.0254 0.0056 0.0230 0.0019 0.0001 0.0260 0.0058 0.7049 0.0233 0.0104 0.0069 
0.0387 0.0232 0.0081 0.1716 0.0014 0.0182 0.0046 0.0177 0.0002 0.0001 0.0203 0.0045 0.6614 0.0182 0.0040 0.0080 
0.0436 0.0235 0.0107 0.0746 0.0110 0.0590 0.0182 0.0209 0.0006 0.0003 0.0280 0.0077 0.6656 0.0217 0.0040 0.0105 
0.0727 0.0458 0.0240 0.1324 0.0297 0.0394 0.0187 0.0393 0.0008 0.0003 0.0588 0.0109 0.1183 0.3793 0.0046 0.0251 
0.0539 0.0278 0.0420 0.0411 0.0018 0.0459 0.0083 0.0531 0.0046 0.0022 0.0288 0.0145 0.0649 0.0270 0.5788 0.0054 
0.0522 0.0597 0.0272 0.0426 0.0062 0.0310 0.0163 0.0257 0.0286 0.0233 0.0401 0.0054 0.0371 0.0307 0.0019 0.5720 
0.3637 0.0626 0.0184 0.0984 0.0094 0.1198 0.0050 0.0562 0.0014 0.0038 0.0620 0.0618 0.0642 0.0558 0.0158 0.0016 
0.0554 0.0379 0.4788 0.0291 0.0035 0.0601 0.0019 0.0323 0.0158 0.0054 0.1404 0.0113 0.0323 0.0281 0.0141 0.0537 
0.1008 0.1097 0.0158 0.2776 0.0070 0.0818 0.0070 0.0490 0.0073 0.0006 0.0773 0.1690 0.0284 0.0470 0.0059 0.0157 
0.1152 0.0540 0.0315 0.0412 0.0125 0.3331 0.0042 0.0518 0.0008 0.0018 0.0668 0.0546 0.1650 0.0494 0.0073 0.0110 
0.1018 0.0553 0.0506 0.0377 0.0064 0.0695 0.0077 0.0567 0.0026 0.0010 0.3163 0.0417 0.1885 0.0481 0.0072 0.0089 
0.0942 0.0629 0.0281 0.0974 0.0043 0.0435 0.0222 0.0465 0.0165 0.0003 0.0534 0.3075 0.1551 0.0454 0.0085 0.0142 
0.0497 0.0230 0.0455 0.0498 0.0037 0.0291 0.0070 0.0216 0.0037 0.0001 0.0216 0.0134 0.6906 0.0222 0.0117 0.0075 
0.0494 0.0256 0.0176 0.0224 0.0030 0.0542 0.0010 0.0262 0.0013 0.0029 0.0276 0.0027 0.7207 0.0246 0.0053 0.0157 
0.0477 0.0600 0.0056 0.0652 0.0019 0.0262 0.0008 0.0230 0.0045 0.0008 0.0262 0.0093 0.6908 0.0302 0.0018 0.0061 
0.0575 0.0305 0.0203 0.0608 0.0014 0.0291 0.0050 0.0254 0.0021 0.0003 0.0300 0.0078 0.6848 0.0297 0.0113 0.0040 
0.0447 0.0252 0.1363 0.0495 0.0019 0.0256 0.0046 0.0219 0.0001 0.0001 0.0280 0.0088 0.6189 0.0225 0.0059 0.0062 
0.0470 0.0227 0.0089 0.2153 0.0054 0.0204 0.0034 0.0243 0.0005 0.0001 0.0233 0.0061 0.5860 0.0217 0.0050 0.0102 
0.0623 0.0311 0.0201 0.1152 0.0503 0.0454 0.0185 0.0342 0.0016 0.0001 0.0321 0.0029 0.5346 0.0353 0.0081 0.0083 
0.0714 0.0471 0.0093 0.0800 0.0061 0.0419 0.0013 0.0641 0.0005 0.0002 0.0345 0.0037 0.5878 0.0324 0.0144 0.0054 
0.0685 0.0593 0.0040 0.0375 0.0035 0.1118 0.0019 0.0353 0.0629 0.0056 0.0316 0.0051 0.5208 0.0315 0.0013 0.0193 
0.1147 0.0549 0.0222 0.0489 0.0040 0.0519 0.0018 0.0487 0.0048 0.0005 0.1356 0.0026 0.4348 0.0492 0.0211 0.0045 
0.0768 0.0698 0.1832 0.0393 0.0032 0.0422 0.0019 0.0390 0.0035 0.0001 0.0423 0.1174 0.3193 0.0379 0.0144 0.0101 
0.0524 0.0259 0.0267 0.1868 0.0045 0.0305 0.0024 0.0262 0.0014 0.0001 0.0295 0.0053 0.5644 0.0244 0.0067 0.0129 
0.0527 0.0302 0.0589 0.0971 0.0045 0.0313 0.0064 0.0284 0.0003 0.0001 0.0264 0.0109 0.6114 0.0272 0.0069 0.0077 
0.0482 0.0267 0.0129 0.0903 0.0037 0.0462 0.0029 0.0256 0.0011 0.0001 0.0302 0.0054 0.6692 0.0259 0.0056 0.0062 
0.0386 0.0244 0.0089 0.1571 0.0040 0.0297 0.0069 0.0198 0.0035 0.0016 0.0275 0.0064 0.6359 0.0196 0.0043 0.0117 
0.0783 0.0565 0.0158 0.1518 0.0048 0.0430 0.0200 0.0390 0.0035 0.0002 0.0403 0.0177 0.4284 0.0383 0.0142 0.0482 
0.0500 0.0235 0.0264 0.0099 0.0163 0.0847 0.0348 0.0248 0.0026 0.0070 0.0642 0.0137 0.6037 0.0257 0.0073 0.0054 
0.0676 0.0411 0.0125 0.0109 0.0118 0.0406 0.0003 0.0652 0.0005 0.0034 0.1554 0.0703 0.4762 0.0335 0.0037 0.0072 
0.0733 0.0581 0.0030 0.0251 0.0016 0.0519 0.0032 0.0390 0.0356 0.0014 0.0607 0.1626 0.4331 0.0355 0.0034 0.0125 
0.0583 0.0264 0.0648 0.0110 0.0006 0.0224 0.0048 0.0219 0.0034 0.0005 0.0449 0.0137 0.6887 0.0238 0.0054 0.0094 
0.0430 0.0212 0.0567 0.0107 0.0011 0.0420 0.0030 0.0208 0.0002 0.0005 0.0206 0.0546 0.6941 0.0201 0.0056 0.0057 
0.0487 0.0351 0.0019 0.0412 0.0016 0.0300 0.0037 0.0243 0.0005 0.0001 0.0366 0.0043 0.7387 0.0241 0.0026 0.0069 
0.0479 0.0230 0.0050 0.0770 0.0008 0.0232 0.0054 0.0230 0.0027 0.0002 0.0292 0.0136 0.7166 0.0219 0.0046 0.0059 
0.0530 0.0275 0.0112 0.0147 0.0021 0.0355 0.0029 0.0268 0.0001 0.0003 0.0262 0.0046 0.7613 0.0265 0.0027 0.0048 
0.0514 0.0284 0.0069 0.0099 0.0016 0.0380 0.0010 0.0262 0.0019 0.0001 0.0404 0.0043 0.7554 0.0273 0.0032 0.0042 
0.0481 0.0310 0.0013 0.0318 0.0010 0.0257 0.0011 0.0236 0.0019 0.0003 0.0308 0.0270 0.7435 0.0240 0.0030 0.0059 
0.0522 0.0272 0.0125 0.0097 0.0016 0.0296 0.0051 0.0265 0.0014 0.0001 0.0267 0.0177 0.7500 0.0264 0.0069 0.0067 
0.0538 0.0291 0.0189 0.0048 0.0032 0.0363 0.0035 0.0276 0.0005 0.0001 0.0312 0.0054 0.7468 0.0288 0.0038 0.0066 
0.0525 0.0350 0.0043 0.0089 0.0051 0.0267 0.0024 0.0287 0.0018 0.0002 0.0345 0.0104 0.7532 0.0257 0.0057 0.0048 
0.0709 0.0364 0.0034 0.0395 0.0099 0.0428 0.0251 0.0417 0.0062 0.0006 0.0351 0.0228 0.0340 0.6078 0.0046 0.0190 
0.0503 0.0288 0.0329 0.0105 0.0024 0.0251 0.0088 0.0353 0.0022 0.0001 0.0230 0.0045 0.0251 0.0256 0.7184 0.0072 
0.0497 0.0316 0.0615 0.0265 0.0011 0.0252 0.0093 0.0228 0.0235 0.0080 0.0273 0.0034 0.0300 0.0208 0.0037 0.6555 
0.4731 0.0479 0.0529 0.1309 0.0061 0.0483 0.0272 0.0451 0.0069 0.0008 0.0462 0.0094 0.0203 0.0463 0.0131 0.0257 
0.0177 0.0152 0.5289 0.0692 0.0054 0.2665 0.0034 0.0137 0.0002 0.0014 0.0173 0.0072 0.0299 0.0102 0.0024 0.0115 
0.0558 0.0767 0.0380 0.5530 0.0040 0.0375 0.0005 0.0385 0.0075 0.0050 0.1073 0.0181 0.0209 0.0254 0.0075 0.0043 
0.0703 0.0572 0.0118 0.1795 0.0410 0.3736 0.0136 0.0391 0.0078 0.0010 0.0383 0.1107 0.0086 0.0343 0.0050 0.0081 
0.0954 0.0831 0.0403 0.0372 0.0142 0.1203 0.0085 0.0671 0.0032 0.0006 0.3780 0.0220 0.0605 0.0481 0.0093 0.0123 
0.0860 0.1043 0.0136 0.0387 0.0110 0.0644 0.0024 0.0516 0.0222 0.0281 0.0657 0.3803 0.0629 0.0420 0.0021 0.0248 
0.0912 0.0574 0.0288 0.0208 0.0043 0.1070 0.0067 0.0462 0.0088 0.0014 0.0497 0.0762 0.4443 0.0377 0.0139 0.0056 
0.0804 0.0409 0.0514 0.0131 0.0053 0.0460 0.0193 0.0409 0.0059 0.0008 0.2069 0.0291 0.4045 0.0407 0.0037 0.0110 
0.0572 0.0355 0.0412 0.0142 0.0030 0.0304 0.0010 0.0343 0.0008 0.0010 0.0291 0.2671 0.4430 0.0273 0.0089 0.0061 
0.0615 0.0323 0.0061 0.0091 0.0316 0.0666 0.0249 0.0356 0.0058 0.0016 0.0369 0.0117 0.4701 0.1909 0.0091 0.0062 
0.0695 0.0652 0.0545 0.0091 0.0013 0.0337 0.0029 0.0391 0.0014 0.0001 0.0384 0.0086 0.5347 0.0337 0.0944 0.0136 
0.0772 0.0380 0.0249 0.0141 0.0011 0.0439 0.0014 0.0372 0.0099 0.0342 0.0486 0.0139 0.4886 0.0366 0.0030 0.1273 
0.1150 0.0383 0.0398 0.0193 0.0048 0.0331 0.0027 0.0380 0.0002 0.0001 0.0451 0.0088 0.6042 0.0348 0.0112 0.0046 
0.0958 0.0471 0.0361 0.0476 0.0680 0.0522 0.0343 0.0522 0.0005 0.0001 0.0487 0.0180 0.1386 0.3484 0.0070 0.0054 
0.0906 0.0539 0.0035 0.0596 0.0032 0.0462 0.0013 0.0673 0.0011 0.0001 0.0446 0.0058 0.2288 0.0462 0.3429 0.0053 
0.0679 0.0324 0.0027 0.0660 0.0034 0.0494 0.0014 0.0321 0.0165 0.0327 0.0329 0.0054 0.3467 0.0319 0.0029 0.2757 
0.2575 0.0701 0.0249 0.0244 0.0027 0.0642 0.0050 0.0551 0.0042 0.0003 0.0717 0.0035 0.3384 0.0558 0.0105 0.0115 
0.0821 0.0586 0.3370 0.1148 0.0032 0.0425 0.0045 0.0420 0.0030 0.0001 0.0503 0.0182 0.1282 0.0434 0.0121 0.0600 
0.1133 0.0545 0.1738 0.2891 0.0054 0.0717 0.0038 0.0558 0.0002 0.0001 0.0534 0.0174 0.0938 0.0521 0.0104 0.0054 
0.1259 0.0781 0.0954 0.2969 0.0057 0.0990 0.0057 0.0656 0.0038 0.0002 0.0680 0.0062 0.0607 0.0628 0.0088 0.0171 
0.1314 0.0615 0.0069 0.3678 0.0099 0.1025 0.0054 0.0613 0.0030 0.0005 0.1372 0.0177 0.0292 0.0593 0.0035 0.0027 
0.1374 0.1283 0.0415 0.2043 0.0067 0.0767 0.0011 0.0741 0.0061 0.0002 0.0789 0.0748 0.0877 0.0679 0.0059 0.0085 
0.0508 0.0240 0.0054 0.3921 0.0022 0.0310 0.0048 0.0241 0.0062 0.0008 0.0270 0.0075 0.3894 0.0214 0.0043 0.0089 
0.0427 0.0254 0.1455 0.0955 0.0013 0.0294 0.0059 0.0204 0.0022 0.0001 0.0200 0.0083 0.5728 0.0208 0.0037 0.0061 
0.0537 0.0264 0.0117 0.1715 0.0026 0.0687 0.0032 0.0261 0.0005 0.0008 0.0369 0.0038 0.5650 0.0254 0.0011 0.0027 
0.0479 0.0307 0.0080 0.1516 0.0029 0.0276 0.0006 0.0252 0.0003 0.0002 0.0358 0.0145 0.6287 0.0232 0.0016 0.0011 
0.0470 0.0248 0.0043 0.1883 0.0021 0.0262 0.0011 0.0240 0.0021 0.0001 0.0291 0.0286 0.5928 0.0238 0.0046 0.0014 
0.0545 0.0441 0.0121 0.0467 0.0109 0.0312 0.0038 0.0283 0.0005 0.0001 0.0291 0.0077 0.6898 0.0296 0.0050 0.0070 
0.0487 0.0390 0.0053 0.0821 0.0032 0.0276 0.0010 0.0267 0.0002 0.0001 0.0228 0.0029 0.7002 0.0238 0.0088 0.0080 
0.1027 0.0580 0.0128 0.0569 0.0136 0.0617 0.0027 0.0530 0.0077 0.0027 0.0574 0.0037 0.3355 0.1884 0.0078 0.0355 
0.0698 0.0351 0.0281 0.0583 0.0045 0.0367 0.0013 0.0370 0.0011 0.0001 0.0426 0.0099 0.2887 0.0343 0.3492 0.0032 
0.0792 0.0438 0.0527 0.0487 0.0024 0.0422 0.0043 0.0452 0.0065 0.0014 0.0476 0.0152 0.3100 0.0364 0.0057 0.2586 
0.1952 0.0677 0.0305 0.1062 0.0030 0.0747 0.0104 0.0666 0.0037 0.0002 0.0698 0.0115 0.2540 0.0636 0.0117 0.0313 
0.0788 0.0628 0.2112 0.0305 0.0042 0.0815 0.0144 0.0395 0.0013 0.0003 0.0433 0.0131 0.3599 0.0406 0.0065 0.0123 
0.0725 0.0383 0.0233 0.1682 0.0043 0.0685 0.0027 0.0407 0.0014 0.0006 0.0930 0.0105 0.4313 0.0361 0.0053 0.0030 
0.1366 0.0896 0.0510 0.1012 0.0043 0.0852 0.0072 0.0716 0.0046 0.0005 0.1024 0.0769 0.1518 0.0708 0.0053 0.0411 
0.1058 0.0599 0.0706 0.2149 0.0054 0.0446 0.0093 0.0473 0.0121 0.0002 0.0521 0.0441 0.2379 0.0484 0.0276 0.0198 
0.0735 0.0356 0.0157 0.0363 0.0121 0.3519 0.0064 0.0379 0.0014 0.0029 0.0364 0.0141 0.3250 0.0358 0.0030 0.0121 
0.0442 0.0222 0.0089 0.0286 0.0040 0.0225 0.0003 0.0302 0.0014 0.0032 0.4035 0.0069 0.3941 0.0220 0.0032 0.0046 
0.0447 0.0407 0.0013 0.0185 0.0024 0.0323 0.0075 0.0211 0.0077 0.0011 0.0227 0.6083 0.1591 0.0220 0.0059 0.0046 
0.0510 0.0265 0.0115 0.0089 0.0021 0.0296 0.0067 0.0257 0.0032 0.0001 0.0623 0.0086 0.7161 0.0283 0.0125 0.0070 
0.0502 0.0244 0.0102 0.0062 0.0021 0.0249 0.0013 0.0238 0.0026 0.0006 0.0243 0.0824 0.7110 0.0244 0.0045 0.0070 
0.0577 0.0260 0.0073 0.0110 0.0043 0.0257 0.0013 0.0260 0.0026 0.0002 0.0251 0.0093 0.7461 0.0289 0.0113 0.0171 
0.0558 0.0299 0.0102 0.0080 0.0043 0.0335 0.0153 0.0316 0.0014 0.0001 0.0284 0.0080 0.6184 0.1351 0.0072 0.0128 
0.0551 0.0395 0.0160 0.0097 0.0006 0.0241 0.0078 0.0273 0.0026 0.0001 0.0248 0.0038 0.5542 0.0248 0.1952 0.0145 
0.0609 0.0297 0.1221 0.0403 0.0005 0.0251 0.0171 0.0254 0.0129 0.0008 0.0296 0.0032 0.0735 0.0275 0.0073 0.5242 
0.2108 0.0310 0.4611 0.0867 0.0013 0.0303 0.0131 0.0267 0.0019 0.0001 0.0270 0.0064 0.0211 0.0332 0.0184 0.0311 
0.0666 0.0355 0.2996 0.1083 0.0083 0.3079 0.0048 0.0367 0.0002 0.0013 0.0393 0.0070 0.0283 0.0326 0.0080 0.0157 
0.0764 0.0577 0.0094 0.2313 0.0307 0.1184 0.0054 0.0447 0.0027 0.0005 0.3331 0.0193 0.0141 0.0435 0.0038 0.0091 
0.0679 0.0768 0.0113 0.2789 0.0046 0.0479 0.0037 0.0411 0.0032 0.0018 0.0605 0.3495 0.0113 0.0310 0.0073 0.0030 
0.0949 0.1008 0.1342 0.2131 0.0040 0.0601 0.0125 0.0518 0.0264 0.0008 0.0490 0.0230 0.0246 0.0459 0.0246 0.1344 
0.0716 0.0473 0.3313 0.3635 0.0032 0.0331 0.0144 0.0339 0.0030 0.0001 0.0351 0.0019 0.0059 0.0324 0.0034 0.0201 
0.0318 0.0171 0.4353 0.2589 0.0016 0.1877 0.0021 0.0165 0.0018 0.0008 0.0163 0.0042 0.0022 0.0137 0.0067 0.0034 
0.0494 0.0498 0.0382 0.5734 0.0034 0.0532 0.0013 0.0262 0.0035 0.0001 0.1644 0.0070 0.0013 0.0249 0.0022 0.0018 
0.0481 0.0578 0.0112 0.5703 0.0227 0.0419 0.0016 0.0335 0.0019 0.0003 0.0284 0.1288 0.0107 0.0302 0.0070 0.0056 
0.0648 0.0466 0.0208 0.4469 0.0358 0.1126 0.0152 0.0428 0.0163 0.0002 0.0315 0.0131 0.0337 0.0382 0.0163 0.0653 
0.1262 0.0599 0.0751 0.1443 0.0441 0.1221 0.0212 0.0738 0.0933 0.0018 0.0633 0.0059 0.0473 0.0765 0.0089 0.0363 
