0.0757 0.1146 0.1826 0.0703 0.0078 0.2441 0.0161 0.0518 0.0152 0.0072 0.0973 0.0105 0.0415 0.0406 0.0040 0.0206 
0.0562 0.0359 0.0099 0.0252 0.2623 0.0602 0.0971 0.0383 0.0319 0.0037 0.2573 0.0449 0.0369 0.0312 0.0030 0.0058 
0.0894 0.0973 0.0155 0.0316 0.0081 0.0744 0.0054 0.2749 0.0016 0.0045 0.0589 0.2265 0.0367 0.0393 0.0252 0.0105 
0.0623 0.0470 0.0080 0.0976 0.0013 0.0310 0.0040 0.0363 0.4132 0.0358 0.0582 0.0187 0.0487 0.0351 0.0117 0.0912 
0.2609 0.0521 0.2002 0.0955 0.0054 0.0559 0.0078 0.0492 0.0121 0.0003 0.0631 0.0588 0.0700 0.0481 0.0107 0.0099 
0.0548 0.0335 0.5228 0.1616 0.0022 0.0398 0.0030 0.0252 0.0019 0.0001 0.0286 0.0096 0.0537 0.0270 0.0134 0.0228 
0.0653 0.0292 0.0147 0.5835 0.0086 0.0818 0.0030 0.0249 0.0038 0.0003 0.0326 0.0058 0.1133 0.0243 0.0056 0.0032 
0.1296 0.1006 0.0118 0.0834 0.1430 0.1668 0.0286 0.0663 0.0014 0.0027 0.0987 0.0161 0.0634 0.0668 0.0064 0.0144 
0.1118 0.0668 0.0032 0.0805 0.0457 0.0663 0.0219 0.1115 0.0022 0.0046 0.2062 0.0335 0.0434 0.1953 0.0032 0.0038 
0.0895 0.0681 0.0463 0.0179 0.0097 0.0562 0.0042 0.0679 0.0337 0.0078 0.0505 0.0224 0.0379 0.0462 0.4360 0.0058 
0.1105 0.0653 0.0225 0.0356 0.0027 0.0653 0.0027 0.0613 0.0283 0.0174 0.0698 0.0144 0.0398 0.0529 0.0067 0.4046 
0.3680 0.0933 0.0517 0.0303 0.0035 0.1041 0.0123 0.0725 0.0172 0.0014 0.0805 0.0230 0.0171 0.0722 0.0220 0.0307 
0.0767 0.0594 0.5184 0.0497 0.0016 0.0509 0.0045 0.0393 0.0022 0.0001 0.0592 0.0078 0.0683 0.0423 0.0029 0.0168 
0.1059 0.0664 0.1311 0.3455 0.0046 0.0618 0.0077 0.0492 0.0005 0.0005 0.0549 0.0292 0.0877 0.0473 0.0048 0.0029 
0.0628 0.0328 0.0559 0.5768 0.0029 0.0313 0.0051 0.0332 0.0016 0.0001 0.0427 0.0045 0.0636 0.0300 0.0089 0.0479 
0.0656 0.0340 0.0538 0.4803 0.0026 0.1378 0.0069 0.0316 0.0010 0.0005 0.0337 0.0216 0.0922 0.0316 0.0016 0.0053 
0.1135 0.0818 0.0243 0.2827 0.0064 0.0872 0.0010 0.0578 0.0008 0.0026 0.0943 0.0046 0.1812 0.0535 0.0046 0.0037 
0.1155 0.1867 0.0217 0.1786 0.0046 0.1377 0.0046 0.0605 0.0067 0.0005 0.0741 0.0682 0.0679 0.0559 0.0056 0.0112 
0.1110 0.0588 0.0417 0.1206 0.0288 0.0813 0.0131 0.0578 0.0032 0.0006 0.2237 0.0276 0.1599 0.0612 0.0032 0.0073 
0.0923 0.0792 0.0789 0.0634 0.0075 0.0599 0.0008 0.0617 0.0006 0.0003 0.0508 0.1805 0.2607 0.0460 0.0053 0.0120 
0.0698 0.0606 0.0102 0.0818 0.0061 0.0556 0.0158 0.0372 0.0163 0.0011 0.0399 0.0077 0.5367 0.0332 0.0061 0.0219 
0.0831 0.0548 0.0296 0.0339 0.0204 0.0703 0.0329 0.0442 0.0059 0.0003 0.0660 0.0080 0.4792 0.0569 0.0081 0.0064 
0.0947 0.0933 0.0366 0.0436 0.0034 0.0636 0.0034 0.0607 0.0006 0.0005 0.0524 0.0486 0.4166 0.0476 0.0248 0.0097 
0.0914 0.0487 0.0182 0.1340 0.0026 0.0532 0.0032 0.0479 0.0205 0.0160 0.0585 0.0128 0.3948 0.0473 0.0128 0.0382 
0.0933 0.0545 0.0952 0.1235 0.0051 0.0441 0.0045 0.0450 0.0034 0.0001 0.0502 0.0220 0.3906 0.0460 0.0080 0.0147 
0.1061 0.0545 0.0823 0.1196 0.0152 0.0842 0.0161 0.0526 0.0019 0.0006 0.0554 0.0165 0.2850 0.0580 0.0236 0.0284 
0.1113 0.0577 0.0781 0.1835 0.0083 0.0736 0.0042 0.0621 0.0018 0.0006 0.1024 0.0065 0.2176 0.0567 0.0204 0.0150 
0.1173 0.0824 0.0193 0.0403 0.0056 0.2073 0.0027 0.0589 0.0173 0.0016 0.0588 0.0660 0.2134 0.0548 0.0065 0.0478 
0.0842 0.0452 0.0158 0.0211 0.0062 0.0573 0.0043 0.0401 0.0043 0.0097 0.2391 0.0192 0.4000 0.0394 0.0038 0.0102 
0.0705 0.0479 0.0155 0.0145 0.0062 0.0590 0.0030 0.0355 0.0005 0.0008 0.0909 0.1754 0.4263 0.0444 0.0059 0.0037 
0.0647 0.0355 0.0168 0.0227 0.0014 0.0395 0.0046 0.0345 0.0064 0.0005 0.0490 0.1316 0.5425 0.0350 0.0051 0.0102 
0.0490 0.0248 0.0573 0.0203 0.0024 0.0241 0.0022 0.0236 0.0021 0.0005 0.0291 0.0214 0.7002 0.0236 0.0072 0.0121 
0.0591 0.0288 0.0198 0.0104 0.0046 0.0626 0.0134 0.0289 0.0005 0.0002 0.0278 0.0131 0.6681 0.0468 0.0088 0.0072 
0.0583 0.0529 0.0077 0.0176 0.0008 0.0297 0.0034 0.0305 0.0002 0.0001 0.0308 0.0059 0.7061 0.0286 0.0214 0.0064 
0.0514 0.0251 0.0042 0.0438 0.0008 0.0276 0.0038 0.0256 0.0043 0.0026 0.0329 0.0064 0.7300 0.0248 0.0045 0.0123 
0.0567 0.0268 0.0319 0.0212 0.0016 0.0251 0.0022 0.0275 0.0005 0.0001 0.0273 0.0069 0.7274 0.0292 0.0059 0.0099 
0.0551 0.0313 0.0169 0.0251 0.0232 0.0411 0.0070 0.0270 0.0003 0.0001 0.0265 0.0064 0.6580 0.0692 0.0072 0.0059 
0.0727 0.0554 0.0094 0.0390 0.0075 0.0398 0.0037 0.0422 0.0006 0.0001 0.0383 0.0021 0.5664 0.0374 0.0760 0.0096 
0.0581 0.0297 0.0123 0.0827 0.0027 0.0383 0.0018 0.0342 0.0061 0.0032 0.0375 0.0126 0.5519 0.0289 0.0034 0.0965 
0.1428 0.0594 0.0727 0.0374 0.0026 0.0639 0.0081 0.0490 0.0091 0.0022 0.0530 0.0205 0.3651 0.0527 0.0113 0.0500 
0.0695 0.0696 0.2249 0.2192 0.0038 0.0294 0.0259 0.0316 0.0019 0.0001 0.0364 0.0109 0.1791 0.0331 0.0272 0.0377 
0.0827 0.0399 0.1602 0.1224 0.0155 0.2818 0.0195 0.0406 0.0003 0.0013 0.0407 0.0182 0.1110 0.0452 0.0085 0.0121 
0.0893 0.0430 0.0428 0.0717 0.0080 0.0802 0.0014 0.0625 0.0022 0.0029 0.4454 0.0070 0.0861 0.0460 0.0040 0.0073 
0.0912 0.0803 0.0064 0.0548 0.0077 0.1789 0.0061 0.0489 0.0133 0.0029 0.0851 0.3170 0.0371 0.0530 0.0093 0.0081 
0.1230 0.0834 0.0788 0.0382 0.0035 0.0720 0.0129 0.0642 0.0081 0.0040 0.1762 0.0339 0.1169 0.0628 0.0781 0.0439 
0.1034 0.1015 0.2075 0.0425 0.0018 0.0634 0.0077 0.0478 0.0182 0.0027 0.0490 0.0591 0.0326 0.0519 0.0144 0.1965 
0.0801 0.0497 0.4791 0.0906 0.0088 0.0652 0.0121 0.0385 0.0014 0.0011 0.0435 0.0070 0.0575 0.0391 0.0059 0.0203 
0.0772 0.0500 0.4522 0.1319 0.0037 0.0768 0.0048 0.0415 0.0011 0.0008 0.0641 0.0073 0.0353 0.0367 0.0050 0.0115 
0.0912 0.0446 0.0543 0.4698 0.0046 0.0656 0.0085 0.0431 0.0050 0.0006 0.0661 0.0738 0.0268 0.0406 0.0018 0.0037 
0.0925 0.0463 0.0174 0.4297 0.0073 0.1094 0.0016 0.0489 0.0019 0.0010 0.0725 0.0283 0.0912 0.0444 0.0053 0.0022 
0.0778 0.0548 0.0048 0.2642 0.0048 0.0573 0.0021 0.0387 0.0043 0.0001 0.0569 0.0371 0.3512 0.0380 0.0013 0.0069 
0.0602 0.0419 0.0069 0.1872 0.0034 0.0502 0.0035 0.0305 0.0043 0.0001 0.0375 0.0214 0.5134 0.0294 0.0061 0.0042 
0.0620 0.0409 0.0174 0.0893 0.0089 0.0490 0.0018 0.0321 0.0029 0.0006 0.0374 0.0059 0.6119 0.0304 0.0016 0.0078 
0.0564 0.0383 0.0104 0.0514 0.0081 0.0396 0.0040 0.0348 0.0010 0.0019 0.0343 0.0171 0.6603 0.0291 0.0065 0.0067 
0.0915 0.0489 0.0232 0.0185 0.0474 0.0628 0.0791 0.0484 0.0061 0.0014 0.0677 0.0196 0.3714 0.1029 0.0061 0.0050 
0.0990 0.0586 0.0061 0.0241 0.0029 0.0540 0.0021 0.0754 0.0006 0.0005 0.0604 0.0323 0.4432 0.0489 0.0856 0.0064 
0.0888 0.0446 0.0045 0.0387 0.0018 0.0474 0.0026 0.0492 0.0545 0.0152 0.0589 0.0236 0.3866 0.0460 0.0152 0.1225 
0.1304 0.0385 0.0136 0.0201 0.0034 0.0481 0.0069 0.0367 0.0024 0.0001 0.0380 0.0212 0.5848 0.0383 0.0067 0.0110 
0.0952 0.0733 0.0565 0.0145 0.0024 0.0786 0.0037 0.0471 0.0014 0.0006 0.0510 0.0046 0.4800 0.0575 0.0113 0.0222 
0.0915 0.0644 0.0395 0.0556 0.0018 0.0503 0.0026 0.0468 0.0094 0.0003 0.0601 0.0117 0.4742 0.0514 0.0171 0.0235 
0.0955 0.0567 0.1016 0.0998 0.0026 0.0455 0.0077 0.0454 0.0013 0.0002 0.0532 0.0206 0.3618 0.0503 0.0142 0.0436 
0.0752 0.0436 0.2412 0.1584 0.0014 0.0340 0.0161 0.0372 0.0032 0.0001 0.0383 0.0089 0.2080 0.0399 0.0256 0.0690 
0.1013 0.0495 0.2259 0.1813 0.0337 0.1066 0.0425 0.0486 0.0006 0.0003 0.0481 0.0073 0.0751 0.0516 0.0189 0.0086 
0.1144 0.0788 0.0540 0.0414 0.0104 0.3706 0.0034 0.0799 0.0003 0.0019 0.0989 0.0062 0.0351 0.0612 0.0141 0.0296 
0.1065 0.1084 0.0200 0.0248 0.0045 0.1340 0.0029 0.0572 0.0195 0.0064 0.3321 0.0561 0.0446 0.0541 0.0115 0.0176 
0.0804 0.1053 0.0396 0.0139 0.0066 0.0968 0.0058 0.0379 0.0161 0.0016 0.1189 0.3988 0.0205 0.0366 0.0022 0.0190 
0.1193 0.1358 0.0973 0.0462 0.0034 0.0625 0.0149 0.0543 0.0018 0.0003 0.0815 0.0879 0.1819 0.0514 0.0099 0.0518 
0.0768 0.0380 0.3084 0.0796 0.0037 0.0641 0.0080 0.0393 0.0032 0.0010 0.0438 0.0732 0.2139 0.0348 0.0048 0.0075 
0.0738 0.0875 0.0198 0.0109 0.0050 0.3049 0.0034 0.0388 0.0018 0.0019 0.0431 0.0216 0.3397 0.0374 0.0018 0.0088 
0.0922 0.0471 0.0024 0.0343 0.0038 0.0532 0.0035 0.0476 0.0046 0.0016 0.3575 0.0222 0.2670 0.0500 0.0059 0.0070 
0.0597 0.0420 0.0371 0.0073 0.0021 0.0307 0.0024 0.0294 0.0046 0.0006 0.0446 0.3971 0.3030 0.0302 0.0048 0.0043 
0.0490 0.0244 0.0209 0.0164 0.0029 0.0267 0.0026 0.0247 0.0019 0.0003 0.0257 0.0284 0.7310 0.0249 0.0075 0.0126 
0.0479 0.0262 0.0174 0.0117 0.0022 0.0465 0.0072 0.0256 0.0003 0.0001 0.0251 0.0082 0.7416 0.0243 0.0058 0.0102 
0.0495 0.0442 0.0112 0.0133 0.0016 0.0308 0.0050 0.0254 0.0013 0.0001 0.0292 0.0048 0.7422 0.0284 0.0032 0.0101 
0.0476 0.0257 0.0091 0.0546 0.0021 0.0244 0.0075 0.0227 0.0056 0.0002 0.0275 0.0117 0.7293 0.0235 0.0059 0.0026 
0.0478 0.0246 0.0260 0.0268 0.0027 0.0324 0.0117 0.0265 0.0014 0.0001 0.0268 0.0086 0.6862 0.0291 0.0094 0.0398 
0.0500 0.0283 0.0778 0.0324 0.0011 0.0382 0.0222 0.0249 0.0032 0.0003 0.0275 0.0072 0.6099 0.0310 0.0169 0.0291 
0.0799 0.0789 0.0680 0.0666 0.0032 0.0409 0.0026 0.0375 0.0037 0.0086 0.0581 0.0113 0.4649 0.0387 0.0134 0.0236 
0.1045 0.0599 0.0454 0.0056 0.0506 0.1816 0.0839 0.0561 0.0051 0.0024 0.0562 0.0345 0.0939 0.1744 0.0102 0.0356 
0.1171 0.0640 0.0609 0.0201 0.0292 0.0637 0.0422 0.0805 0.0022 0.0006 0.2370 0.0139 0.0240 0.1929 0.0374 0.0142 
0.0997 0.0527 0.0327 0.0113 0.0040 0.0644 0.0062 0.0692 0.0193 0.0455 0.0505 0.1150 0.0516 0.0481 0.2585 0.0712 
0.1390 0.0685 0.0361 0.0355 0.0026 0.0212 0.0035 0.0227 0.0289 0.0115 0.0339 0.0088 0.0463 0.0236 0.0075 0.5104 
0.2482 0.0532 0.0498 0.0422 0.0085 0.2117 0.0080 0.0524 0.0054 0.0070 0.0610 0.0345 0.1484 0.0546 0.0086 0.0064 
0.0757 0.0380 0.1820 0.0620 0.0073 0.0554 0.0029 0.0447 0.0014 0.0050 0.3534 0.0299 0.0962 0.0356 0.0019 0.0085 
0.0503 0.0374 0.0030 0.2007 0.0056 0.0492 0.0035 0.0280 0.0045 0.0003 0.0382 0.5416 0.0077 0.0227 0.0038 0.0035 
0.0652 0.0358 0.0353 0.1073 0.0059 0.0519 0.0078 0.0342 0.0050 0.0005 0.0522 0.0236 0.5331 0.0313 0.0040 0.0070 
0.0532 0.0442 0.0240 0.0767 0.0038 0.0580 0.0019 0.0315 0.0022 0.0010 0.0313 0.0196 0.6120 0.0273 0.0018 0.0115 
0.0460 0.0288 0.0177 0.0915 0.0053 0.0326 0.0010 0.0235 0.0073 0.0029 0.0251 0.0153 0.6761 0.0212 0.0029 0.0027 
0.0479 0.0273 0.0050 0.0310 0.0042 0.0724 0.0030 0.0259 0.0021 0.0008 0.0320 0.0102 0.6952 0.0288 0.0030 0.0113 
0.0527 0.0265 0.0077 0.0195 0.0016 0.0359 0.0024 0.0267 0.0019 0.0001 0.0983 0.0257 0.6630 0.0276 0.0050 0.0054 
0.0423 0.0302 0.0096 0.0067 0.0022 0.0222 0.0016 0.0214 0.0024 0.0005 0.0246 0.1105 0.7003 0.0206 0.0016 0.0034 
0.0522 0.0252 0.0035 0.0220 0.0011 0.0396 0.0026 0.0264 0.0021 0.0001 0.0248 0.0072 0.7440 0.0268 0.0035 0.0189 
0.0494 0.0251 0.0312 0.0051 0.0019 0.0435 0.0037 0.0244 0.0003 0.0001 0.0291 0.0058 0.7479 0.0249 0.0038 0.0040 
0.0508 0.0466 0.0110 0.0112 0.0006 0.0256 0.0024 0.0260 0.0010 0.0002 0.0308 0.0109 0.7480 0.0257 0.0019 0.0073 
0.0481 0.0236 0.0056 0.0634 0.0005 0.0248 0.0030 0.0229 0.0013 0.0001 0.0254 0.0101 0.7371 0.0267 0.0042 0.0035 
0.0415 0.0219 0.0819 0.0149 0.0014 0.0272 0.0024 0.0209 0.0005 0.0001 0.0233 0.0048 0.7209 0.0212 0.0101 0.0070 
0.0409 0.0248 0.0096 0.0473 0.0121 0.0318 0.0230 0.0206 0.0001 0.0001 0.0204 0.0038 0.6890 0.0612 0.0040 0.0118 
0.0498 0.0383 0.0160 0.0514 0.0059 0.0305 0.0054 0.0273 0.0003 0.0005 0.0268 0.0035 0.5916 0.0280 0.1112 0.0133 
0.0455 0.0521 0.0219 0.1256 0.0027 0.0208 0.0064 0.0220 0.0238 0.0022 0.0241 0.0069 0.1149 0.0217 0.0182 0.4911 
0.1278 0.0428 0.0810 0.0768 0.0054 0.1788 0.0235 0.0449 0.0038 0.0035 0.0439 0.0185 0.2915 0.0439 0.0051 0.0086 
0.1027 0.0541 0.1365 0.0682 0.0091 0.0714 0.0027 0.0569 0.0030 0.0050 0.3282 0.0075 0.1025 0.0447 0.0018 0.0057 
0.0805 0.0468 0.0061 0.0601 0.0075 0.0906 0.0075 0.0406 0.0056 0.0013 0.1104 0.4801 0.0126 0.0438 0.0027 0.0038 
0.0930 0.0527 0.0161 0.0307 0.0048 0.0596 0.0035 0.0489 0.0042 0.0014 0.1329 0.0628 0.4068 0.0483 0.0228 0.0115 
0.0498 0.0315 0.0070 0.0304 0.0059 0.0391 0.0008 0.0264 0.0072 0.0014 0.0302 0.1610 0.5684 0.0236 0.0021 0.0152 
0.0634 0.0273 0.0212 0.0134 0.0026 0.0420 0.0043 0.0289 0.0034 0.0006 0.0303 0.0105 0.7123 0.0246 0.0059 0.0091 
0.0503 0.0292 0.0107 0.0120 0.0016 0.0621 0.0057 0.0267 0.0026 0.0001 0.0308 0.0105 0.7262 0.0257 0.0013 0.0045 
0.0535 0.0545 0.0096 0.0123 0.0016 0.0272 0.0021 0.0268 0.0014 0.0008 0.0308 0.0118 0.7367 0.0265 0.0013 0.0030 
0.0492 0.0243 0.0161 0.0450 0.0010 0.0299 0.0016 0.0262 0.0010 0.0001 0.0273 0.0109 0.7272 0.0257 0.0064 0.0083 
0.0508 0.0252 0.0522 0.0160 0.0010 0.0273 0.0016 0.0246 0.0010 0.0001 0.0283 0.0054 0.7353 0.0254 0.0024 0.0037 
0.0557 0.0287 0.0038 0.0385 0.0006 0.0291 0.0005 0.0273 0.0008 0.0002 0.0281 0.0051 0.7458 0.0289 0.0034 0.0035 
0.0511 0.0294 0.0057 0.0494 0.0022 0.0259 0.0013 0.0251 0.0003 0.0001 0.0265 0.0026 0.7451 0.0281 0.0045 0.0030 
0.0474 0.0235 0.0125 0.0658 0.0010 0.0291 0.0027 0.0248 0.0005 0.0001 0.0251 0.0038 0.7222 0.0241 0.0081 0.0096 
0.0522 0.0262 0.0038 0.0679 0.0006 0.0356 0.0053 0.0246 0.0014 0.0001 0.0278 0.0027 0.7146 0.0246 0.0032 0.0096 
0.0497 0.0355 0.0113 0.0521 0.0013 0.0264 0.0059 0.0240 0.0005 0.0002 0.0324 0.0030 0.7237 0.0236 0.0040 0.0064 
0.0524 0.0342 0.0073 0.0217 0.0083 0.0313 0.0048 0.0265 0.0008 0.0005 0.0315 0.0136 0.7105 0.0307 0.0043 0.0216 
0.0818 0.0423 0.0201 0.0160 0.0252 0.0471 0.0113 0.0439 0.0006 0.0003 0.0714 0.0150 0.1043 0.5081 0.0059 0.0064 
0.0550 0.0312 0.0211 0.0200 0.0022 0.0284 0.0014 0.0463 0.0008 0.0013 0.0380 0.0252 0.0671 0.0272 0.6283 0.0065 
0.0660 0.0377 0.0091 0.0272 0.0026 0.0550 0.0043 0.0340 0.0284 0.0064 0.0382 0.0166 0.1058 0.0316 0.0048 0.5324 
0.3855 0.0676 0.0265 0.0308 0.0040 0.0615 0.0094 0.0564 0.0053 0.0001 0.0658 0.0056 0.1735 0.0752 0.0174 0.0155 
0.0808 0.0454 0.3743 0.0145 0.0037 0.1002 0.0089 0.0398 0.0003 0.0003 0.0442 0.0214 0.2067 0.0364 0.0160 0.0070 
0.1152 0.0687 0.0410 0.1273 0.0081 0.0775 0.0062 0.0551 0.0067 0.0022 0.1471 0.0110 0.2276 0.0577 0.0137 0.0348 
0.1093 0.0879 0.0222 0.0494 0.0249 0.1601 0.0415 0.0567 0.0083 0.0005 0.0658 0.0915 0.0484 0.2056 0.0046 0.0232 
0.1042 0.1080 0.0567 0.1328 0.0029 0.0499 0.0072 0.0610 0.0056 0.0010 0.0604 0.0165 0.0409 0.0510 0.2723 0.0297 
0.0807 0.0380 0.1489 0.1141 0.0040 0.0808 0.0040 0.0375 0.0152 0.0387 0.0380 0.0276 0.0636 0.0379 0.0038 0.2673 
0.2209 0.0682 0.0818 0.0827 0.0067 0.1270 0.0077 0.0631 0.0022 0.0029 0.1609 0.0118 0.0898 0.0625 0.0029 0.0089 
0.0871 0.3350 0.0482 0.0912 0.0061 0.0831 0.0088 0.0455 0.0083 0.0029 0.0716 0.0712 0.0826 0.0458 0.0058 0.0069 
0.1203 0.1164 0.0655 0.1570 0.0061 0.1056 0.0053 0.0594 0.0038 0.0011 0.0655 0.0474 0.1685 0.0551 0.0109 0.0121 
0.0922 0.0463 0.2589 0.1070 0.0019 0.0671 0.0059 0.0505 0.0021 0.0002 0.1181 0.0157 0.1738 0.0452 0.0059 0.0093 
0.1115 0.0620 0.0933 0.1494 0.0050 0.0960 0.0032 0.0561 0.0029 0.0005 0.0622 0.1569 0.1296 0.0532 0.0134 0.0050 
0.0661 0.0490 0.0038 0.0685 0.0425 0.0834 0.0091 0.0335 0.0003 0.0002 0.0447 0.0125 0.5377 0.0388 0.0029 0.0069 
0.0797 0.0497 0.0144 0.0845 0.0016 0.0443 0.0014 0.0737 0.0003 0.0003 0.0506 0.0189 0.5274 0.0379 0.0081 0.0072 
0.0735 0.0422 0.0161 0.0484 0.0035 0.0474 0.0026 0.0366 0.0267 0.0048 0.0505 0.0209 0.5657 0.0356 0.0141 0.0115 
0.0901 0.0383 0.0430 0.0176 0.0120 0.0436 0.0078 0.0414 0.0003 0.0001 0.0458 0.0228 0.5706 0.0374 0.0110 0.0184 
0.0670 0.0535 0.0208 0.0066 0.0801 0.0526 0.0534 0.0339 0.0003 0.0003 0.0352 0.0201 0.5097 0.0524 0.0024 0.0118 
0.0757 0.0628 0.0080 0.0337 0.0014 0.0396 0.0016 0.0987 0.0005 0.0005 0.0439 0.0065 0.5340 0.0353 0.0527 0.0050 
0.0882 0.0462 0.0419 0.0494 0.0011 0.0428 0.0073 0.0458 0.0581 0.0051 0.0597 0.0184 0.4177 0.0433 0.0142 0.0607 
0.1465 0.0575 0.0759 0.0180 0.0371 0.0602 0.0462 0.0533 0.0024 0.0001 0.0535 0.0251 0.2728 0.1196 0.0141 0.0180 
0.1252 0.0578 0.2004 0.0450 0.0126 0.0640 0.0077 0.0658 0.0008 0.0005 0.0572 0.0085 0.1623 0.0677 0.0965 0.0280 
0.1027 0.0871 0.0669 0.0653 0.0486 0.0607 0.0184 0.0529 0.0067 0.0647 0.0618 0.0173 0.0636 0.1165 0.0161 0.1508 
0.1433 0.0807 0.0332 0.0219 0.0137 0.2340 0.0313 0.1061 0.0061 0.0048 0.0668 0.0147 0.1206 0.0650 0.0466 0.0112 
0.0673 0.0425 0.0772 0.0558 0.0054 0.0420 0.0037 0.0490 0.0182 0.0745 0.3795 0.0136 0.0358 0.0348 0.0014 0.0994 
0.1152 0.1235 0.0235 0.1246 0.0037 0.0717 0.0198 0.0419 0.0113 0.0061 0.0436 0.3345 0.0096 0.0415 0.0216 0.0080 
0.0959 0.0502 0.2202 0.1537 0.0117 0.0737 0.0300 0.0596 0.0083 0.0018 0.0650 0.0292 0.0836 0.0516 0.0165 0.0492 
0.1294 0.0725 0.0946 0.1621 0.0383 0.1211 0.0201 0.0804 0.0117 0.0008 0.0634 0.0535 0.0398 0.0623 0.0160 0.0340 
0.1224 0.0478 0.0308 0.1548 0.0439 0.1463 0.0104 0.0725 0.1062 0.0062 0.0660 0.0110 0.0390 0.0986 0.0091 0.0350 
