0.0724 0.0369 0.1925 0.3296 0.0046 0.0808 0.0184 0.0367 0.0048 0.0042 0.0901 0.0358 0.0489 0.0350 0.0026 0.0069 
0.0770 0.0820 0.1321 0.2790 0.0021 0.1329 0.0026 0.0484 0.0008 0.0027 0.0975 0.0224 0.0700 0.0374 0.0027 0.0105 
0.0859 0.0436 0.0112 0.0993 0.0037 0.2206 0.0027 0.0433 0.0161 0.0013 0.2893 0.0808 0.0497 0.0420 0.0057 0.0048 
0.1309 0.1001 0.0086 0.0372 0.0070 0.1100 0.0018 0.0650 0.0018 0.0011 0.1827 0.2157 0.0701 0.0626 0.0010 0.0043 
0.0810 0.0457 0.0010 0.0081 0.0022 0.2158 0.0006 0.0473 0.0003 0.0040 0.0558 0.3227 0.1721 0.0399 0.0011 0.0022 
0.0675 0.0390 0.0030 0.0014 0.0011 0.0362 0.0013 0.0335 0.0014 0.0011 0.1440 0.0350 0.5959 0.0356 0.0008 0.0030 
0.0276 0.0179 0.0024 0.0014 0.0010 0.0120 0.0019 0.0131 0.0011 0.0001 0.0204 0.2949 0.5850 0.0153 0.0038 0.0022 
0.0535 0.0276 0.0026 0.0016 0.0011 0.0276 0.0026 0.0272 0.0008 0.0001 0.0307 0.0212 0.7635 0.0283 0.0045 0.0073 
0.0573 0.0276 0.0027 0.0006 0.0010 0.0304 0.0032 0.0297 0.0008 0.0001 0.0296 0.0107 0.7561 0.0313 0.0088 0.0104 
0.0545 0.0296 0.0171 0.0013 0.0008 0.0267 0.0206 0.0270 0.0005 0.0001 0.0272 0.0032 0.7471 0.0335 0.0026 0.0086 
0.0585 0.0327 0.0131 0.0019 0.0010 0.0280 0.0062 0.0280 0.0006 0.0001 0.0305 0.0035 0.7482 0.0276 0.0101 0.0102 
0.0767 0.0383 0.0160 0.0067 0.0029 0.0476 0.0120 0.0382 0.0053 0.0019 0.0442 0.0070 0.0265 0.6275 0.0034 0.0458 
0.0505 0.0283 0.0260 0.0058 0.0011 0.0243 0.0008 0.0252 0.0003 0.0002 0.0308 0.0105 0.0220 0.0268 0.7436 0.0037 
0.0415 0.0847 0.0150 0.0287 0.0024 0.0196 0.0062 0.0220 0.0077 0.0027 0.0224 0.0094 0.0444 0.0206 0.0030 0.6695 
0.4997 0.0618 0.0273 0.0419 0.0029 0.0724 0.0067 0.0634 0.0010 0.0002 0.0653 0.0072 0.0684 0.0645 0.0137 0.0037 
0.0631 0.1398 0.4750 0.0246 0.0024 0.0591 0.0062 0.0347 0.0064 0.0027 0.0497 0.0064 0.0636 0.0345 0.0040 0.0280 
0.0607 0.0557 0.0077 0.6708 0.0013 0.0307 0.0038 0.0275 0.0024 0.0003 0.0347 0.0193 0.0458 0.0267 0.0061 0.0065 
0.0686 0.0374 0.2236 0.0757 0.0014 0.3805 0.0086 0.0331 0.0014 0.0011 0.0356 0.0150 0.0740 0.0332 0.0026 0.0081 
0.0518 0.0238 0.0444 0.0888 0.0021 0.1936 0.0014 0.0280 0.0002 0.0046 0.4882 0.0094 0.0327 0.0259 0.0026 0.0026 
0.0310 0.0759 0.0030 0.0177 0.0043 0.1203 0.0008 0.0187 0.0005 0.0008 0.0489 0.6211 0.0366 0.0161 0.0026 0.0018 
0.0775 0.0757 0.0002 0.0160 0.0053 0.0396 0.0089 0.0399 0.0008 0.0013 0.0829 0.0799 0.4862 0.0393 0.0126 0.0339 
0.0527 0.0284 0.0401 0.0134 0.0227 0.0241 0.1232 0.0260 0.0021 0.0001 0.0313 0.0460 0.5439 0.0307 0.0043 0.0110 
0.0743 0.0361 0.0546 0.0056 0.0018 0.0415 0.0022 0.0395 0.0001 0.0001 0.0355 0.0102 0.6328 0.0355 0.0246 0.0059 
0.0682 0.0342 0.0027 0.0037 0.0006 0.0460 0.0006 0.0398 0.0043 0.0435 0.0567 0.0022 0.6527 0.0343 0.0026 0.0078 
0.0818 0.0529 0.0001 0.0019 0.0013 0.0492 0.0019 0.0420 0.0046 0.0001 0.0506 0.0441 0.6070 0.0414 0.0203 0.0013 
0.0890 0.0455 0.0016 0.0018 0.0059 0.0380 0.0506 0.0383 0.0010 0.0001 0.0438 0.0126 0.5165 0.1273 0.0133 0.0149 
0.1148 0.0679 0.0864 0.0042 0.0010 0.0439 0.0040 0.0452 0.0001 0.0001 0.0438 0.0069 0.4482 0.0474 0.0669 0.0196 
0.0952 0.0462 0.2290 0.0125 0.0003 0.0462 0.0053 0.0479 0.0021 0.0105 0.0543 0.0010 0.3595 0.0433 0.0096 0.0372 
0.0956 0.0586 0.0942 0.0513 0.0011 0.0552 0.0112 0.0607 0.0010 0.0001 0.0565 0.0069 0.4225 0.0568 0.0131 0.0155 
0.1199 0.0643 0.0078 0.2888 0.0147 0.0655 0.0042 0.0533 0.0006 0.0001 0.0583 0.0080 0.2285 0.0627 0.0117 0.0118 
0.0955 0.0502 0.0588 0.0585 0.2376 0.0813 0.0267 0.0473 0.0008 0.0010 0.0534 0.0067 0.0433 0.1718 0.0407 0.0265 
0.0811 0.1557 0.1225 0.1064 0.0018 0.0503 0.0050 0.1699 0.0019 0.0070 0.0466 0.0099 0.0391 0.0426 0.1049 0.0551 
0.0550 0.0705 0.0190 0.0211 0.0037 0.2168 0.0018 0.0256 0.3017 0.1349 0.0265 0.0102 0.0171 0.0268 0.0048 0.0646 
0.2412 0.2182 0.0133 0.1224 0.0050 0.0570 0.0058 0.0500 0.0080 0.0010 0.1748 0.0158 0.0284 0.0490 0.0042 0.0061 
0.0810 0.0874 0.0153 0.0393 0.0014 0.2468 0.0056 0.0399 0.0010 0.0032 0.0508 0.3456 0.0366 0.0375 0.0062 0.0024 
0.1035 0.0534 0.0345 0.0113 0.0021 0.0612 0.0050 0.0537 0.0126 0.0075 0.4500 0.0335 0.0976 0.0562 0.0078 0.0101 
0.0660 0.0438 0.0078 0.0112 0.0040 0.0415 0.0133 0.0321 0.0008 0.0056 0.1799 0.4970 0.0460 0.0369 0.0054 0.0088 
0.0779 0.0431 0.0137 0.0045 0.0018 0.0676 0.0043 0.0369 0.0013 0.0045 0.0509 0.3267 0.3031 0.0378 0.0064 0.0195 
0.0557 0.0281 0.0267 0.0013 0.0008 0.0337 0.0032 0.0280 0.0026 0.0075 0.0355 0.0235 0.7100 0.0280 0.0056 0.0101 
0.0650 0.0316 0.0172 0.0050 0.0006 0.0287 0.0024 0.0284 0.0003 0.0001 0.0382 0.0112 0.7378 0.0284 0.0016 0.0037 
0.0526 0.0270 0.0198 0.0112 0.0003 0.0302 0.0027 0.0268 0.0008 0.0001 0.0294 0.0284 0.7425 0.0265 0.0016 0.0003 
0.0545 0.0280 0.0014 0.0220 0.0003 0.0414 0.0006 0.0280 0.0006 0.0001 0.0283 0.0045 0.7553 0.0307 0.0019 0.0027 
0.0564 0.0304 0.0019 0.0104 0.0002 0.0312 0.0029 0.0276 0.0006 0.0001 0.0323 0.0056 0.7567 0.0283 0.0105 0.0053 
0.0559 0.0297 0.0144 0.0030 0.0006 0.0273 0.0022 0.0267 0.0005 0.0001 0.0310 0.0054 0.7637 0.0281 0.0026 0.0089 
0.0558 0.0256 0.0241 0.0050 0.0003 0.0283 0.0018 0.0259 0.0008 0.0001 0.0294 0.0094 0.7427 0.0300 0.0050 0.0163 
0.0629 0.0339 0.0327 0.0038 0.0046 0.0404 0.0610 0.0313 0.0019 0.0001 0.0342 0.0104 0.4231 0.2365 0.0048 0.0184 
0.0730 0.0386 0.0634 0.0102 0.0026 0.0311 0.0056 0.0343 0.0003 0.0001 0.0418 0.0094 0.2873 0.0380 0.3552 0.0091 
0.0762 0.0385 0.0176 0.0032 0.0123 0.0652 0.0827 0.0385 0.0081 0.0088 0.0431 0.0177 0.0814 0.2959 0.0093 0.2015 
0.1184 0.0524 0.0123 0.0088 0.0019 0.0428 0.0030 0.0572 0.0019 0.0011 0.1729 0.0085 0.0289 0.0489 0.4235 0.0173 
0.0840 0.0749 0.0288 0.0145 0.0050 0.0625 0.0137 0.0419 0.0350 0.0468 0.0498 0.1015 0.0526 0.0788 0.0073 0.3029 
0.3131 0.0666 0.1262 0.0297 0.0139 0.0655 0.0099 0.0594 0.0021 0.0018 0.0842 0.0316 0.0966 0.0570 0.0249 0.0174 
0.0890 0.0513 0.3621 0.0494 0.0040 0.0561 0.0062 0.0503 0.0113 0.0120 0.0681 0.0262 0.0554 0.0446 0.0174 0.0966 
0.1272 0.0585 0.0823 0.3058 0.0069 0.0644 0.0113 0.0559 0.0045 0.0032 0.0754 0.0455 0.0966 0.0524 0.0032 0.0070 
0.1021 0.0508 0.0200 0.0300 0.0129 0.4499 0.0032 0.0506 0.0034 0.0046 0.0834 0.0383 0.0931 0.0490 0.0038 0.0046 
0.0931 0.0526 0.0096 0.0249 0.0032 0.0489 0.0018 0.0497 0.0038 0.0080 0.4733 0.0824 0.0954 0.0446 0.0008 0.0080 
0.0425 0.0236 0.0026 0.0105 0.0040 0.0436 0.0016 0.0232 0.0038 0.0037 0.0297 0.5581 0.2261 0.0225 0.0014 0.0030 
0.0510 0.0264 0.0075 0.0073 0.0014 0.0272 0.0040 0.0281 0.0013 0.0002 0.0489 0.0177 0.7433 0.0262 0.0048 0.0048 
0.0463 0.0316 0.0046 0.0046 0.0026 0.0268 0.0027 0.0217 0.0048 0.0002 0.0270 0.0636 0.7222 0.0252 0.0048 0.0112 
0.0546 0.0252 0.0163 0.0050 0.0024 0.0382 0.0040 0.0270 0.0002 0.0006 0.0264 0.0181 0.7494 0.0288 0.0016 0.0024 
0.0530 0.0288 0.0145 0.0018 0.0013 0.0385 0.0018 0.0289 0.0024 0.0001 0.0289 0.0064 0.7559 0.0286 0.0026 0.0067 
0.0542 0.0276 0.0008 0.0045 0.0014 0.0305 0.0077 0.0273 0.0014 0.0016 0.0364 0.0077 0.7619 0.0304 0.0043 0.0022 
0.0554 0.0307 0.0050 0.0008 0.0006 0.0276 0.0019 0.0275 0.0002 0.0001 0.0302 0.0192 0.7673 0.0273 0.0027 0.0038 
0.0561 0.0270 0.0027 0.0040 0.0010 0.0288 0.0021 0.0273 0.0018 0.0019 0.0316 0.0112 0.7695 0.0288 0.0018 0.0046 
0.0538 0.0276 0.0053 0.0010 0.0018 0.0272 0.0016 0.0289 0.0001 0.0001 0.0268 0.0075 0.7725 0.0355 0.0048 0.0059 
0.0545 0.0273 0.0022 0.0019 0.0013 0.0295 0.0048 0.0276 0.0002 0.0001 0.0283 0.0045 0.7716 0.0276 0.0093 0.0096 
0.0580 0.0281 0.0021 0.0016 0.0002 0.0265 0.0006 0.0278 0.0021 0.0006 0.0316 0.0019 0.7681 0.0299 0.0016 0.0193 
0.0573 0.0267 0.0166 0.0018 0.0003 0.0265 0.0011 0.0252 0.0024 0.0001 0.0265 0.0158 0.7488 0.0355 0.0032 0.0125 
0.0570 0.0270 0.0096 0.0011 0.0011 0.0439 0.0016 0.0267 0.0001 0.0001 0.0273 0.0032 0.7642 0.0278 0.0072 0.0026 
0.0529 0.0372 0.0029 0.0013 0.0005 0.0296 0.0022 0.0270 0.0002 0.0001 0.0548 0.0067 0.7447 0.0276 0.0043 0.0083 
0.0537 0.0268 0.0006 0.0086 0.0005 0.0240 0.0029 0.0259 0.0016 0.0001 0.0321 0.0383 0.7515 0.0272 0.0034 0.0032 
0.0540 0.0259 0.0078 0.0019 0.0021 0.0316 0.0034 0.0270 0.0018 0.0001 0.0297 0.0160 0.7482 0.0289 0.0054 0.0164 
0.0879 0.0442 0.0441 0.0029 0.0069 0.0522 0.0888 0.0474 0.0011 0.0001 0.0428 0.0045 0.4585 0.0944 0.0107 0.0136 
0.0583 0.0460 0.0606 0.0054 0.0016 0.0259 0.0088 0.0292 0.0010 0.0001 0.0265 0.0050 0.2977 0.0302 0.3685 0.0355 
0.1200 0.0556 0.0430 0.0070 0.0006 0.1372 0.0072 0.0527 0.0128 0.0173 0.0548 0.0097 0.1005 0.0687 0.0115 0.3014 
0.1545 0.0909 0.0609 0.0158 0.0058 0.0668 0.0045 0.0610 0.0027 0.0013 0.3105 0.0147 0.0922 0.0826 0.0081 0.0278 
0.1081 0.1140 0.0139 0.0257 0.0062 0.0968 0.0102 0.0567 0.0002 0.0027 0.0682 0.3811 0.0457 0.0506 0.0160 0.0038 
0.1213 0.1040 0.0665 0.0540 0.0040 0.0670 0.0038 0.0777 0.0102 0.0010 0.1206 0.0141 0.1342 0.0949 0.0099 0.1168 
0.1255 0.1051 0.1789 0.0478 0.0024 0.0762 0.0142 0.0602 0.0166 0.0006 0.0610 0.0864 0.1139 0.0645 0.0259 0.0208 
0.0655 0.0767 0.3581 0.1321 0.0010 0.0356 0.0027 0.0369 0.0094 0.0013 0.0422 0.0029 0.0307 0.0377 0.0121 0.1552 
0.0518 0.0238 0.4434 0.3272 0.0013 0.0235 0.0096 0.0220 0.0018 0.0001 0.0235 0.0089 0.0265 0.0235 0.0062 0.0070 
0.0525 0.0321 0.2517 0.5011 0.0045 0.0321 0.0010 0.0267 0.0005 0.0005 0.0287 0.0022 0.0227 0.0292 0.0053 0.0093 
0.0601 0.0331 0.0050 0.6923 0.0069 0.0556 0.0016 0.0326 0.0003 0.0001 0.0361 0.0064 0.0289 0.0286 0.0094 0.0032 
0.0524 0.0452 0.0243 0.6791 0.0042 0.0260 0.0069 0.0286 0.0169 0.0001 0.0321 0.0062 0.0220 0.0257 0.0042 0.0264 
0.0805 0.0275 0.0459 0.5370 0.0160 0.1614 0.0022 0.0283 0.0027 0.0019 0.0291 0.0147 0.0195 0.0265 0.0032 0.0037 
0.0780 0.1321 0.0329 0.0147 0.0438 0.4805 0.0021 0.0508 0.0029 0.0029 0.0674 0.0118 0.0278 0.0412 0.0037 0.0075 
0.0989 0.0538 0.0022 0.0481 0.0032 0.1332 0.0016 0.0730 0.0046 0.0128 0.4281 0.0498 0.0428 0.0418 0.0026 0.0035 
0.0803 0.1813 0.0465 0.0112 0.0013 0.0642 0.0035 0.0409 0.1080 0.0054 0.1423 0.2102 0.0476 0.0436 0.0053 0.0085 
0.1157 0.1043 0.1155 0.0329 0.0030 0.0618 0.0046 0.0466 0.0024 0.0008 0.0583 0.3356 0.0588 0.0494 0.0045 0.0058 
0.0648 0.0335 0.0315 0.0091 0.0040 0.3899 0.0034 0.0350 0.0006 0.0010 0.0452 0.0521 0.2891 0.0316 0.0040 0.0053 
0.0567 0.0414 0.0014 0.0166 0.0014 0.0347 0.0018 0.0300 0.0042 0.0019 0.3506 0.0204 0.4011 0.0272 0.0040 0.0065 
0.0396 0.0296 0.0080 0.0107 0.0014 0.0203 0.0062 0.0184 0.0032 0.0008 0.0197 0.5113 0.3053 0.0181 0.0042 0.0034 
0.0546 0.0257 0.0246 0.0131 0.0014 0.0338 0.0049 0.0262 0.0013 0.0001 0.0270 0.0145 0.7425 0.0249 0.0018 0.0037 
0.0524 0.0278 0.0179 0.0086 0.0010 0.0265 0.0040 0.0262 0.0018 0.0001 0.0294 0.0050 0.7570 0.0267 0.0011 0.0149 
0.0543 0.0262 0.0027 0.0077 0.0027 0.0390 0.0027 0.0268 0.0003 0.0018 0.0300 0.0107 0.7599 0.0286 0.0048 0.0018 
0.0527 0.0554 0.0018 0.0014 0.0013 0.0284 0.0006 0.0267 0.0008 0.0001 0.0281 0.0056 0.7655 0.0275 0.0021 0.0022 
0.0506 0.0244 0.0002 0.0129 0.0005 0.0433 0.0035 0.0257 0.0019 0.0029 0.0316 0.0118 0.7543 0.0272 0.0040 0.0051 
0.0508 0.0340 0.0048 0.0001 0.0018 0.0305 0.0053 0.0256 0.0002 0.0001 0.0375 0.0091 0.7619 0.0264 0.0062 0.0062 
0.0510 0.0278 0.0021 0.0035 0.0006 0.0230 0.0035 0.0257 0.0005 0.0002 0.0327 0.0340 0.7553 0.0259 0.0050 0.0093 
0.0613 0.0265 0.0037 0.0014 0.0005 0.0307 0.0046 0.0271 0.0018 0.0001 0.0275 0.0088 0.7668 0.0283 0.0034 0.0078 
0.0519 0.0260 0.0190 0.0006 0.0018 0.0256 0.0073 0.0259 0.0010 0.0002 0.0364 0.0066 0.7583 0.0257 0.0050 0.0088 
0.0441 0.0254 0.0006 0.0005 0.0131 0.0286 0.0275 0.0230 0.0001 0.0005 0.0241 0.0094 0.7037 0.0926 0.0026 0.0045 
0.0356 0.0359 0.0026 0.0021 0.0003 0.0149 0.0021 0.0256 0.0005 0.0001 0.0248 0.0038 0.6750 0.0268 0.1460 0.0043 
0.0462 0.0228 0.0048 0.0037 0.0003 0.0233 0.0032 0.0225 0.0113 0.0022 0.0270 0.0189 0.6878 0.0225 0.0126 0.0907 
0.0969 0.0287 0.0120 0.0008 0.0018 0.0345 0.0067 0.0278 0.0002 0.0001 0.0308 0.0062 0.7065 0.0273 0.0129 0.0069 
0.0530 0.0650 0.0351 0.0043 0.0067 0.0272 0.0110 0.0264 0.0002 0.0001 0.0278 0.0077 0.6783 0.0395 0.0029 0.0152 
0.0526 0.0532 0.0546 0.0280 0.0011 0.0254 0.0061 0.0262 0.0003 0.0001 0.0273 0.0053 0.6813 0.0259 0.0040 0.0088 
0.0514 0.0288 0.0468 0.0721 0.0027 0.0272 0.0067 0.0268 0.0022 0.0066 0.0323 0.0069 0.6253 0.0455 0.0050 0.0137 
0.0641 0.0393 0.0371 0.1104 0.0046 0.0313 0.0021 0.0339 0.0003 0.0002 0.0356 0.0091 0.5628 0.0318 0.0355 0.0021 
0.0533 0.0315 0.0077 0.1434 0.0072 0.0644 0.0078 0.0273 0.0045 0.0056 0.0358 0.0104 0.5471 0.0270 0.0078 0.0193 
0.1130 0.0737 0.0062 0.1612 0.0654 0.0709 0.0233 0.0601 0.0016 0.0006 0.0670 0.0126 0.1494 0.1795 0.0059 0.0096 
0.0738 0.0554 0.0334 0.1708 0.0037 0.0358 0.0058 0.0652 0.0032 0.0013 0.0412 0.0115 0.0935 0.0398 0.3494 0.0165 
0.1213 0.0618 0.0184 0.0556 0.0126 0.1353 0.0129 0.0614 0.0506 0.0526 0.0636 0.0205 0.1265 0.0828 0.0142 0.1099 
0.2281 0.0834 0.0318 0.1072 0.0141 0.0717 0.0010 0.0690 0.0026 0.0053 0.2123 0.0176 0.0660 0.0626 0.0133 0.0142 
0.1131 0.1003 0.0240 0.0479 0.0104 0.2408 0.0104 0.0593 0.0085 0.0117 0.0655 0.1754 0.0334 0.0593 0.0141 0.0260 
0.1337 0.0771 0.0925 0.0656 0.0101 0.0791 0.0093 0.0693 0.0139 0.0016 0.1917 0.0188 0.1322 0.0704 0.0145 0.0201 
0.0848 0.0812 0.0673 0.0310 0.0109 0.1642 0.0035 0.0511 0.0038 0.0058 0.0588 0.2713 0.1010 0.0411 0.0038 0.0205 
0.1254 0.1170 0.1023 0.1353 0.0043 0.0523 0.0037 0.0599 0.0117 0.0027 0.0780 0.0252 0.1079 0.0497 0.0152 0.1095 
0.0454 0.0313 0.4376 0.1345 0.0125 0.0540 0.0300 0.0230 0.0050 0.0006 0.0259 0.0328 0.1241 0.0284 0.0032 0.0117 
0.1064 0.0602 0.0270 0.0297 0.0096 0.4043 0.0037 0.0580 0.0008 0.0058 0.0834 0.0176 0.1224 0.0527 0.0105 0.0080 
0.0706 0.0410 0.0136 0.1070 0.0032 0.0377 0.0013 0.0380 0.0040 0.0201 0.4831 0.0791 0.0548 0.0348 0.0008 0.0109 
0.0588 0.0340 0.0045 0.0118 0.0030 0.0545 0.0042 0.0307 0.0035 0.0022 0.0295 0.5819 0.1477 0.0273 0.0037 0.0027 
0.0431 0.0216 0.0035 0.0059 0.0013 0.0273 0.0051 0.0235 0.0011 0.0006 0.1382 0.0062 0.6872 0.0217 0.0075 0.0061 
0.0288 0.0467 0.0061 0.0021 0.0006 0.0147 0.0010 0.0129 0.0024 0.0002 0.0137 0.2322 0.6125 0.0131 0.0008 0.0123 
0.0540 0.0251 0.0152 0.0072 0.0011 0.0417 0.0019 0.0256 0.0005 0.0003 0.0305 0.0099 0.7589 0.0265 0.0011 0.0005 
0.0508 0.0288 0.0169 0.0003 0.0018 0.0412 0.0021 0.0267 0.0001 0.0001 0.0304 0.0081 0.7581 0.0254 0.0045 0.0051 
0.0510 0.0259 0.0002 0.0053 0.0024 0.0454 0.0042 0.0257 0.0002 0.0001 0.0415 0.0110 0.7505 0.0249 0.0062 0.0059 
0.0562 0.0489 0.0064 0.0008 0.0011 0.0238 0.0021 0.0273 0.0005 0.0001 0.0262 0.0281 0.7452 0.0249 0.0011 0.0075 
0.0537 0.0264 0.0054 0.0001 0.0002 0.0615 0.0083 0.0268 0.0027 0.0005 0.0249 0.0081 0.7411 0.0289 0.0030 0.0085 
0.0382 0.0206 0.0107 0.0001 0.0008 0.0220 0.0042 0.0185 0.0016 0.0001 0.1911 0.0030 0.6595 0.0206 0.0045 0.0050 
0.0150 0.0188 0.0050 0.0002 0.0003 0.0053 0.0027 0.0073 0.0003 0.0001 0.0096 0.3806 0.5386 0.0075 0.0051 0.0038 
0.0565 0.0257 0.0096 0.0005 0.0001 0.0321 0.0038 0.0273 0.0029 0.0001 0.0270 0.0109 0.7351 0.0288 0.0064 0.0335 
0.0526 0.0403 0.0524 0.0002 0.0005 0.0262 0.0184 0.0257 0.0011 0.0001 0.0267 0.0027 0.6589 0.0393 0.0054 0.0498 
0.0658 0.0562 0.0364 0.0091 0.0011 0.0305 0.0051 0.0329 0.0019 0.0003 0.0359 0.0024 0.6627 0.0315 0.0139 0.0142 
0.0729 0.0347 0.1890 0.0212 0.0024 0.0366 0.0109 0.0353 0.0034 0.0001 0.0329 0.0024 0.1678 0.1404 0.0259 0.2243 
0.0868 0.0556 0.3810 0.0548 0.0026 0.0431 0.0059 0.0387 0.0011 0.0001 0.0369 0.0051 0.0864 0.0384 0.1411 0.0227 
0.1212 0.0805 0.0621 0.1147 0.0136 0.1576 0.0040 0.0589 0.0037 0.0080 0.0617 0.0024 0.0773 0.0589 0.0104 0.1650 
0.1784 0.0863 0.0736 0.2431 0.0091 0.0831 0.0024 0.0714 0.0064 0.0001 0.1232 0.0129 0.0350 0.0628 0.0046 0.0077 
0.0942 0.0736 0.0173 0.0802 0.0139 0.3930 0.0024 0.0513 0.0102 0.0078 0.0551 0.1284 0.0137 0.0460 0.0018 0.0110 
0.1014 0.0864 0.0534 0.0559 0.0085 0.0898 0.0030 0.0618 0.0086 0.0018 0.3928 0.0351 0.0244 0.0546 0.0027 0.0196 
0.0861 0.1422 0.1269 0.0558 0.0034 0.0839 0.0088 0.0439 0.0275 0.0013 0.0614 0.2817 0.0209 0.0415 0.0053 0.0096 
0.1167 0.1421 0.1617 0.0336 0.0126 0.1587 0.0069 0.0545 0.0176 0.0069 0.0610 0.0358 0.0772 0.0650 0.0043 0.0455 
0.1372 0.1019 0.0677 0.0323 0.0043 0.2054 0.0057 0.0802 0.0014 0.0030 0.1511 0.0243 0.0824 0.0674 0.0115 0.0241 
0.1107 0.1313 0.0134 0.0372 0.0043 0.1083 0.0112 0.0557 0.0097 0.0051 0.2401 0.1466 0.0414 0.0581 0.0050 0.0219 
0.1163 0.0631 0.0233 0.0296 0.0062 0.0578 0.0145 0.0502 0.0032 0.0034 0.1639 0.3075 0.0671 0.0829 0.0030 0.0080 
0.0831 0.0388 0.0545 0.0173 0.0027 0.0498 0.0016 0.0430 0.0006 0.0026 0.0717 0.1868 0.3889 0.0391 0.0086 0.0109 
0.0491 0.0312 0.0058 0.0289 0.0045 0.0387 0.0014 0.0248 0.0056 0.0042 0.0284 0.0754 0.6568 0.0251 0.0006 0.0197 
0.0658 0.0287 0.0059 0.0342 0.0030 0.0291 0.0008 0.0310 0.0018 0.0003 0.0517 0.0169 0.6951 0.0305 0.0035 0.0016 
0.0671 0.0348 0.0289 0.0091 0.0043 0.0455 0.0048 0.0345 0.0022 0.0003 0.0339 0.1302 0.5629 0.0366 0.0011 0.0038 
0.0617 0.0546 0.0034 0.0097 0.0024 0.0839 0.0018 0.0337 0.0030 0.0002 0.0287 0.0065 0.6740 0.0313 0.0027 0.0024 
0.0692 0.0366 0.0161 0.0078 0.0008 0.0359 0.0027 0.0359 0.0061 0.0003 0.0588 0.0029 0.6725 0.0347 0.0073 0.0123 
0.0564 0.0288 0.0403 0.0021 0.0003 0.0291 0.0053 0.0280 0.0005 0.0001 0.0275 0.0663 0.6813 0.0286 0.0019 0.0040 
0.0566 0.0275 0.0081 0.0032 0.0008 0.0508 0.0014 0.0281 0.0019 0.0001 0.0304 0.0013 0.7540 0.0299 0.0022 0.0040 
0.0561 0.0351 0.0080 0.0019 0.0002 0.0473 0.0005 0.0273 0.0005 0.0001 0.0379 0.0032 0.7420 0.0267 0.0035 0.0101 
0.0537 0.0590 0.0248 0.0053 0.0016 0.0240 0.0115 0.0251 0.0005 0.0001 0.0262 0.0150 0.7162 0.0265 0.0006 0.0102 
0.0586 0.0260 0.0225 0.0303 0.0001 0.0240 0.0021 0.0259 0.0005 0.0001 0.0259 0.0019 0.7421 0.0268 0.0089 0.0046 
0.0586 0.0294 0.0481 0.0246 0.0006 0.0316 0.0059 0.0287 0.0016 0.0001 0.0294 0.0013 0.6779 0.0289 0.0056 0.0279 
0.0660 0.0418 0.0072 0.0653 0.0022 0.0327 0.0014 0.0318 0.0001 0.0001 0.0316 0.0021 0.6821 0.0310 0.0019 0.0032 
0.0561 0.0355 0.0029 0.0190 0.0016 0.0681 0.0013 0.0302 0.0006 0.0001 0.0276 0.0014 0.7217 0.0281 0.0027 0.0032 
0.0594 0.0452 0.0045 0.0674 0.0005 0.0284 0.0006 0.0286 0.0045 0.0001 0.0431 0.0032 0.6740 0.0291 0.0010 0.0107 
0.0735 0.0369 0.0411 0.1035 0.0021 0.0358 0.0011 0.0358 0.0011 0.0008 0.0374 0.0155 0.5754 0.0358 0.0027 0.0016 
0.0799 0.0407 0.0896 0.0479 0.0019 0.0489 0.0010 0.0406 0.0001 0.0001 0.0425 0.0008 0.5617 0.0393 0.0032 0.0022 
0.0550 0.0465 0.0018 0.1641 0.0018 0.0331 0.0019 0.0286 0.0008 0.0001 0.0273 0.0045 0.5977 0.0291 0.0048 0.0034 
0.0612 0.0334 0.0032 0.0650 0.0024 0.1458 0.0008 0.0312 0.0001 0.0001 0.0334 0.0027 0.5733 0.0308 0.0051 0.0118 
0.0832 0.0482 0.0141 0.0272 0.0010 0.0883 0.0043 0.0436 0.0002 0.0001 0.1089 0.0078 0.5235 0.0411 0.0022 0.0065 
0.0714 0.0677 0.0034 0.1644 0.0003 0.0350 0.0067 0.0367 0.0034 0.0001 0.0470 0.1022 0.4198 0.0348 0.0014 0.0058 
0.0909 0.0447 0.0498 0.1727 0.0050 0.0473 0.0391 0.0441 0.0050 0.0001 0.0433 0.0347 0.2647 0.0844 0.0192 0.0551 
0.0886 0.1041 0.1207 0.0454 0.0141 0.1120 0.0340 0.0540 0.0035 0.0001 0.0457 0.0105 0.0839 0.0524 0.1640 0.0672 
0.1283 0.0754 0.0340 0.0276 0.0353 0.1843 0.0468 0.0644 0.0572 0.0034 0.0540 0.0019 0.0676 0.0652 0.0065 0.1482 
