0.1064 0.0648 0.0249 0.0602 0.0038 0.1899 0.0110 0.0521 0.0827 0.0925 0.1040 0.0149 0.0516 0.0589 0.0032 0.0791 
0.1570 0.1235 0.1677 0.0118 0.0032 0.1243 0.0035 0.0524 0.0078 0.0059 0.1787 0.0468 0.0404 0.0537 0.0061 0.0172 
0.0954 0.1279 0.0941 0.0519 0.0126 0.1961 0.0051 0.0479 0.0035 0.0030 0.0711 0.1917 0.0244 0.0458 0.0014 0.0280 
0.1139 0.0759 0.0080 0.0442 0.0102 0.2641 0.0032 0.0688 0.0022 0.0051 0.1236 0.0928 0.1187 0.0538 0.0064 0.0089 
0.0736 0.0572 0.0077 0.0420 0.0070 0.0455 0.0272 0.0403 0.0064 0.0011 0.2792 0.2444 0.1235 0.0369 0.0038 0.0042 
0.0406 0.0225 0.0230 0.0275 0.0006 0.0192 0.0021 0.0206 0.0014 0.0013 0.0240 0.4248 0.3596 0.0204 0.0053 0.0072 
0.0619 0.0323 0.0788 0.0182 0.0003 0.0305 0.0006 0.0264 0.0265 0.0003 0.0257 0.0142 0.6394 0.0280 0.0045 0.0123 
0.0684 0.0339 0.0272 0.0347 0.0010 0.0320 0.0035 0.0312 0.0005 0.0001 0.0350 0.0010 0.6846 0.0345 0.0053 0.0077 
0.0607 0.0292 0.0516 0.0190 0.0003 0.0353 0.0050 0.0287 0.0001 0.0001 0.0294 0.0050 0.6958 0.0278 0.0088 0.0038 
0.0620 0.0343 0.0038 0.0493 0.0010 0.0460 0.0035 0.0303 0.0001 0.0001 0.0388 0.0014 0.6967 0.0302 0.0008 0.0019 
0.0503 0.0275 0.0005 0.0042 0.0038 0.1221 0.0027 0.0256 0.0001 0.0005 0.0347 0.0128 0.6805 0.0244 0.0083 0.0024 
0.0503 0.0395 0.0026 0.0026 0.0123 0.0240 0.0051 0.0252 0.0002 0.0001 0.0938 0.0141 0.6731 0.0273 0.0011 0.0291 
0.0546 0.0251 0.0040 0.0112 0.0011 0.0243 0.0008 0.0273 0.0002 0.0002 0.0262 0.0875 0.7053 0.0248 0.0059 0.0016 
0.0479 0.0240 0.0193 0.0003 0.0010 0.0535 0.0037 0.0254 0.0008 0.0142 0.0307 0.0048 0.7417 0.0236 0.0030 0.0061 
0.0553 0.0315 0.0001 0.0010 0.0002 0.0252 0.0022 0.0287 0.0002 0.0001 0.0394 0.0129 0.7664 0.0287 0.0051 0.0035 
0.0564 0.0279 0.0037 0.0014 0.0001 0.0257 0.0048 0.0263 0.0022 0.0001 0.0273 0.0256 0.7597 0.0267 0.0040 0.0085 
0.0570 0.0254 0.0459 0.0016 0.0003 0.0243 0.0016 0.0246 0.0005 0.0001 0.0284 0.0014 0.7501 0.0251 0.0019 0.0120 
0.0541 0.0259 0.0204 0.0005 0.0003 0.0395 0.0032 0.0260 0.0001 0.0005 0.0281 0.0085 0.7508 0.0350 0.0011 0.0062 
0.0519 0.0326 0.0013 0.0003 0.0013 0.0323 0.0002 0.0267 0.0001 0.0001 0.0489 0.0101 0.7492 0.0350 0.0094 0.0011 
0.0511 0.0318 0.0001 0.0042 0.0006 0.0243 0.0027 0.0267 0.0024 0.0001 0.0313 0.0316 0.7555 0.0252 0.0081 0.0048 
0.0548 0.0262 0.0038 0.0019 0.0002 0.0262 0.0050 0.0259 0.0013 0.0001 0.0280 0.0083 0.7608 0.0281 0.0027 0.0270 
0.0543 0.0276 0.0243 0.0006 0.0024 0.0313 0.0054 0.0264 0.0001 0.0001 0.0257 0.0058 0.7625 0.0262 0.0042 0.0037 
0.0513 0.0652 0.0046 0.0026 0.0005 0.0251 0.0037 0.0280 0.0005 0.0001 0.0268 0.0013 0.7596 0.0251 0.0019 0.0042 
0.0535 0.0262 0.0064 0.0203 0.0001 0.0297 0.0042 0.0299 0.0067 0.0001 0.0308 0.0037 0.7528 0.0259 0.0042 0.0061 
0.0543 0.0329 0.0299 0.0034 0.0003 0.0319 0.0034 0.0265 0.0010 0.0001 0.0291 0.0113 0.7313 0.0305 0.0016 0.0128 
0.0580 0.0347 0.0043 0.0091 0.0024 0.0404 0.0030 0.0260 0.0013 0.0006 0.0395 0.0038 0.7248 0.0272 0.0157 0.0093 
0.0701 0.0498 0.0288 0.0024 0.0425 0.0412 0.0168 0.0372 0.0008 0.0001 0.0478 0.0117 0.0808 0.5242 0.0059 0.0401 
0.0471 0.0248 0.1039 0.0192 0.0010 0.0189 0.0051 0.0299 0.0010 0.0001 0.0201 0.0056 0.0564 0.0264 0.6233 0.0176 
0.0332 0.0160 0.1465 0.0097 0.0026 0.0419 0.0037 0.0155 0.0139 0.0621 0.0238 0.0070 0.0246 0.0149 0.0043 0.5804 
0.4706 0.1469 0.0368 0.0254 0.0067 0.0486 0.0074 0.0523 0.0024 0.0001 0.0609 0.0125 0.0268 0.0489 0.0066 0.0475 
0.0655 0.0393 0.5201 0.1166 0.0081 0.0869 0.0042 0.0300 0.0016 0.0014 0.0359 0.0313 0.0243 0.0280 0.0005 0.0062 
0.0829 0.0628 0.0070 0.0155 0.0094 0.5697 0.0011 0.0495 0.0026 0.0054 0.0974 0.0185 0.0350 0.0407 0.0013 0.0011 
0.0748 0.0420 0.0011 0.0433 0.0022 0.0433 0.0030 0.0409 0.0046 0.0010 0.5940 0.0917 0.0177 0.0366 0.0016 0.0021 
0.0481 0.0387 0.0032 0.0030 0.0038 0.0391 0.0013 0.0233 0.0086 0.0018 0.0337 0.7199 0.0478 0.0249 0.0018 0.0010 
0.0495 0.0268 0.0125 0.0040 0.0013 0.0270 0.0037 0.0276 0.0013 0.0005 0.0311 0.0187 0.7347 0.0302 0.0115 0.0196 
0.0446 0.0281 0.0572 0.0043 0.0003 0.0203 0.0104 0.0211 0.0034 0.0001 0.0230 0.0193 0.7192 0.0243 0.0102 0.0145 
0.0514 0.0228 0.0728 0.0096 0.0006 0.0238 0.0029 0.0220 0.0013 0.0001 0.0236 0.0050 0.7229 0.0236 0.0048 0.0128 
0.0610 0.0281 0.0161 0.0275 0.0008 0.0336 0.0045 0.0275 0.0002 0.0001 0.0281 0.0029 0.7322 0.0296 0.0042 0.0040 
0.0580 0.0538 0.0077 0.0308 0.0061 0.0479 0.0064 0.0280 0.0006 0.0002 0.0287 0.0042 0.6652 0.0323 0.0088 0.0214 
0.0776 0.0388 0.0158 0.0380 0.0027 0.0585 0.0054 0.0399 0.0001 0.0001 0.0612 0.0043 0.5991 0.0371 0.0128 0.0088 
0.0602 0.1412 0.0316 0.0321 0.0003 0.0275 0.0034 0.0311 0.0043 0.0001 0.0302 0.0174 0.5634 0.0300 0.0027 0.0246 
0.0756 0.0289 0.0173 0.3479 0.0010 0.0348 0.0075 0.0281 0.0038 0.0002 0.0288 0.0030 0.3633 0.0308 0.0158 0.0133 
0.0359 0.0323 0.4123 0.0401 0.0018 0.0201 0.0073 0.0190 0.0002 0.0001 0.0216 0.0026 0.3548 0.0198 0.0137 0.0188 
0.0612 0.0423 0.0257 0.5393 0.0014 0.0425 0.0027 0.0329 0.0003 0.0001 0.0324 0.0054 0.1567 0.0305 0.0107 0.0160 
0.1041 0.0593 0.0402 0.2399 0.0188 0.2110 0.0042 0.0514 0.0045 0.0005 0.0615 0.0059 0.1054 0.0540 0.0038 0.0355 
0.0725 0.2254 0.0535 0.3980 0.0053 0.0355 0.0042 0.0404 0.0018 0.0002 0.0458 0.0168 0.0426 0.0337 0.0061 0.0184 
0.0666 0.0348 0.0310 0.0591 0.0166 0.5245 0.0125 0.0374 0.0131 0.0042 0.0348 0.0388 0.0813 0.0344 0.0014 0.0094 
0.0744 0.0462 0.0399 0.0208 0.0045 0.0997 0.0102 0.0490 0.0024 0.0046 0.5351 0.0150 0.0462 0.0388 0.0085 0.0046 
0.0327 0.4015 0.0164 0.0920 0.0008 0.0209 0.0016 0.0156 0.0251 0.0021 0.0244 0.3128 0.0101 0.0204 0.0069 0.0166 
0.1200 0.0534 0.1915 0.0316 0.0037 0.1893 0.0040 0.0494 0.0034 0.0032 0.0534 0.0339 0.1719 0.0495 0.0195 0.0225 
0.0769 0.0396 0.0959 0.0101 0.0046 0.1392 0.0032 0.0434 0.0001 0.0003 0.3471 0.0089 0.1782 0.0380 0.0053 0.0093 
0.0617 0.0709 0.0120 0.0569 0.0011 0.0430 0.0021 0.0348 0.0043 0.0002 0.0749 0.5265 0.0663 0.0319 0.0058 0.0077 
0.0639 0.0446 0.0142 0.0864 0.0029 0.0363 0.0040 0.0286 0.0021 0.0006 0.0417 0.0620 0.5716 0.0294 0.0081 0.0037 
0.0789 0.0458 0.0674 0.0359 0.0747 0.0470 0.0418 0.0425 0.0008 0.0001 0.0425 0.0091 0.3731 0.1132 0.0069 0.0203 
0.0921 0.0521 0.0531 0.0444 0.0582 0.0523 0.1056 0.0551 0.0010 0.0002 0.0463 0.0059 0.1493 0.0817 0.1836 0.0192 
0.0955 0.0601 0.0684 0.0363 0.0030 0.0524 0.0078 0.0617 0.0112 0.0545 0.0468 0.0029 0.2233 0.0455 0.1011 0.1296 
0.1420 0.1297 0.0374 0.0184 0.0086 0.1283 0.0035 0.0511 0.0415 0.0756 0.0551 0.0121 0.1329 0.0506 0.0069 0.1062 
0.1620 0.0543 0.0173 0.0120 0.0085 0.1208 0.0056 0.0569 0.0019 0.0024 0.3580 0.0224 0.1129 0.0561 0.0043 0.0048 
0.0813 0.0538 0.0209 0.0062 0.0089 0.0492 0.0238 0.0441 0.0026 0.0010 0.3280 0.2958 0.0297 0.0444 0.0038 0.0065 
0.0444 0.0246 0.0133 0.0104 0.0021 0.0268 0.0019 0.0217 0.0029 0.0024 0.0297 0.4546 0.3210 0.0220 0.0133 0.0089 
0.0762 0.0414 0.0110 0.0067 0.0013 0.0510 0.0069 0.0379 0.0080 0.0008 0.0466 0.0208 0.5574 0.0382 0.0104 0.0856 
0.0857 0.0479 0.0960 0.0096 0.0050 0.0447 0.0053 0.0439 0.0014 0.0001 0.0639 0.0072 0.5145 0.0433 0.0134 0.0181 
0.0697 0.0390 0.0267 0.0042 0.0505 0.0447 0.1211 0.0375 0.0001 0.0008 0.0358 0.0415 0.4672 0.0546 0.0038 0.0030 
0.0687 0.0452 0.0035 0.0257 0.0021 0.0323 0.0013 0.0534 0.0010 0.0001 0.0382 0.0054 0.6667 0.0326 0.0201 0.0038 
0.0594 0.0265 0.0016 0.0069 0.0006 0.0452 0.0005 0.0291 0.0248 0.0767 0.0336 0.0153 0.6273 0.0286 0.0030 0.0209 
0.0585 0.0254 0.0037 0.0003 0.0019 0.0486 0.0018 0.0252 0.0008 0.0001 0.1472 0.0061 0.6467 0.0252 0.0074 0.0014 
0.0342 0.0316 0.0051 0.0013 0.0010 0.0152 0.0005 0.0188 0.0003 0.0001 0.0259 0.2362 0.6085 0.0163 0.0014 0.0038 
0.0588 0.0267 0.0006 0.0107 0.0003 0.0299 0.0013 0.0268 0.0032 0.0001 0.0265 0.0129 0.7626 0.0329 0.0016 0.0053 
0.0525 0.0278 0.0107 0.0005 0.0008 0.0422 0.0057 0.0257 0.0001 0.0001 0.0295 0.0027 0.7636 0.0265 0.0080 0.0040 
0.0537 0.0361 0.0123 0.0010 0.0003 0.0254 0.0021 0.0273 0.0001 0.0001 0.0350 0.0051 0.7646 0.0268 0.0026 0.0078 
0.0550 0.0267 0.0038 0.0139 0.0001 0.0251 0.0042 0.0267 0.0024 0.0001 0.0286 0.0181 0.7628 0.0267 0.0042 0.0022 
0.0409 0.0232 0.0182 0.0048 0.0027 0.0225 0.0123 0.0211 0.0016 0.0001 0.0217 0.0059 0.7070 0.0779 0.0093 0.0311 
0.0490 0.0252 0.0554 0.0128 0.0105 0.0220 0.0919 0.0232 0.0001 0.0001 0.0235 0.0040 0.5530 0.0497 0.0663 0.0136 
0.0548 0.0353 0.0533 0.0065 0.0040 0.0388 0.0334 0.0295 0.0016 0.0027 0.0305 0.0026 0.3642 0.0546 0.1366 0.1516 
0.1445 0.0742 0.0268 0.0172 0.0037 0.0663 0.0243 0.0604 0.0278 0.0142 0.0734 0.0148 0.1161 0.0781 0.0741 0.1841 
0.1515 0.0751 0.0572 0.0385 0.0077 0.1054 0.0117 0.0665 0.0112 0.0252 0.0762 0.0217 0.1924 0.0754 0.0310 0.0534 
0.1642 0.1257 0.0398 0.0513 0.0115 0.1308 0.0073 0.0704 0.0115 0.0117 0.1321 0.0407 0.0815 0.0671 0.0144 0.0399 
0.1331 0.2075 0.0853 0.0998 0.0155 0.0652 0.0149 0.0597 0.0252 0.0067 0.0866 0.0642 0.0262 0.0650 0.0061 0.0390 
0.1184 0.0668 0.2369 0.1276 0.0133 0.0922 0.0093 0.0593 0.0109 0.0019 0.0589 0.0474 0.0788 0.0538 0.0096 0.0150 
0.1144 0.0671 0.1136 0.0684 0.0222 0.1398 0.0318 0.0706 0.0093 0.0249 0.1150 0.0460 0.0960 0.0609 0.0064 0.0139 
0.1096 0.1575 0.0618 0.1829 0.0064 0.0771 0.0042 0.0717 0.0220 0.0030 0.0810 0.0990 0.0543 0.0517 0.0064 0.0113 
0.1306 0.0792 0.0573 0.1492 0.0046 0.1418 0.0077 0.0522 0.0497 0.0059 0.0576 0.0450 0.1137 0.0533 0.0134 0.0386 
0.1187 0.0541 0.2314 0.1391 0.0034 0.0634 0.0027 0.0530 0.0014 0.0008 0.1313 0.0081 0.1251 0.0514 0.0029 0.0131 
0.0765 0.0415 0.0979 0.3204 0.0019 0.0516 0.0030 0.0388 0.0013 0.0003 0.0412 0.1816 0.0982 0.0367 0.0062 0.0027 
0.0308 0.0177 0.0032 0.3097 0.0010 0.0292 0.0016 0.0155 0.0005 0.0001 0.0272 0.0056 0.5398 0.0153 0.0013 0.0018 
0.0339 0.0371 0.0032 0.2788 0.0016 0.0173 0.0014 0.0149 0.0005 0.0001 0.0171 0.0085 0.5694 0.0147 0.0006 0.0011 
0.0228 0.0121 0.0053 0.2643 0.0022 0.0149 0.0008 0.0115 0.0002 0.0001 0.0125 0.0034 0.6358 0.0113 0.0021 0.0010 
0.0478 0.0256 0.0184 0.0773 0.0029 0.0308 0.0013 0.0248 0.0001 0.0001 0.0252 0.0040 0.7152 0.0235 0.0011 0.0022 
0.0422 0.0219 0.0006 0.0936 0.0046 0.0391 0.0003 0.0219 0.0002 0.0002 0.0280 0.0046 0.7178 0.0211 0.0021 0.0019 
0.0524 0.0313 0.0013 0.0371 0.0010 0.0281 0.0003 0.0259 0.0008 0.0001 0.0268 0.0133 0.7539 0.0262 0.0006 0.0011 
0.0545 0.0275 0.0010 0.0393 0.0008 0.0351 0.0018 0.0267 0.0011 0.0010 0.0286 0.0034 0.7474 0.0268 0.0032 0.0019 
0.0561 0.0312 0.0144 0.0123 0.0008 0.0276 0.0013 0.0283 0.0001 0.0001 0.0329 0.0024 0.7486 0.0304 0.0053 0.0088 
0.0554 0.0291 0.0045 0.0267 0.0013 0.0292 0.0016 0.0281 0.0001 0.0001 0.0299 0.0088 0.7432 0.0273 0.0083 0.0070 
0.0530 0.0264 0.0072 0.0105 0.0065 0.0411 0.0021 0.0276 0.0006 0.0001 0.0304 0.0045 0.7463 0.0272 0.0035 0.0133 
0.0535 0.0377 0.0043 0.0145 0.0027 0.0300 0.0024 0.0278 0.0001 0.0001 0.0447 0.0080 0.7351 0.0281 0.0010 0.0102 
0.0551 0.0287 0.0080 0.0426 0.0006 0.0268 0.0021 0.0281 0.0014 0.0008 0.0323 0.0153 0.7207 0.0281 0.0053 0.0040 
0.0534 0.0312 0.0163 0.0188 0.0021 0.0355 0.0018 0.0267 0.0016 0.0003 0.0270 0.0085 0.7367 0.0267 0.0065 0.0070 
0.0559 0.0262 0.0022 0.0267 0.0032 0.0434 0.0014 0.0294 0.0008 0.0001 0.0313 0.0032 0.7324 0.0259 0.0069 0.0113 
0.0542 0.0462 0.0065 0.0105 0.0037 0.0403 0.0072 0.0286 0.0016 0.0001 0.0300 0.0101 0.7137 0.0302 0.0032 0.0142 
0.0524 0.0409 0.0136 0.0072 0.0038 0.0377 0.0126 0.0245 0.0021 0.0001 0.0273 0.0094 0.7019 0.0230 0.0265 0.0169 
0.0510 0.0652 0.0760 0.0144 0.0027 0.0235 0.0141 0.0246 0.0059 0.0011 0.0289 0.0110 0.3851 0.0436 0.0069 0.2461 
0.0538 0.0246 0.0201 0.0093 0.0035 0.0992 0.0133 0.0280 0.0013 0.0027 0.0281 0.0134 0.6504 0.0289 0.0177 0.0056 
0.0465 0.0289 0.0165 0.0094 0.0032 0.0300 0.0006 0.0284 0.0022 0.0030 0.4380 0.0118 0.3438 0.0227 0.0010 0.0139 
0.0519 0.0414 0.0010 0.0133 0.0027 0.0382 0.0021 0.0224 0.0043 0.0013 0.0447 0.6755 0.0765 0.0217 0.0014 0.0016 
0.0494 0.0246 0.0117 0.0021 0.0011 0.0460 0.0064 0.0267 0.0010 0.0002 0.0550 0.0248 0.7145 0.0246 0.0064 0.0058 
0.0487 0.0350 0.0056 0.0014 0.0008 0.0267 0.0032 0.0257 0.0010 0.0001 0.0311 0.0474 0.7403 0.0248 0.0021 0.0064 
0.0575 0.0288 0.0069 0.0021 0.0016 0.0286 0.0030 0.0280 0.0010 0.0001 0.0335 0.0105 0.7665 0.0268 0.0030 0.0022 
0.0516 0.0260 0.0133 0.0013 0.0013 0.0404 0.0080 0.0292 0.0006 0.0001 0.0270 0.0080 0.7405 0.0374 0.0035 0.0120 
0.0559 0.0315 0.0054 0.0021 0.0011 0.0291 0.0030 0.0273 0.0002 0.0001 0.0287 0.0053 0.7637 0.0270 0.0129 0.0069 
0.0471 0.0278 0.0030 0.0010 0.0043 0.0268 0.0097 0.0233 0.0005 0.0011 0.0291 0.0048 0.7076 0.0810 0.0097 0.0230 
0.0505 0.0267 0.0062 0.0027 0.0011 0.0248 0.0018 0.0238 0.0002 0.0002 0.0273 0.0083 0.7129 0.0240 0.0808 0.0088 
0.0503 0.0246 0.0083 0.0037 0.0010 0.0260 0.0016 0.0259 0.0038 0.0072 0.0308 0.0104 0.7212 0.0244 0.0034 0.0573 
0.0642 0.0289 0.0089 0.0029 0.0024 0.0375 0.0030 0.0299 0.0001 0.0001 0.0431 0.0107 0.7340 0.0303 0.0021 0.0021 
0.0526 0.0391 0.0089 0.0034 0.0016 0.0310 0.0011 0.0278 0.0005 0.0001 0.0345 0.0454 0.7240 0.0256 0.0013 0.0034 
0.0506 0.0270 0.0011 0.0308 0.0011 0.0342 0.0042 0.0262 0.0018 0.0001 0.0313 0.0123 0.7393 0.0254 0.0014 0.0133 
0.0530 0.0280 0.0099 0.0050 0.0018 0.0414 0.0038 0.0276 0.0001 0.0003 0.0288 0.0099 0.7589 0.0276 0.0021 0.0019 
0.0522 0.0377 0.0091 0.0134 0.0010 0.0254 0.0011 0.0276 0.0008 0.0001 0.0335 0.0057 0.7553 0.0289 0.0035 0.0048 
0.0530 0.0249 0.0051 0.0452 0.0013 0.0256 0.0019 0.0244 0.0027 0.0002 0.0248 0.0112 0.7464 0.0268 0.0038 0.0027 
0.0486 0.0235 0.0224 0.0099 0.0016 0.0463 0.0022 0.0244 0.0018 0.0001 0.0281 0.0034 0.7309 0.0240 0.0083 0.0249 
0.0553 0.0303 0.0177 0.0142 0.0029 0.0265 0.0233 0.0280 0.0003 0.0001 0.0327 0.0144 0.7111 0.0289 0.0035 0.0109 
0.0647 0.0336 0.0077 0.0273 0.0072 0.0342 0.0056 0.0337 0.0050 0.0003 0.0332 0.0128 0.6601 0.0347 0.0115 0.0284 
0.1226 0.0673 0.0642 0.0177 0.0208 0.1098 0.0741 0.0658 0.0192 0.0011 0.0623 0.0118 0.0727 0.2037 0.0174 0.0694 
0.1092 0.1086 0.2292 0.0182 0.0040 0.0591 0.0137 0.0854 0.0050 0.0022 0.0720 0.0083 0.0707 0.0557 0.1361 0.0225 
0.0977 0.0660 0.1022 0.0081 0.0072 0.2330 0.0027 0.0465 0.0482 0.0243 0.0543 0.0353 0.0447 0.0430 0.0080 0.1787 
0.2199 0.0849 0.1908 0.0173 0.0029 0.0815 0.0027 0.0606 0.0067 0.0014 0.1561 0.0315 0.0543 0.0558 0.0102 0.0235 
0.0867 0.1591 0.1200 0.0286 0.0085 0.2091 0.0078 0.0415 0.0067 0.0013 0.0471 0.1941 0.0267 0.0417 0.0051 0.0160 
0.1075 0.0551 0.0219 0.0070 0.0059 0.1735 0.0157 0.0554 0.0008 0.0016 0.3355 0.0195 0.1320 0.0527 0.0053 0.0105 
0.0508 0.0299 0.0318 0.0030 0.0010 0.0383 0.0019 0.0286 0.0021 0.0014 0.3800 0.3525 0.0471 0.0257 0.0011 0.0048 
0.0257 0.0383 0.0019 0.0048 0.0019 0.0246 0.0014 0.0115 0.0048 0.0006 0.0187 0.5272 0.3210 0.0112 0.0042 0.0021 
0.0498 0.0246 0.0177 0.0022 0.0010 0.0378 0.0051 0.0246 0.0001 0.0001 0.0450 0.0126 0.7462 0.0240 0.0045 0.0048 
0.0481 0.0438 0.0080 0.0008 0.0011 0.0319 0.0117 0.0236 0.0001 0.0001 0.0308 0.0233 0.7427 0.0238 0.0010 0.0097 
0.0562 0.0380 0.0006 0.0051 0.0011 0.0302 0.0019 0.0280 0.0005 0.0003 0.0347 0.0102 0.7620 0.0264 0.0034 0.0014 
0.0450 0.0278 0.0045 0.0001 0.0085 0.0305 0.0136 0.0292 0.0014 0.0005 0.0259 0.0187 0.6992 0.0519 0.0094 0.0339 
0.0572 0.0310 0.0112 0.0006 0.0056 0.0292 0.0559 0.0302 0.0005 0.0001 0.0364 0.0081 0.6406 0.0519 0.0284 0.0133 
0.0604 0.0339 0.0176 0.0005 0.0003 0.0294 0.0008 0.0390 0.0010 0.0061 0.0356 0.0315 0.6506 0.0302 0.0097 0.0535 
0.0749 0.0351 0.0236 0.0026 0.0003 0.0320 0.0077 0.0326 0.0038 0.0016 0.0367 0.0086 0.6274 0.0329 0.0085 0.0716 
0.0974 0.0396 0.0804 0.0107 0.0008 0.0358 0.0070 0.0356 0.0006 0.0001 0.0399 0.0107 0.5521 0.0396 0.0115 0.0383 
0.0602 0.0291 0.1230 0.0073 0.0013 0.0896 0.0073 0.0284 0.0002 0.0001 0.0326 0.0050 0.5666 0.0288 0.0073 0.0134 
0.0893 0.0475 0.0289 0.0131 0.0010 0.0653 0.0019 0.0433 0.0002 0.0001 0.0816 0.0069 0.5681 0.0425 0.0030 0.0075 
0.0792 0.0751 0.0059 0.0403 0.0013 0.0526 0.0037 0.0382 0.0019 0.0003 0.0403 0.0778 0.5296 0.0379 0.0072 0.0089 
0.0514 0.0427 0.0454 0.0077 0.0018 0.0797 0.0160 0.0267 0.0006 0.0001 0.0340 0.0062 0.6128 0.0256 0.0096 0.0401 
0.0535 0.2063 0.2689 0.0275 0.0005 0.0219 0.0080 0.0243 0.0038 0.0001 0.0289 0.0102 0.2550 0.0259 0.0093 0.0562 
0.0657 0.0299 0.1000 0.0260 0.0094 0.1094 0.0080 0.0297 0.0008 0.0099 0.0351 0.0236 0.4957 0.0304 0.0058 0.0206 
0.1262 0.0987 0.1150 0.0072 0.0466 0.0805 0.0187 0.0891 0.0008 0.0002 0.1545 0.0147 0.0583 0.1262 0.0099 0.0534 
0.0974 0.1739 0.0099 0.2958 0.0034 0.0468 0.0139 0.0607 0.0160 0.0005 0.0474 0.0674 0.0342 0.0458 0.0687 0.0182 
0.1104 0.0511 0.3552 0.0629 0.0054 0.0473 0.0104 0.0466 0.0204 0.0088 0.0438 0.0085 0.0779 0.0446 0.0113 0.0954 
0.1825 0.0677 0.1914 0.2737 0.0022 0.0722 0.0043 0.0508 0.0069 0.0005 0.0601 0.0021 0.0209 0.0498 0.0030 0.0118 
0.0532 0.0468 0.1093 0.6238 0.0022 0.0390 0.0022 0.0280 0.0061 0.0008 0.0318 0.0109 0.0091 0.0284 0.0048 0.0037 
0.0610 0.0449 0.0717 0.6706 0.0037 0.0419 0.0018 0.0260 0.0006 0.0002 0.0280 0.0054 0.0089 0.0257 0.0067 0.0029 
0.0585 0.0444 0.0327 0.6834 0.0236 0.0324 0.0030 0.0332 0.0006 0.0001 0.0366 0.0030 0.0083 0.0288 0.0080 0.0035 
0.0220 0.0112 0.0125 0.2650 0.5816 0.0246 0.0096 0.0200 0.0011 0.0005 0.0139 0.0045 0.0118 0.0173 0.0029 0.0016 
0.0375 0.0434 0.0225 0.5678 0.0171 0.0208 0.0018 0.2233 0.0078 0.0003 0.0166 0.0032 0.0105 0.0163 0.0048 0.0062 
0.0240 0.0123 0.0410 0.3486 0.0147 0.0310 0.0002 0.0155 0.1393 0.3251 0.0142 0.0042 0.0088 0.0085 0.0005 0.0123 
0.1241 0.0607 0.0096 0.1027 0.0209 0.4534 0.0016 0.0516 0.0080 0.0075 0.0711 0.0123 0.0283 0.0457 0.0021 0.0005 
0.0535 0.0278 0.0038 0.2280 0.0136 0.0679 0.0008 0.0364 0.0010 0.0029 0.4068 0.0987 0.0312 0.0252 0.0011 0.0013 
0.0438 0.0319 0.0006 0.0466 0.0064 0.0510 0.0026 0.0302 0.0062 0.0002 0.0319 0.6358 0.0883 0.0206 0.0027 0.0011 
0.0561 0.0297 0.0002 0.0465 0.0014 0.0391 0.0125 0.0329 0.0096 0.0002 0.0449 0.0193 0.6457 0.0291 0.0089 0.0240 
0.0553 0.0425 0.0558 0.0147 0.0045 0.0296 0.0248 0.0257 0.0066 0.0010 0.0265 0.0097 0.6466 0.0243 0.0134 0.0192 
0.0789 0.0748 0.1705 0.0173 0.0014 0.0364 0.0101 0.0368 0.0013 0.0008 0.0356 0.0038 0.4064 0.0352 0.0168 0.0740 
0.0687 0.0321 0.0246 0.0073 0.0051 0.1416 0.0150 0.0328 0.0072 0.0030 0.0369 0.0066 0.5423 0.0498 0.0050 0.0220 
0.0962 0.0497 0.0305 0.0062 0.0042 0.0644 0.0010 0.0581 0.0008 0.0008 0.5226 0.0126 0.0922 0.0476 0.0043 0.0089 
0.0487 0.1350 0.0099 0.0115 0.0022 0.0238 0.0013 0.0238 0.0054 0.0011 0.0307 0.6287 0.0395 0.0220 0.0022 0.0141 
0.0518 0.0241 0.0316 0.0094 0.0048 0.0375 0.0042 0.0254 0.0032 0.0002 0.0252 0.0220 0.7204 0.0248 0.0046 0.0107 
0.0513 0.0281 0.0238 0.0053 0.0030 0.0403 0.0046 0.0315 0.0005 0.0001 0.0542 0.0085 0.7045 0.0348 0.0013 0.0083 
0.0505 0.0701 0.0011 0.0133 0.0013 0.0275 0.0042 0.0248 0.0067 0.0002 0.0257 0.0588 0.6885 0.0228 0.0029 0.0018 
0.0481 0.0244 0.0161 0.0428 0.0006 0.0227 0.0059 0.0251 0.0037 0.0002 0.0281 0.0035 0.7319 0.0238 0.0059 0.0171 
0.0527 0.0256 0.0361 0.0240 0.0011 0.0395 0.0024 0.0249 0.0006 0.0001 0.0238 0.0097 0.7319 0.0241 0.0011 0.0026 
0.0543 0.0435 0.0075 0.0292 0.0024 0.0331 0.0010 0.0268 0.0002 0.0001 0.0292 0.0008 0.7401 0.0276 0.0003 0.0040 
0.0452 0.0224 0.0035 0.1107 0.0011 0.0265 0.0010 0.0257 0.0003 0.0001 0.0353 0.0056 0.6969 0.0222 0.0032 0.0005 
0.0530 0.0319 0.0067 0.0149 0.0016 0.0372 0.0026 0.0276 0.0019 0.0001 0.0350 0.0219 0.7303 0.0281 0.0050 0.0026 
0.0521 0.0335 0.0003 0.0476 0.0029 0.0307 0.0024 0.0252 0.0005 0.0001 0.0284 0.0089 0.7224 0.0252 0.0080 0.0120 
0.0553 0.0375 0.0252 0.0035 0.0441 0.0292 0.0382 0.0273 0.0001 0.0001 0.0281 0.0058 0.6537 0.0390 0.0034 0.0099 
0.0533 0.0286 0.0125 0.0128 0.0003 0.0275 0.0016 0.0449 0.0001 0.0002 0.0268 0.0027 0.7008 0.0251 0.0573 0.0056 
0.0623 0.0328 0.0069 0.0195 0.0003 0.0305 0.0024 0.0334 0.0380 0.0185 0.0419 0.0054 0.6221 0.0315 0.0080 0.0465 
0.0843 0.0371 0.0027 0.0101 0.0026 0.0629 0.0006 0.0350 0.0013 0.0001 0.0486 0.0184 0.6515 0.0355 0.0073 0.0024 
0.0594 0.0933 0.0216 0.0096 0.0013 0.0297 0.0011 0.0272 0.0001 0.0001 0.0304 0.0126 0.6737 0.0275 0.0019 0.0107 
0.0498 0.0248 0.0088 0.1385 0.0005 0.0347 0.0013 0.0249 0.0005 0.0001 0.0332 0.0061 0.6447 0.0275 0.0006 0.0042 
0.0503 0.0297 0.0799 0.0211 0.0018 0.0259 0.0013 0.0251 0.0006 0.0001 0.0289 0.0158 0.6826 0.0286 0.0073 0.0013 
0.0265 0.0142 0.0016 0.2188 0.0021 0.0171 0.0024 0.0141 0.0001 0.0001 0.0141 0.0085 0.6555 0.0129 0.0062 0.0064 
0.0396 0.0254 0.0021 0.1568 0.0011 0.0214 0.0029 0.0192 0.0002 0.0001 0.0200 0.0019 0.6785 0.0195 0.0027 0.0089 
0.0401 0.0198 0.0155 0.1869 0.0016 0.0217 0.0050 0.0193 0.0006 0.0001 0.0248 0.0026 0.6369 0.0192 0.0042 0.0019 
0.0695 0.0375 0.0091 0.2128 0.0024 0.0417 0.0048 0.0415 0.0002 0.0002 0.0404 0.0067 0.4933 0.0340 0.0027 0.0032 
0.0614 0.0318 0.0013 0.0147 0.2709 0.0722 0.0227 0.0328 0.0083 0.0005 0.0435 0.0142 0.0564 0.3626 0.0034 0.0035 
0.0952 0.0777 0.0142 0.0097 0.0877 0.0439 0.0428 0.0941 0.0006 0.0005 0.0767 0.0129 0.0190 0.0997 0.3190 0.0061 
0.0847 0.0450 0.0348 0.0094 0.0018 0.0580 0.0058 0.1387 0.0067 0.0893 0.0444 0.0104 0.0382 0.0482 0.2150 0.1696 
0.2169 0.0652 0.0147 0.0048 0.0042 0.0674 0.0016 0.0502 0.0567 0.0866 0.0585 0.0019 0.0561 0.0492 0.0120 0.2542 
0.2919 0.2549 0.0120 0.0585 0.0072 0.0788 0.0011 0.0467 0.0050 0.0018 0.0877 0.0238 0.0655 0.0478 0.0058 0.0117 
0.1022 0.0513 0.3714 0.0816 0.0018 0.0909 0.0053 0.0522 0.0011 0.0003 0.0947 0.0399 0.0519 0.0503 0.0027 0.0022 
0.1248 0.0649 0.1288 0.1674 0.0021 0.0880 0.0022 0.0637 0.0016 0.0001 0.0837 0.0681 0.1380 0.0615 0.0027 0.0026 
0.0544 0.0329 0.0042 0.3720 0.0014 0.0383 0.0011 0.0270 0.0005 0.0001 0.0300 0.0465 0.3607 0.0263 0.0032 0.0014 
0.0585 0.0316 0.0016 0.2425 0.0019 0.0586 0.0021 0.0294 0.0001 0.0001 0.0324 0.0037 0.5026 0.0294 0.0042 0.0018 
0.0573 0.0912 0.0050 0.1050 0.0037 0.0391 0.0062 0.0302 0.0002 0.0001 0.0335 0.0032 0.5772 0.0305 0.0070 0.0109 
0.0481 0.0283 0.0101 0.1530 0.0054 0.0235 0.0096 0.0235 0.0002 0.0001 0.0254 0.0038 0.6342 0.0233 0.0077 0.0040 
0.0628 0.0366 0.0214 0.0388 0.0083 0.0952 0.0022 0.0331 0.0005 0.0019 0.0361 0.0056 0.5940 0.0403 0.0051 0.0181 
0.0599 0.0307 0.0057 0.0251 0.0032 0.0478 0.0013 0.0310 0.0006 0.0018 0.1115 0.0064 0.5830 0.0387 0.0478 0.0057 
0.0628 0.0470 0.0061 0.0123 0.0027 0.0439 0.0010 0.0313 0.0016 0.0011 0.0505 0.1032 0.5844 0.0316 0.0077 0.0129 
0.0707 0.0276 0.0045 0.0112 0.0030 0.0348 0.0018 0.0283 0.0008 0.0006 0.0398 0.0292 0.7079 0.0278 0.0062 0.0057 
0.0516 0.0291 0.0056 0.0016 0.0016 0.0556 0.0038 0.0284 0.0003 0.0001 0.0337 0.0259 0.7260 0.0273 0.0043 0.0053 
0.0534 0.0340 0.0035 0.0021 0.0014 0.0388 0.0032 0.0286 0.0002 0.0001 0.0399 0.0149 0.7460 0.0257 0.0040 0.0043 
0.0562 0.0295 0.0035 0.0050 0.0008 0.0270 0.0027 0.0270 0.0018 0.0002 0.0366 0.0233 0.7465 0.0251 0.0018 0.0131 
0.0537 0.0252 0.0165 0.0029 0.0005 0.0302 0.0013 0.0257 0.0008 0.0001 0.0283 0.0235 0.7497 0.0331 0.0008 0.0080 
0.0524 0.0262 0.0062 0.0030 0.0011 0.0339 0.0014 0.0259 0.0005 0.0006 0.0367 0.0096 0.7601 0.0329 0.0081 0.0013 
0.0516 0.0364 0.0018 0.0027 0.0014 0.0257 0.0018 0.0257 0.0003 0.0001 0.0324 0.0203 0.7586 0.0283 0.0080 0.0051 
0.0565 0.0265 0.0021 0.0057 0.0018 0.0279 0.0021 0.0287 0.0005 0.0003 0.0300 0.0142 0.7633 0.0295 0.0040 0.0067 
0.0540 0.0262 0.0093 0.0006 0.0011 0.0340 0.0016 0.0284 0.0011 0.0001 0.0278 0.0109 0.7582 0.0279 0.0062 0.0128 
0.0521 0.0396 0.0091 0.0011 0.0019 0.0287 0.0236 0.0251 0.0014 0.0001 0.0262 0.0059 0.7432 0.0297 0.0038 0.0086 
0.0578 0.0380 0.0128 0.0048 0.0003 0.0233 0.0038 0.0265 0.0011 0.0001 0.0260 0.0040 0.7288 0.0270 0.0276 0.0182 
0.0324 0.0144 0.1157 0.0227 0.0001 0.0112 0.0083 0.0125 0.0062 0.0001 0.0123 0.0016 0.2418 0.0158 0.0118 0.4933 
0.0598 0.0280 0.5164 0.0768 0.0005 0.0275 0.0323 0.0260 0.0002 0.0001 0.0260 0.0019 0.1257 0.0272 0.0248 0.0272 
0.0594 0.0350 0.2724 0.0938 0.0026 0.2334 0.0112 0.0297 0.0003 0.0002 0.0320 0.0024 0.1711 0.0312 0.0077 0.0177 
0.0804 0.0631 0.0297 0.4335 0.0081 0.0473 0.0022 0.0446 0.0026 0.0002 0.1139 0.0187 0.0986 0.0404 0.0085 0.0083 
0.0644 0.0315 0.0112 0.4311 0.0196 0.0842 0.0089 0.0434 0.0073 0.0002 0.0351 0.1530 0.0406 0.0343 0.0080 0.0272 
0.1346 0.0645 0.0524 0.0912 0.0556 0.1417 0.0257 0.0795 0.0759 0.0011 0.0650 0.0118 0.0482 0.0807 0.0246 0.0474 
