0.0890 0.1514 0.1091 0.2460 0.0034 0.0545 0.0099 0.0978 0.0372 0.0051 0.0538 0.0110 0.0526 0.0481 0.0019 0.0292 
0.1267 0.0393 0.0551 0.0898 0.0064 0.2135 0.0038 0.0442 0.0374 0.1861 0.0730 0.0144 0.0449 0.0441 0.0053 0.0161 
0.1586 0.0968 0.0308 0.0963 0.0037 0.0946 0.0042 0.0827 0.0158 0.0010 0.2362 0.0391 0.0599 0.0709 0.0046 0.0048 
0.0630 0.0839 0.0050 0.4407 0.0069 0.0487 0.0053 0.0323 0.0136 0.0043 0.0380 0.1515 0.0642 0.0300 0.0018 0.0109 
0.0821 0.0883 0.3169 0.1297 0.0035 0.0714 0.0093 0.0433 0.0043 0.0014 0.0407 0.0238 0.0853 0.0449 0.0208 0.0342 
0.0747 0.0395 0.3091 0.0896 0.0182 0.1455 0.0281 0.0382 0.0134 0.0072 0.0878 0.0093 0.0720 0.0436 0.0075 0.0163 
0.1527 0.2255 0.0319 0.0634 0.0125 0.1144 0.0035 0.0862 0.0038 0.0048 0.0893 0.0441 0.0754 0.0688 0.0094 0.0142 
0.1043 0.0533 0.0185 0.3563 0.0030 0.0666 0.0085 0.0537 0.0270 0.0061 0.0949 0.0529 0.0938 0.0492 0.0056 0.0064 
0.1665 0.1118 0.0898 0.1550 0.0013 0.1056 0.0078 0.0693 0.0109 0.0003 0.0764 0.0342 0.0767 0.0711 0.0086 0.0147 
0.1279 0.1184 0.1235 0.2448 0.0070 0.0783 0.0040 0.0623 0.0101 0.0003 0.0688 0.0061 0.0470 0.0629 0.0240 0.0147 
0.0434 0.0315 0.1195 0.0280 0.5822 0.0240 0.0396 0.0256 0.0002 0.0002 0.0217 0.0077 0.0275 0.0305 0.0067 0.0120 
0.0746 0.0387 0.1118 0.2056 0.0030 0.0398 0.0037 0.3866 0.0024 0.0002 0.0419 0.0034 0.0171 0.0353 0.0158 0.0203 
0.0476 0.0462 0.0594 0.0133 0.0024 0.0241 0.0032 0.0168 0.3894 0.2861 0.0310 0.0109 0.0128 0.0155 0.0045 0.0371 
0.1538 0.0682 0.0886 0.0034 0.2749 0.0548 0.0890 0.0466 0.0034 0.0026 0.0987 0.0236 0.0395 0.0434 0.0037 0.0059 
0.0598 0.0949 0.4194 0.0572 0.0027 0.0351 0.0022 0.1885 0.0003 0.0018 0.0372 0.0134 0.0254 0.0275 0.0211 0.0134 
0.0545 0.0260 0.0174 0.0321 0.0050 0.2209 0.0010 0.0313 0.1295 0.2880 0.0503 0.0521 0.0431 0.0257 0.0099 0.0133 
0.0914 0.0711 0.0034 0.0101 0.0043 0.0561 0.0013 0.0534 0.0008 0.0022 0.3299 0.1093 0.2090 0.0518 0.0016 0.0045 
0.0842 0.0554 0.0021 0.0272 0.0011 0.0486 0.0022 0.0403 0.0096 0.0005 0.0513 0.4351 0.1992 0.0401 0.0014 0.0018 
0.0500 0.0241 0.0318 0.0022 0.0011 0.0939 0.0019 0.0246 0.0003 0.0002 0.0414 0.0125 0.6886 0.0236 0.0032 0.0005 
0.0570 0.0711 0.0010 0.0030 0.0013 0.0294 0.0043 0.0319 0.0001 0.0001 0.0379 0.0230 0.7077 0.0280 0.0011 0.0035 
0.0599 0.0296 0.0013 0.0160 0.0008 0.0286 0.0008 0.0310 0.0008 0.0001 0.0350 0.0246 0.7375 0.0288 0.0032 0.0024 
0.0478 0.0251 0.0958 0.0059 0.0002 0.0211 0.0018 0.0228 0.0014 0.0001 0.0233 0.0051 0.7197 0.0233 0.0013 0.0056 
0.0596 0.0291 0.0030 0.0158 0.0006 0.0388 0.0034 0.0289 0.0001 0.0001 0.0310 0.0030 0.7518 0.0287 0.0048 0.0014 
0.0578 0.0435 0.0067 0.0034 0.0010 0.0267 0.0011 0.0291 0.0001 0.0001 0.0348 0.0016 0.7618 0.0286 0.0021 0.0022 
0.0553 0.0270 0.0001 0.0123 0.0006 0.0347 0.0014 0.0280 0.0024 0.0001 0.0283 0.0217 0.7510 0.0281 0.0043 0.0051 
0.0543 0.0329 0.0075 0.0006 0.0018 0.0312 0.0067 0.0297 0.0016 0.0001 0.0339 0.0027 0.7570 0.0316 0.0035 0.0051 
0.0546 0.0347 0.0094 0.0029 0.0003 0.0264 0.0045 0.0270 0.0013 0.0001 0.0329 0.0089 0.7444 0.0272 0.0093 0.0163 
0.0607 0.0367 0.0422 0.0054 0.0034 0.0345 0.0125 0.0289 0.0129 0.0005 0.0297 0.0105 0.3206 0.2982 0.0073 0.0958 
0.0696 0.0310 0.0584 0.0137 0.0011 0.0299 0.0299 0.0316 0.0005 0.0001 0.0307 0.0069 0.3242 0.0350 0.3229 0.0149 
0.0620 0.0359 0.0639 0.0233 0.0011 0.0518 0.0225 0.0323 0.0077 0.0121 0.0494 0.0113 0.4329 0.0315 0.0045 0.1578 
0.2013 0.0663 0.0136 0.0217 0.0136 0.0681 0.0391 0.0483 0.0050 0.0022 0.0650 0.0542 0.1681 0.2168 0.0067 0.0099 
0.1221 0.1106 0.0640 0.0390 0.0045 0.0615 0.0338 0.0778 0.0053 0.0026 0.0736 0.0224 0.0802 0.0733 0.2049 0.0246 
0.0759 0.0514 0.1945 0.0458 0.0016 0.0538 0.0128 0.0396 0.1017 0.0248 0.0415 0.0291 0.0538 0.0454 0.0204 0.2078 
0.2002 0.0844 0.0513 0.0695 0.0214 0.0960 0.0229 0.0737 0.0058 0.0288 0.0845 0.0679 0.0914 0.0780 0.0086 0.0157 
0.1184 0.1524 0.1490 0.1267 0.0083 0.0690 0.0099 0.0663 0.0149 0.0013 0.0709 0.0304 0.0673 0.0843 0.0110 0.0200 
0.1010 0.0556 0.0332 0.4100 0.0073 0.0919 0.0026 0.0516 0.0236 0.0062 0.0604 0.0129 0.0438 0.0465 0.0385 0.0149 
0.0920 0.2462 0.1764 0.0711 0.0145 0.0633 0.0078 0.0556 0.0088 0.0019 0.0604 0.0286 0.0677 0.0522 0.0144 0.0390 
0.0789 0.0270 0.0297 0.1685 0.3936 0.0430 0.0575 0.0276 0.0046 0.0021 0.0454 0.0287 0.0514 0.0273 0.0030 0.0117 
0.0885 0.1062 0.0808 0.0331 0.0080 0.1966 0.0030 0.3291 0.0045 0.0030 0.0449 0.0053 0.0296 0.0427 0.0165 0.0083 
0.0928 0.0498 0.0026 0.1293 0.0115 0.0627 0.0057 0.0536 0.0447 0.1894 0.1833 0.0172 0.0367 0.0428 0.0126 0.0651 
0.1273 0.0772 0.0101 0.0094 0.1538 0.0588 0.0259 0.0688 0.0294 0.0011 0.0843 0.2158 0.0639 0.0585 0.0062 0.0094 
0.1795 0.0920 0.1476 0.0455 0.0038 0.0642 0.0069 0.0906 0.0219 0.0010 0.0668 0.0289 0.0695 0.0655 0.0541 0.0623 
0.0770 0.0304 0.0943 0.0002 0.0083 0.2180 0.0046 0.0332 0.0513 0.2454 0.0510 0.0195 0.0662 0.0321 0.0168 0.0518 
0.0778 0.0428 0.0387 0.0001 0.0010 0.0444 0.0024 0.0438 0.0029 0.0013 0.5389 0.0379 0.1174 0.0371 0.0051 0.0088 
0.0462 0.1157 0.0081 0.0032 0.0002 0.0139 0.0021 0.0157 0.0089 0.0034 0.0230 0.6374 0.0848 0.0181 0.0011 0.0184 
0.0548 0.0257 0.0554 0.0001 0.0010 0.0631 0.0058 0.0252 0.0010 0.0024 0.0284 0.0272 0.6612 0.0272 0.0179 0.0038 
0.0403 0.0200 0.0112 0.0001 0.0014 0.0214 0.0024 0.0190 0.0001 0.0001 0.1943 0.0126 0.6397 0.0200 0.0035 0.0145 
0.0225 0.0121 0.0002 0.0014 0.0002 0.0078 0.0014 0.0101 0.0022 0.0001 0.0110 0.3558 0.5594 0.0101 0.0019 0.0038 
0.0554 0.0278 0.0042 0.0008 0.0003 0.0260 0.0026 0.0276 0.0019 0.0005 0.0315 0.0034 0.7760 0.0315 0.0045 0.0061 
0.0554 0.0257 0.0043 0.0001 0.0018 0.0615 0.0035 0.0254 0.0001 0.0001 0.0252 0.0054 0.7586 0.0256 0.0051 0.0029 
0.0532 0.0466 0.0013 0.0001 0.0019 0.0315 0.0018 0.0289 0.0001 0.0001 0.0359 0.0013 0.7607 0.0260 0.0034 0.0078 
0.0600 0.0283 0.0027 0.0014 0.0002 0.0240 0.0067 0.0305 0.0045 0.0001 0.0327 0.0171 0.7434 0.0257 0.0054 0.0176 
0.0561 0.0263 0.0476 0.0014 0.0002 0.0246 0.0042 0.0252 0.0056 0.0001 0.0278 0.0117 0.7292 0.0257 0.0048 0.0099 
0.0553 0.0278 0.0503 0.0014 0.0013 0.0316 0.0034 0.0268 0.0018 0.0001 0.0302 0.0022 0.7277 0.0275 0.0019 0.0109 
0.0502 0.0511 0.0078 0.0010 0.0051 0.0390 0.0081 0.0264 0.0001 0.0001 0.0288 0.0056 0.7300 0.0249 0.0046 0.0174 
0.0780 0.0591 0.0107 0.0048 0.0061 0.0423 0.0197 0.0406 0.0088 0.0001 0.0462 0.0113 0.0160 0.6388 0.0062 0.0117 
0.0450 0.0292 0.0209 0.0054 0.0010 0.0206 0.0150 0.0307 0.0051 0.0001 0.0240 0.0126 0.0289 0.0224 0.7320 0.0072 
0.0426 0.0281 0.0359 0.0030 0.0008 0.0254 0.0139 0.0244 0.0195 0.0029 0.0249 0.0062 0.0450 0.0212 0.0073 0.6986 
0.4981 0.0649 0.0120 0.0021 0.0083 0.1179 0.0099 0.0625 0.0024 0.0006 0.0746 0.0117 0.0329 0.0639 0.0289 0.0093 
0.0596 0.2796 0.3465 0.0032 0.0053 0.0348 0.0270 0.0339 0.0016 0.0003 0.0609 0.0131 0.0342 0.0302 0.0113 0.0586 
0.1277 0.0617 0.0169 0.0794 0.1547 0.1064 0.0475 0.0637 0.0062 0.0010 0.1112 0.0708 0.0503 0.0952 0.0024 0.0050 
0.0975 0.2186 0.1916 0.0019 0.0037 0.0853 0.0019 0.1861 0.0024 0.0006 0.0468 0.0235 0.0351 0.0415 0.0572 0.0062 
0.0858 0.0545 0.0035 0.0986 0.0043 0.0444 0.0072 0.0454 0.0104 0.0919 0.0968 0.0109 0.0454 0.0398 0.0120 0.3493 
0.1834 0.0634 0.1396 0.0013 0.0979 0.0668 0.0252 0.0693 0.0131 0.0005 0.0760 0.0957 0.0834 0.0613 0.0099 0.0131 
0.1639 0.1204 0.2931 0.0262 0.0043 0.0578 0.0057 0.0724 0.0070 0.0002 0.0618 0.0161 0.0682 0.0597 0.0089 0.0342 
0.1003 0.0334 0.0257 0.0005 0.0046 0.4420 0.0029 0.0379 0.0198 0.1168 0.0581 0.0128 0.0947 0.0340 0.0110 0.0054 
0.0706 0.0383 0.0150 0.0001 0.0003 0.0460 0.0014 0.0410 0.0024 0.0011 0.5940 0.0212 0.1259 0.0340 0.0067 0.0019 
0.0422 0.0866 0.0005 0.0134 0.0003 0.0141 0.0013 0.0160 0.0089 0.0011 0.0270 0.6905 0.0664 0.0177 0.0005 0.0136 
0.0610 0.0240 0.0254 0.0005 0.0003 0.0414 0.0045 0.0235 0.0001 0.0008 0.0240 0.0200 0.7322 0.0254 0.0150 0.0022 
0.0399 0.0204 0.0302 0.0001 0.0006 0.0214 0.0040 0.0195 0.0001 0.0001 0.1129 0.0037 0.7114 0.0206 0.0054 0.0102 
0.0348 0.0155 0.0001 0.0022 0.0008 0.0128 0.0018 0.0150 0.0006 0.0001 0.0174 0.2088 0.6707 0.0144 0.0042 0.0013 
0.0559 0.0268 0.0008 0.0003 0.0003 0.0291 0.0018 0.0281 0.0021 0.0001 0.0318 0.0053 0.7716 0.0353 0.0040 0.0069 
0.0500 0.0535 0.0019 0.0001 0.0008 0.0264 0.0080 0.0240 0.0008 0.0001 0.0249 0.0121 0.7546 0.0276 0.0073 0.0080 
0.0505 0.0289 0.0441 0.0003 0.0005 0.0217 0.0054 0.0233 0.0006 0.0001 0.0270 0.0027 0.7444 0.0254 0.0137 0.0115 
0.0430 0.0204 0.0304 0.0010 0.0002 0.0232 0.0091 0.0206 0.0035 0.0001 0.0225 0.0067 0.7171 0.0209 0.0046 0.0770 
0.0467 0.0217 0.0451 0.0043 0.0013 0.0209 0.0446 0.0216 0.0027 0.0001 0.0260 0.0058 0.6568 0.0403 0.0053 0.0572 
0.0446 0.0286 0.1527 0.0109 0.0026 0.0248 0.0623 0.0206 0.0019 0.0002 0.0236 0.0104 0.5086 0.0431 0.0450 0.0201 
0.0687 0.0428 0.1072 0.0058 0.0048 0.0756 0.0275 0.0345 0.0061 0.0080 0.0388 0.0145 0.3946 0.0612 0.0147 0.0952 
0.1530 0.0942 0.0580 0.0232 0.0034 0.0765 0.0375 0.0874 0.0053 0.0067 0.1466 0.0359 0.0826 0.0910 0.0506 0.0481 
0.1581 0.1650 0.1006 0.0535 0.0026 0.0891 0.0093 0.0722 0.0249 0.0048 0.0925 0.0371 0.0690 0.0711 0.0168 0.0334 
0.1657 0.0858 0.2078 0.0701 0.0035 0.0551 0.0101 0.0652 0.0091 0.0048 0.0636 0.0478 0.0671 0.0657 0.0302 0.0486 
0.0791 0.0538 0.3425 0.0876 0.0236 0.1058 0.0304 0.0379 0.0174 0.0003 0.0382 0.0304 0.0375 0.0559 0.0182 0.0414 
0.1230 0.0495 0.0952 0.1163 0.0506 0.1962 0.0021 0.0700 0.0305 0.0050 0.0824 0.0120 0.0382 0.0661 0.0169 0.0460 
