0.0462 0.0270 0.2000 0.5607 0.0016 0.0294 0.0040 0.0217 0.0046 0.0011 0.0316 0.0042 0.0313 0.0211 0.0024 0.0131 
0.0460 0.0382 0.1458 0.5958 0.0104 0.0291 0.0026 0.0217 0.0058 0.0005 0.0347 0.0073 0.0284 0.0198 0.0045 0.0094 
0.0494 0.0292 0.0305 0.7137 0.0139 0.0224 0.0075 0.0238 0.0024 0.0001 0.0367 0.0086 0.0260 0.0248 0.0026 0.0085 
0.0522 0.0297 0.0267 0.6922 0.0050 0.0620 0.0010 0.0289 0.0198 0.0013 0.0265 0.0065 0.0184 0.0243 0.0030 0.0026 
0.0697 0.0503 0.0125 0.1444 0.0299 0.5117 0.0005 0.0344 0.0050 0.0107 0.0617 0.0050 0.0201 0.0337 0.0080 0.0026 
0.0701 0.4104 0.0144 0.1396 0.0112 0.0514 0.0006 0.0428 0.0101 0.0014 0.1461 0.0377 0.0252 0.0292 0.0008 0.0089 
0.1289 0.0577 0.0045 0.0259 0.0102 0.2545 0.0046 0.0558 0.0193 0.0059 0.0925 0.2200 0.0522 0.0532 0.0131 0.0016 
0.1013 0.0549 0.0450 0.0219 0.0014 0.0535 0.0010 0.0545 0.0065 0.0005 0.4252 0.1013 0.0573 0.0500 0.0088 0.0169 
0.0588 0.0465 0.0035 0.1246 0.0008 0.0249 0.0065 0.0246 0.0093 0.0008 0.0259 0.5812 0.0565 0.0256 0.0037 0.0069 
0.0564 0.0257 0.0479 0.0458 0.0006 0.0484 0.0040 0.0249 0.0013 0.0002 0.0260 0.0008 0.6793 0.0264 0.0050 0.0073 
0.0548 0.0473 0.0385 0.0155 0.0008 0.0363 0.0016 0.0278 0.0002 0.0001 0.0318 0.0067 0.7059 0.0273 0.0040 0.0016 
0.0522 0.0288 0.0006 0.0396 0.0053 0.0470 0.0014 0.0251 0.0005 0.0001 0.0284 0.0101 0.7314 0.0238 0.0038 0.0019 
0.0529 0.0283 0.0133 0.0065 0.0019 0.0291 0.0037 0.0275 0.0002 0.0001 0.0366 0.0073 0.7519 0.0257 0.0010 0.0144 
0.0548 0.0257 0.0024 0.0035 0.0050 0.0441 0.0027 0.0257 0.0002 0.0006 0.0316 0.0262 0.7496 0.0256 0.0005 0.0018 
0.0530 0.0418 0.0029 0.0005 0.0014 0.0323 0.0002 0.0287 0.0014 0.0001 0.0302 0.0107 0.7646 0.0262 0.0054 0.0008 
0.0522 0.0267 0.0008 0.0073 0.0002 0.0246 0.0034 0.0259 0.0030 0.0002 0.0383 0.0109 0.7530 0.0262 0.0040 0.0233 
0.0615 0.0275 0.0278 0.0010 0.0005 0.0276 0.0050 0.0240 0.0006 0.0001 0.0235 0.0107 0.7400 0.0275 0.0024 0.0208 
0.0593 0.0281 0.0196 0.0016 0.0014 0.0393 0.0011 0.0275 0.0001 0.0001 0.0313 0.0016 0.7531 0.0287 0.0038 0.0037 
0.0541 0.0406 0.0056 0.0030 0.0010 0.0252 0.0038 0.0299 0.0006 0.0001 0.0291 0.0077 0.7619 0.0281 0.0059 0.0037 
0.0516 0.0265 0.0037 0.0436 0.0003 0.0244 0.0069 0.0251 0.0029 0.0001 0.0297 0.0057 0.6993 0.0257 0.0113 0.0434 
0.0594 0.0286 0.1072 0.0051 0.0019 0.0348 0.0059 0.0299 0.0002 0.0001 0.0331 0.0035 0.6540 0.0284 0.0035 0.0046 
0.0554 0.0629 0.0073 0.0005 0.0926 0.1084 0.0136 0.0284 0.0011 0.0002 0.0342 0.0070 0.4962 0.0794 0.0038 0.0088 
0.0815 0.0619 0.0040 0.0145 0.0604 0.0401 0.0070 0.0620 0.0021 0.0003 0.0901 0.0077 0.1849 0.3139 0.0617 0.0078 
0.0662 0.0414 0.0961 0.0053 0.0016 0.0331 0.0043 0.0534 0.0185 0.0051 0.0324 0.0185 0.0948 0.0329 0.4131 0.0833 
0.0843 0.0337 0.0061 0.0032 0.0061 0.0617 0.0037 0.0390 0.0096 0.0807 0.0412 0.0024 0.1402 0.0323 0.0075 0.4485 
0.1455 0.0776 0.0149 0.0077 0.0091 0.0639 0.0027 0.0613 0.0042 0.0003 0.3599 0.0361 0.1519 0.0581 0.0027 0.0042 
0.0845 0.0395 0.0347 0.0203 0.0005 0.0599 0.0035 0.0444 0.0037 0.0008 0.0628 0.4993 0.1055 0.0384 0.0018 0.0005 
0.0788 0.0398 0.0192 0.0573 0.0008 0.0412 0.0013 0.0396 0.0059 0.0002 0.1046 0.0203 0.5474 0.0387 0.0003 0.0046 
0.0693 0.0321 0.0024 0.1394 0.0030 0.0310 0.0005 0.0318 0.0005 0.0006 0.0324 0.0807 0.5419 0.0319 0.0010 0.0014 
0.0532 0.0296 0.0037 0.0621 0.0014 0.0300 0.0006 0.0284 0.0011 0.0001 0.0270 0.0016 0.7299 0.0273 0.0037 0.0005 
0.0527 0.0270 0.0014 0.0455 0.0010 0.0419 0.0005 0.0272 0.0018 0.0001 0.0292 0.0018 0.7296 0.0334 0.0053 0.0021 
0.0628 0.0375 0.0024 0.0185 0.0010 0.0328 0.0008 0.0307 0.0010 0.0001 0.0340 0.0038 0.7324 0.0308 0.0077 0.0040 
0.0644 0.0384 0.0022 0.0145 0.0061 0.0328 0.0089 0.0313 0.0003 0.0001 0.0348 0.0040 0.7079 0.0348 0.0056 0.0141 
0.0631 0.0340 0.0839 0.0131 0.0022 0.0407 0.0032 0.0332 0.0006 0.0001 0.0353 0.0067 0.5933 0.0609 0.0110 0.0187 
0.0767 0.0428 0.0430 0.0185 0.0026 0.0332 0.0107 0.0361 0.0042 0.0008 0.0444 0.0077 0.5267 0.0398 0.0236 0.0894 
0.0906 0.0356 0.0193 0.0054 0.0121 0.0655 0.1441 0.0363 0.0038 0.0008 0.0395 0.0211 0.2368 0.2031 0.0037 0.0823 
0.1396 0.0575 0.0276 0.0275 0.0062 0.0558 0.0077 0.0693 0.0019 0.0034 0.2404 0.0099 0.1593 0.0650 0.1211 0.0078 
0.0965 0.1383 0.0319 0.0268 0.0040 0.0559 0.0035 0.0558 0.0246 0.0174 0.0495 0.0657 0.0390 0.0497 0.0462 0.2952 
0.2254 0.0854 0.1161 0.0589 0.0101 0.0845 0.0121 0.0679 0.0358 0.0043 0.0647 0.0043 0.0990 0.0639 0.0160 0.0516 
0.1057 0.0538 0.1372 0.0339 0.0064 0.1402 0.0035 0.0562 0.0019 0.0032 0.3423 0.0065 0.0334 0.0487 0.0038 0.0232 
0.0590 0.3838 0.0398 0.1201 0.0016 0.0435 0.0035 0.0371 0.0059 0.0001 0.0487 0.2031 0.0018 0.0372 0.0081 0.0069 
0.0746 0.0356 0.0888 0.5572 0.0021 0.0540 0.0069 0.0343 0.0021 0.0002 0.0430 0.0145 0.0406 0.0350 0.0067 0.0045 
0.0936 0.0471 0.2694 0.2463 0.0046 0.0946 0.0045 0.0506 0.0005 0.0001 0.0596 0.0121 0.0640 0.0441 0.0067 0.0024 
0.0888 0.0545 0.0014 0.4249 0.0045 0.1771 0.0059 0.0490 0.0050 0.0005 0.0618 0.0169 0.0553 0.0452 0.0070 0.0022 
0.0837 0.1812 0.0150 0.3861 0.0073 0.0476 0.0048 0.0439 0.0029 0.0003 0.0490 0.0091 0.0925 0.0470 0.0050 0.0246 
0.1495 0.1332 0.1046 0.1227 0.0115 0.1011 0.0371 0.0725 0.0027 0.0008 0.0725 0.0136 0.0634 0.0746 0.0168 0.0232 
0.0660 0.0324 0.0489 0.0010 0.0888 0.5077 0.0166 0.0355 0.0026 0.0064 0.0728 0.0075 0.0516 0.0401 0.0030 0.0192 
0.0765 0.0609 0.0267 0.0070 0.0064 0.0420 0.0051 0.1101 0.0026 0.0059 0.5128 0.0419 0.0415 0.0450 0.0125 0.0032 
0.0641 0.2933 0.0404 0.0109 0.0013 0.0359 0.0030 0.0292 0.0684 0.0181 0.0315 0.1786 0.0188 0.0302 0.0922 0.0842 
0.1480 0.0455 0.0679 0.0121 0.0045 0.1895 0.0080 0.0459 0.0018 0.0420 0.0507 0.0157 0.2502 0.0470 0.0069 0.0644 
0.0850 0.0457 0.0174 0.0155 0.0089 0.0427 0.0048 0.0465 0.0001 0.0040 0.6035 0.0227 0.0524 0.0443 0.0018 0.0051 
0.0303 0.1751 0.0010 0.0851 0.0010 0.0211 0.0056 0.0163 0.0059 0.0013 0.0204 0.6068 0.0059 0.0169 0.0022 0.0051 
0.0701 0.0345 0.0407 0.0441 0.0035 0.0423 0.0037 0.0361 0.0035 0.0016 0.0431 0.0209 0.6096 0.0340 0.0043 0.0078 
0.0626 0.0337 0.2365 0.0225 0.0016 0.0304 0.0051 0.0326 0.0003 0.0003 0.0455 0.0085 0.4786 0.0291 0.0018 0.0109 
0.0597 0.0307 0.0145 0.3196 0.0006 0.0374 0.0034 0.0299 0.0040 0.0001 0.0305 0.0355 0.4021 0.0299 0.0014 0.0008 
0.0874 0.0435 0.0204 0.1193 0.0035 0.0612 0.0026 0.0428 0.0008 0.0008 0.0482 0.0018 0.5190 0.0425 0.0038 0.0024 
0.0748 0.0484 0.0016 0.1767 0.0008 0.0364 0.0010 0.0406 0.0003 0.0001 0.0444 0.0045 0.5284 0.0379 0.0011 0.0034 
0.0591 0.0288 0.0014 0.1602 0.0008 0.0335 0.0016 0.0283 0.0094 0.0001 0.0286 0.0091 0.6065 0.0283 0.0038 0.0006 
0.0676 0.0350 0.0029 0.0240 0.0035 0.0492 0.0003 0.0353 0.0003 0.0002 0.0355 0.0005 0.7045 0.0339 0.0038 0.0037 
0.0633 0.0436 0.0005 0.0214 0.0018 0.0502 0.0005 0.0342 0.0002 0.0001 0.0422 0.0048 0.6995 0.0312 0.0021 0.0050 
0.0757 0.0617 0.0150 0.0105 0.0003 0.0358 0.0032 0.0377 0.0014 0.0001 0.0439 0.0184 0.6534 0.0379 0.0008 0.0045 
0.0735 0.0364 0.0112 0.0262 0.0003 0.0436 0.0026 0.0382 0.0014 0.0001 0.0390 0.0142 0.6588 0.0371 0.0094 0.0081 
0.1068 0.0567 0.1032 0.0339 0.0057 0.0524 0.0256 0.0572 0.0057 0.0001 0.0561 0.0144 0.3657 0.0551 0.0195 0.0423 
0.1311 0.0628 0.0235 0.1565 0.0172 0.0741 0.0447 0.0717 0.0097 0.0001 0.0620 0.0075 0.2199 0.0625 0.0193 0.0374 
0.1789 0.0541 0.0254 0.0182 0.0262 0.1409 0.0187 0.0775 0.0597 0.0024 0.0580 0.0013 0.0805 0.1621 0.0072 0.0890 
