0.0842 0.1435 0.1224 0.2010 0.0042 0.0813 0.0212 0.0537 0.0331 0.0050 0.1043 0.0292 0.0452 0.0514 0.0034 0.0171 
0.1137 0.1560 0.0850 0.1217 0.0195 0.1701 0.0379 0.0572 0.0042 0.0051 0.0747 0.0321 0.0484 0.0557 0.0050 0.0137 
0.0823 0.0418 0.0321 0.1711 0.0042 0.0733 0.0050 0.0540 0.0010 0.0050 0.3971 0.0222 0.0585 0.0415 0.0022 0.0089 
0.0630 0.0344 0.0192 0.0596 0.0026 0.0407 0.0022 0.0339 0.0181 0.0109 0.1600 0.4621 0.0591 0.0299 0.0032 0.0013 
0.0613 0.0438 0.0021 0.1302 0.0057 0.0257 0.0080 0.0259 0.0029 0.0003 0.0449 0.1273 0.4854 0.0257 0.0054 0.0054 
0.0511 0.0241 0.0514 0.1779 0.0016 0.0297 0.0022 0.0254 0.0013 0.0001 0.0236 0.0315 0.5459 0.0246 0.0016 0.0080 
0.0569 0.0286 0.0585 0.0859 0.0027 0.0551 0.0018 0.0292 0.0037 0.0011 0.0284 0.0054 0.6010 0.0291 0.0096 0.0030 
0.0510 0.0636 0.0022 0.1081 0.0026 0.0410 0.0070 0.0272 0.0010 0.0001 0.0262 0.0035 0.6218 0.0264 0.0099 0.0088 
0.0543 0.0498 0.0069 0.1014 0.0006 0.0297 0.0057 0.0252 0.0011 0.0001 0.0276 0.0038 0.6555 0.0262 0.0059 0.0062 
0.0792 0.0387 0.0319 0.0693 0.0014 0.0423 0.0029 0.0366 0.0050 0.0024 0.0398 0.0037 0.5908 0.0358 0.0094 0.0109 
0.0861 0.0597 0.1337 0.0684 0.0016 0.0621 0.0134 0.0447 0.0027 0.0001 0.0428 0.0050 0.3575 0.0442 0.0166 0.0615 
0.1332 0.0687 0.1673 0.0494 0.0147 0.1058 0.0046 0.0660 0.0005 0.0011 0.1019 0.0069 0.1976 0.0652 0.0077 0.0094 
0.1148 0.0890 0.0137 0.0054 0.1160 0.1536 0.0091 0.0618 0.0010 0.0011 0.0974 0.0567 0.1642 0.0954 0.0057 0.0150 
0.1221 0.0764 0.0113 0.0382 0.0037 0.0622 0.0019 0.1288 0.0006 0.0022 0.1197 0.0419 0.2986 0.0558 0.0265 0.0102 
0.0645 0.0380 0.0275 0.0040 0.0026 0.0492 0.0018 0.0348 0.0490 0.0415 0.0353 0.0529 0.5137 0.0324 0.0096 0.0433 
0.0869 0.0391 0.0104 0.0091 0.0029 0.0535 0.0021 0.0382 0.0019 0.0003 0.1280 0.0077 0.5652 0.0374 0.0080 0.0094 
0.0548 0.0409 0.0235 0.0161 0.0013 0.0294 0.0032 0.0264 0.0008 0.0001 0.0294 0.2259 0.5176 0.0254 0.0013 0.0042 
0.0532 0.0254 0.0097 0.0888 0.0005 0.0319 0.0018 0.0252 0.0003 0.0001 0.0297 0.0083 0.6945 0.0265 0.0022 0.0019 
0.0524 0.0289 0.0193 0.0414 0.0018 0.0305 0.0034 0.0270 0.0002 0.0001 0.0292 0.0056 0.7233 0.0262 0.0085 0.0026 
0.0506 0.0280 0.0027 0.0522 0.0021 0.0351 0.0022 0.0262 0.0003 0.0001 0.0262 0.0045 0.7331 0.0248 0.0042 0.0080 
0.0487 0.0251 0.0048 0.0655 0.0021 0.0270 0.0011 0.0241 0.0016 0.0001 0.0286 0.0032 0.7218 0.0297 0.0016 0.0150 
0.0484 0.0264 0.0254 0.0267 0.0021 0.0417 0.0010 0.0244 0.0014 0.0011 0.0252 0.0198 0.7149 0.0246 0.0120 0.0050 
0.0551 0.0358 0.0200 0.0203 0.0042 0.0481 0.0073 0.0278 0.0016 0.0001 0.0391 0.0045 0.6679 0.0380 0.0051 0.0252 
0.0927 0.0484 0.0224 0.0628 0.0048 0.0411 0.0018 0.0419 0.0013 0.0001 0.0550 0.0326 0.5198 0.0454 0.0236 0.0066 
0.1029 0.0543 0.0201 0.0417 0.0051 0.0911 0.0088 0.0556 0.0051 0.0011 0.0511 0.0252 0.2794 0.0582 0.0195 0.1807 
0.1374 0.0807 0.1316 0.0233 0.0050 0.0877 0.0236 0.0719 0.0077 0.0005 0.0813 0.0045 0.2097 0.0653 0.0260 0.0439 
0.1305 0.1319 0.1827 0.0371 0.0097 0.0960 0.0110 0.0732 0.0129 0.0018 0.0744 0.0329 0.0674 0.0628 0.0083 0.0673 
0.1378 0.0631 0.2757 0.0494 0.0046 0.1134 0.0102 0.0625 0.0179 0.0006 0.0839 0.0280 0.0487 0.0572 0.0085 0.0387 
0.0702 0.0371 0.3746 0.0446 0.0029 0.0874 0.0034 0.0347 0.0072 0.0006 0.1755 0.0425 0.0497 0.0435 0.0016 0.0248 
0.0941 0.1181 0.0880 0.0949 0.0064 0.0824 0.0042 0.0482 0.0059 0.0035 0.0572 0.2149 0.1208 0.0465 0.0097 0.0053 
0.0986 0.0711 0.0768 0.2939 0.0032 0.0645 0.0190 0.0471 0.0034 0.0002 0.0569 0.0139 0.0818 0.0438 0.0123 0.1136 
0.0613 0.0454 0.3501 0.2439 0.0056 0.0438 0.0276 0.0291 0.0091 0.0003 0.0372 0.0126 0.0701 0.0331 0.0059 0.0249 
0.0957 0.0489 0.2948 0.1251 0.0195 0.1291 0.0024 0.0575 0.0003 0.0021 0.0754 0.0152 0.0676 0.0457 0.0174 0.0035 
0.1105 0.0858 0.0319 0.1437 0.1523 0.1020 0.0224 0.0821 0.0081 0.0005 0.0790 0.0361 0.0446 0.0827 0.0067 0.0115 
0.1388 0.1386 0.0267 0.1484 0.0118 0.1346 0.0067 0.1069 0.0182 0.0014 0.0711 0.0358 0.0502 0.0632 0.0374 0.0102 
0.1214 0.0784 0.0502 0.0326 0.0093 0.1217 0.0059 0.0561 0.0334 0.1484 0.0859 0.0244 0.0559 0.0540 0.0069 0.1156 
0.1686 0.2502 0.0796 0.0315 0.0069 0.0882 0.0066 0.0649 0.0053 0.0078 0.0915 0.0705 0.0463 0.0594 0.0056 0.0173 
0.1163 0.0623 0.0077 0.0153 0.0074 0.2678 0.0083 0.0556 0.0089 0.0093 0.0983 0.0805 0.1878 0.0558 0.0153 0.0034 
0.0795 0.0438 0.0211 0.0147 0.0018 0.0414 0.0027 0.0454 0.0029 0.0006 0.5508 0.0616 0.0720 0.0407 0.0034 0.0177 
0.0578 0.0420 0.0184 0.0174 0.0014 0.0334 0.0053 0.0233 0.0056 0.0022 0.0241 0.6518 0.0733 0.0280 0.0022 0.0137 
0.0489 0.0243 0.0358 0.0075 0.0024 0.0343 0.0030 0.0235 0.0021 0.0006 0.0228 0.0051 0.7278 0.0315 0.0172 0.0131 
0.0406 0.0270 0.0494 0.0238 0.0043 0.0219 0.0042 0.0209 0.0016 0.0001 0.0516 0.0038 0.6933 0.0225 0.0093 0.0260 
0.0602 0.0262 0.0198 0.0653 0.0019 0.0304 0.0073 0.0273 0.0006 0.0002 0.0267 0.0420 0.6493 0.0264 0.0037 0.0126 
0.0529 0.0249 0.0348 0.0332 0.0024 0.0459 0.0059 0.0244 0.0081 0.0002 0.0259 0.0050 0.7027 0.0235 0.0048 0.0054 
0.0497 0.0380 0.0077 0.0511 0.0070 0.0367 0.0046 0.0272 0.0003 0.0002 0.0380 0.0062 0.6974 0.0241 0.0037 0.0080 
0.0446 0.0241 0.0115 0.0582 0.0022 0.0356 0.0018 0.0257 0.0026 0.0002 0.0379 0.0238 0.6960 0.0275 0.0022 0.0062 
0.0577 0.0339 0.0139 0.0332 0.0035 0.0452 0.0022 0.0280 0.0073 0.0008 0.0356 0.0307 0.6648 0.0275 0.0081 0.0077 
0.0845 0.0958 0.0326 0.0329 0.0094 0.0650 0.0174 0.0468 0.0054 0.0002 0.0449 0.0102 0.4288 0.0530 0.0102 0.0628 
0.0906 0.0449 0.1561 0.0403 0.0069 0.0609 0.0070 0.0468 0.0008 0.0003 0.0483 0.0131 0.4132 0.0415 0.0201 0.0093 
0.1037 0.0596 0.0542 0.0134 0.0056 0.2136 0.0064 0.0561 0.0070 0.0101 0.0717 0.0249 0.2848 0.0547 0.0043 0.0299 
0.1482 0.0867 0.0075 0.0805 0.0032 0.0641 0.0043 0.0660 0.0067 0.0005 0.1462 0.0506 0.2482 0.0641 0.0062 0.0169 
0.0672 0.0375 0.0168 0.0225 0.0067 0.1013 0.0062 0.0326 0.0043 0.0016 0.0350 0.0969 0.5196 0.0311 0.0105 0.0101 
0.0778 0.0457 0.0388 0.0379 0.0075 0.0423 0.0056 0.0426 0.0043 0.0005 0.0998 0.0064 0.4645 0.0760 0.0062 0.0441 
0.0613 0.0240 0.0457 0.0399 0.0019 0.0316 0.0040 0.0244 0.0022 0.0005 0.0238 0.1428 0.5457 0.0236 0.0219 0.0065 
0.0476 0.0288 0.0230 0.0165 0.0096 0.0661 0.0053 0.0248 0.0053 0.0035 0.0273 0.0051 0.6759 0.0235 0.0054 0.0324 
0.0543 0.0246 0.0045 0.0335 0.0022 0.0396 0.0018 0.0287 0.0006 0.0001 0.0637 0.0105 0.7048 0.0232 0.0018 0.0061 
0.0430 0.0359 0.0149 0.0077 0.0022 0.0337 0.0067 0.0216 0.0035 0.0021 0.0305 0.0748 0.6956 0.0222 0.0008 0.0048 
0.0457 0.0281 0.0046 0.0327 0.0046 0.0361 0.0010 0.0243 0.0019 0.0005 0.0339 0.0193 0.7354 0.0232 0.0045 0.0043 
0.0455 0.0286 0.0112 0.0089 0.0067 0.0335 0.0053 0.0280 0.0011 0.0001 0.0340 0.0198 0.7323 0.0297 0.0059 0.0094 
0.0514 0.0257 0.0158 0.0093 0.0014 0.0342 0.0078 0.0257 0.0011 0.0001 0.0283 0.0203 0.7408 0.0251 0.0046 0.0085 
0.0522 0.0462 0.0051 0.0058 0.0024 0.0315 0.0016 0.0257 0.0026 0.0022 0.0286 0.0117 0.7474 0.0244 0.0019 0.0107 
0.0498 0.0300 0.0093 0.0241 0.0029 0.0273 0.0129 0.0273 0.0016 0.0005 0.0283 0.0086 0.7087 0.0415 0.0118 0.0152 
0.0387 0.0196 0.0673 0.0150 0.0026 0.0332 0.0054 0.0201 0.0002 0.0001 0.0225 0.0139 0.6944 0.0233 0.0327 0.0110 
0.0514 0.0369 0.0097 0.0115 0.0026 0.0479 0.0101 0.0248 0.0026 0.0013 0.0273 0.0077 0.6873 0.0345 0.0046 0.0399 
0.0564 0.0273 0.0163 0.0481 0.0008 0.0256 0.0022 0.0236 0.0027 0.0003 0.0660 0.0075 0.6688 0.0241 0.0182 0.0120 
0.0462 0.0236 0.0436 0.0254 0.0024 0.0452 0.0056 0.0222 0.0013 0.0054 0.0244 0.0824 0.6207 0.0257 0.0040 0.0217 
0.0558 0.0313 0.0150 0.0585 0.0014 0.0423 0.0022 0.0272 0.0003 0.0001 0.0347 0.0045 0.6800 0.0299 0.0081 0.0089 
0.0476 0.0283 0.0110 0.1029 0.0024 0.0248 0.0014 0.0233 0.0018 0.0016 0.0278 0.0181 0.6718 0.0241 0.0022 0.0109 
0.0447 0.0256 0.0166 0.1446 0.0030 0.0252 0.0040 0.0208 0.0006 0.0001 0.0193 0.0069 0.6559 0.0200 0.0073 0.0056 
0.0436 0.0267 0.0712 0.2034 0.0022 0.0307 0.0040 0.0230 0.0011 0.0001 0.0267 0.0016 0.5234 0.0230 0.0073 0.0123 
0.0581 0.0438 0.0329 0.3524 0.0035 0.0398 0.0026 0.0302 0.0003 0.0001 0.0267 0.0081 0.3621 0.0286 0.0061 0.0050 
0.0741 0.0446 0.0193 0.2916 0.0034 0.1030 0.0056 0.0401 0.0022 0.0001 0.0439 0.0027 0.3158 0.0366 0.0086 0.0085 
0.0858 0.0816 0.0241 0.3152 0.0054 0.0752 0.0046 0.0422 0.0091 0.0005 0.0899 0.0145 0.1767 0.0471 0.0035 0.0244 
0.1193 0.0861 0.0398 0.1163 0.0981 0.1008 0.0973 0.0602 0.0046 0.0022 0.0658 0.0517 0.0613 0.0826 0.0072 0.0067 
0.1256 0.1046 0.0944 0.1400 0.0045 0.0829 0.0121 0.0927 0.0040 0.0038 0.0700 0.0200 0.0465 0.0652 0.0860 0.0478 
0.1058 0.0936 0.0610 0.1885 0.0179 0.0629 0.0080 0.0494 0.0797 0.0693 0.0505 0.0192 0.0270 0.0527 0.0121 0.1023 
0.1734 0.0633 0.0633 0.1069 0.0134 0.2838 0.0040 0.0641 0.0038 0.0043 0.0620 0.0312 0.0559 0.0537 0.0062 0.0107 
0.1054 0.0736 0.0233 0.0513 0.0161 0.1696 0.0118 0.0585 0.0155 0.0062 0.3310 0.0267 0.0411 0.0548 0.0040 0.0110 
0.1081 0.1030 0.0235 0.0450 0.0046 0.0738 0.0067 0.0692 0.0171 0.0024 0.1173 0.3305 0.0286 0.0497 0.0101 0.0104 
0.1217 0.1188 0.0621 0.0425 0.0038 0.0898 0.0112 0.0620 0.0321 0.0027 0.0738 0.1027 0.1546 0.0665 0.0222 0.0334 
0.1099 0.0663 0.3253 0.0594 0.0069 0.0662 0.0061 0.0539 0.0027 0.0016 0.0622 0.0281 0.1112 0.0516 0.0128 0.0358 
0.1142 0.1112 0.0631 0.0189 0.0066 0.3617 0.0054 0.0513 0.0109 0.0014 0.0586 0.0265 0.0743 0.0510 0.0134 0.0315 
0.1006 0.0665 0.0794 0.0701 0.0038 0.0625 0.0088 0.0526 0.0056 0.0008 0.3827 0.0091 0.0823 0.0511 0.0088 0.0153 
0.0652 0.0749 0.2041 0.0388 0.0046 0.0478 0.0115 0.0348 0.0050 0.0026 0.0385 0.3805 0.0334 0.0315 0.0077 0.0193 
0.0877 0.0511 0.0679 0.0465 0.0914 0.0553 0.1899 0.0465 0.0048 0.0024 0.0479 0.0163 0.1824 0.0703 0.0142 0.0256 
0.1027 0.0570 0.2027 0.0871 0.0054 0.0572 0.0042 0.1277 0.0006 0.0003 0.0631 0.0131 0.1604 0.0503 0.0538 0.0142 
0.1257 0.0669 0.0467 0.0513 0.0056 0.1024 0.0022 0.0604 0.0582 0.0637 0.0658 0.0249 0.2242 0.0593 0.0037 0.0390 
0.2361 0.0558 0.0161 0.2954 0.0029 0.0478 0.0035 0.0420 0.0043 0.0002 0.0623 0.0088 0.1718 0.0411 0.0040 0.0080 
0.0914 0.0564 0.1834 0.3023 0.0022 0.0703 0.0077 0.0450 0.0013 0.0013 0.0489 0.0227 0.1005 0.0434 0.0097 0.0136 
0.0765 0.0473 0.0762 0.3700 0.0011 0.1099 0.0026 0.0387 0.0008 0.0001 0.0495 0.0062 0.1718 0.0387 0.0038 0.0069 
0.0730 0.1045 0.0224 0.5258 0.0037 0.0434 0.0094 0.0374 0.0013 0.0002 0.0418 0.0166 0.0767 0.0364 0.0040 0.0035 
0.0546 0.0327 0.0198 0.5462 0.0096 0.0644 0.0035 0.0292 0.0008 0.0001 0.0307 0.0048 0.1586 0.0271 0.0083 0.0097 
0.0844 0.0622 0.1023 0.3191 0.0050 0.0756 0.0024 0.0499 0.0014 0.0013 0.0593 0.0101 0.1761 0.0422 0.0030 0.0059 
0.1048 0.1083 0.0115 0.2132 0.0407 0.1405 0.0075 0.0523 0.0051 0.0032 0.0566 0.0280 0.1545 0.0630 0.0053 0.0056 
0.0906 0.0866 0.0125 0.2200 0.0128 0.0890 0.0014 0.0561 0.0010 0.0011 0.0725 0.0115 0.2791 0.0425 0.0141 0.0094 
0.1049 0.0773 0.0838 0.1159 0.0067 0.0749 0.0171 0.0570 0.0214 0.0030 0.0650 0.0356 0.1990 0.0517 0.0145 0.0720 
0.1193 0.0588 0.0877 0.0350 0.0490 0.0858 0.0827 0.0604 0.0013 0.0013 0.0875 0.0248 0.2361 0.0596 0.0053 0.0056 
0.1170 0.0853 0.0304 0.0174 0.0187 0.1200 0.0021 0.2032 0.0014 0.0026 0.0802 0.1059 0.1414 0.0569 0.0066 0.0110 
0.1019 0.0729 0.0056 0.1219 0.0022 0.0655 0.0016 0.0594 0.0620 0.0125 0.1237 0.0689 0.2254 0.0508 0.0086 0.0171 
0.1374 0.0722 0.0433 0.0141 0.0131 0.0788 0.0085 0.0634 0.0206 0.0014 0.0677 0.1123 0.2853 0.0615 0.0070 0.0134 
0.0678 0.0545 0.0102 0.0069 0.0575 0.0807 0.0562 0.0358 0.0011 0.0006 0.0409 0.0198 0.5184 0.0331 0.0083 0.0081 
0.0610 0.0535 0.0056 0.0156 0.0018 0.0332 0.0006 0.0746 0.0018 0.0027 0.0637 0.0238 0.6134 0.0300 0.0062 0.0125 
0.0409 0.0248 0.0131 0.0096 0.0010 0.0232 0.0029 0.0208 0.0919 0.0058 0.0225 0.0542 0.6476 0.0225 0.0070 0.0125 
0.0681 0.0246 0.0396 0.0099 0.0022 0.0292 0.0030 0.0241 0.0022 0.0001 0.0505 0.0059 0.7051 0.0246 0.0034 0.0077 
0.0479 0.0262 0.0573 0.0126 0.0024 0.0299 0.0019 0.0259 0.0002 0.0005 0.0286 0.0569 0.6810 0.0224 0.0029 0.0035 
0.0482 0.0276 0.0022 0.0377 0.0059 0.0543 0.0016 0.0268 0.0010 0.0001 0.0283 0.0128 0.7199 0.0254 0.0029 0.0056 
0.0522 0.0420 0.0024 0.0209 0.0045 0.0276 0.0056 0.0279 0.0008 0.0001 0.0310 0.0112 0.7383 0.0281 0.0029 0.0048 
0.0498 0.0276 0.0035 0.0572 0.0010 0.0224 0.0042 0.0263 0.0070 0.0003 0.0256 0.0077 0.7332 0.0248 0.0064 0.0032 
0.0444 0.0219 0.0248 0.0481 0.0011 0.0219 0.0035 0.0229 0.0058 0.0005 0.0221 0.0042 0.7049 0.0276 0.0081 0.0384 
0.0409 0.0203 0.0679 0.0663 0.0014 0.0249 0.0061 0.0190 0.0024 0.0001 0.0185 0.0045 0.6425 0.0240 0.0166 0.0449 
0.0482 0.0332 0.0791 0.1054 0.0030 0.0537 0.0182 0.0246 0.0018 0.0001 0.0284 0.0035 0.5325 0.0286 0.0120 0.0278 
0.0778 0.0446 0.0759 0.0633 0.0034 0.1460 0.0058 0.0375 0.0013 0.0008 0.0558 0.0110 0.3993 0.0427 0.0128 0.0222 
0.1053 0.1514 0.0992 0.0529 0.0136 0.0760 0.0254 0.0538 0.0064 0.0011 0.0859 0.0505 0.1888 0.0609 0.0107 0.0182 
0.1233 0.0732 0.0345 0.0581 0.0105 0.1362 0.0414 0.0722 0.0054 0.0011 0.1057 0.0498 0.1797 0.0794 0.0131 0.0163 
0.1482 0.0901 0.0653 0.0569 0.0077 0.0764 0.0214 0.0741 0.0256 0.0094 0.1842 0.0351 0.0629 0.0810 0.0225 0.0391 
0.1313 0.1190 0.0764 0.0312 0.0168 0.0748 0.0819 0.0546 0.0134 0.0184 0.0625 0.1244 0.0489 0.0946 0.0158 0.0361 
0.1323 0.0677 0.0425 0.0406 0.0054 0.1660 0.0072 0.0804 0.0027 0.0145 0.1144 0.0155 0.1313 0.0625 0.0965 0.0206 
0.0832 0.0446 0.0176 0.0118 0.0062 0.0596 0.0046 0.0411 0.0222 0.0596 0.3268 0.0550 0.1537 0.0452 0.0070 0.0618 
0.0862 0.0409 0.0097 0.0077 0.0035 0.0343 0.0024 0.0249 0.0024 0.0029 0.0511 0.5164 0.1858 0.0240 0.0022 0.0056 
0.0521 0.0260 0.0300 0.0070 0.0029 0.0652 0.0048 0.0262 0.0026 0.0016 0.0489 0.0655 0.6319 0.0256 0.0034 0.0064 
0.0503 0.0294 0.0153 0.0042 0.0018 0.0459 0.0078 0.0264 0.0003 0.0005 0.0481 0.0332 0.7006 0.0280 0.0043 0.0040 
0.0505 0.0339 0.0070 0.0061 0.0016 0.0259 0.0102 0.0251 0.0001 0.0001 0.0313 0.0489 0.7228 0.0233 0.0066 0.0069 
0.0507 0.0265 0.0043 0.0066 0.0008 0.0326 0.0022 0.0252 0.0019 0.0006 0.0302 0.0257 0.7506 0.0249 0.0016 0.0155 
0.0561 0.0256 0.0107 0.0040 0.0008 0.0284 0.0010 0.0264 0.0006 0.0005 0.0359 0.0107 0.7595 0.0297 0.0035 0.0066 
0.0502 0.0345 0.0029 0.0043 0.0018 0.0299 0.0056 0.0244 0.0008 0.0001 0.0278 0.0212 0.7561 0.0297 0.0080 0.0030 
0.0545 0.0294 0.0026 0.0123 0.0010 0.0262 0.0014 0.0256 0.0006 0.0002 0.0320 0.0069 0.7624 0.0296 0.0059 0.0096 
0.0511 0.0244 0.0091 0.0051 0.0016 0.0324 0.0021 0.0259 0.0014 0.0002 0.0246 0.0217 0.7421 0.0254 0.0072 0.0256 
0.0481 0.0272 0.0094 0.0018 0.0073 0.0310 0.0203 0.0252 0.0005 0.0001 0.0302 0.0050 0.7463 0.0321 0.0053 0.0104 
0.0548 0.0278 0.0077 0.0029 0.0006 0.0288 0.0051 0.0344 0.0001 0.0001 0.0345 0.0168 0.7442 0.0257 0.0096 0.0073 
0.0495 0.0323 0.0064 0.0053 0.0003 0.0236 0.0026 0.0236 0.0147 0.0014 0.0308 0.0205 0.7420 0.0248 0.0011 0.0211 
0.0543 0.0249 0.0094 0.0048 0.0003 0.0358 0.0019 0.0256 0.0006 0.0001 0.0262 0.0141 0.7522 0.0286 0.0112 0.0101 
0.0487 0.0265 0.0099 0.0032 0.0016 0.0409 0.0029 0.0244 0.0001 0.0001 0.0516 0.0054 0.7494 0.0257 0.0024 0.0075 
0.0465 0.0363 0.0022 0.0030 0.0034 0.0278 0.0008 0.0236 0.0002 0.0002 0.0278 0.0618 0.7381 0.0225 0.0024 0.0035 
0.0511 0.0286 0.0029 0.0085 0.0010 0.0288 0.0088 0.0281 0.0013 0.0001 0.0292 0.0097 0.7596 0.0286 0.0045 0.0096 
0.0479 0.0265 0.0195 0.0038 0.0008 0.0291 0.0056 0.0246 0.0019 0.0001 0.0276 0.0102 0.7458 0.0320 0.0096 0.0150 
0.0451 0.0369 0.0427 0.0034 0.0062 0.0240 0.0142 0.0219 0.0010 0.0001 0.0219 0.0089 0.7218 0.0264 0.0161 0.0096 
0.0506 0.0331 0.0216 0.0222 0.0006 0.0254 0.0059 0.0296 0.0003 0.0001 0.0246 0.0043 0.7013 0.0272 0.0125 0.0409 
0.0588 0.0318 0.0812 0.0141 0.0008 0.0620 0.0077 0.0270 0.0155 0.0021 0.0331 0.0075 0.5034 0.0281 0.0118 0.1153 
0.0780 0.0955 0.2537 0.0760 0.0021 0.0308 0.0139 0.0321 0.0024 0.0001 0.0411 0.0141 0.2139 0.0335 0.0511 0.0618 
0.0831 0.0407 0.2609 0.1599 0.0072 0.1072 0.0577 0.0396 0.0014 0.0001 0.0390 0.0257 0.0848 0.0450 0.0080 0.0398 
0.1099 0.0551 0.1933 0.0840 0.0123 0.1476 0.0013 0.0580 0.0040 0.0037 0.1649 0.0078 0.0818 0.0553 0.0102 0.0109 
0.0669 0.3620 0.0473 0.1173 0.0144 0.0679 0.0021 0.0391 0.0077 0.0061 0.0444 0.1158 0.0268 0.0492 0.0027 0.0304 
0.1152 0.0791 0.0455 0.1096 0.0120 0.2690 0.0147 0.0645 0.0072 0.0069 0.0657 0.0302 0.1021 0.0564 0.0102 0.0118 
0.0752 0.0672 0.2908 0.1396 0.0085 0.0426 0.0070 0.0388 0.0185 0.0027 0.1768 0.0105 0.0262 0.0387 0.0045 0.0522 
0.0679 0.0361 0.1050 0.3125 0.0056 0.0676 0.0136 0.0265 0.0061 0.0043 0.0248 0.2845 0.0110 0.0246 0.0034 0.0067 
0.0741 0.0395 0.0634 0.1030 0.0077 0.2217 0.0037 0.0423 0.0038 0.0053 0.0971 0.0065 0.2877 0.0361 0.0029 0.0051 
0.0923 0.0530 0.0030 0.0542 0.0104 0.0967 0.0022 0.0490 0.0102 0.0022 0.3496 0.0839 0.1406 0.0444 0.0035 0.0046 
0.0626 0.0387 0.0083 0.0257 0.0032 0.0388 0.0019 0.0313 0.0081 0.0008 0.0642 0.4246 0.2542 0.0289 0.0022 0.0064 
0.0490 0.0224 0.0200 0.0066 0.0026 0.0695 0.0051 0.0225 0.0037 0.0003 0.0264 0.0906 0.6533 0.0208 0.0038 0.0035 
0.0473 0.0452 0.0212 0.0050 0.0008 0.0367 0.0065 0.0262 0.0014 0.0001 0.0409 0.0059 0.7220 0.0244 0.0107 0.0056 
0.0497 0.0353 0.0125 0.0169 0.0008 0.0299 0.0174 0.0254 0.0005 0.0001 0.0300 0.0182 0.7311 0.0248 0.0034 0.0045 
0.0575 0.0278 0.0217 0.0118 0.0034 0.0257 0.0065 0.0246 0.0010 0.0001 0.0289 0.0078 0.7413 0.0252 0.0051 0.0117 
0.0546 0.0291 0.0315 0.0165 0.0069 0.0315 0.0077 0.0288 0.0011 0.0006 0.0411 0.0113 0.6537 0.0704 0.0021 0.0133 
0.0649 0.0323 0.0323 0.0128 0.0019 0.0363 0.0011 0.0353 0.0003 0.0011 0.0396 0.0137 0.6363 0.0358 0.0483 0.0080 
0.0621 0.0430 0.0117 0.0219 0.0037 0.0342 0.0018 0.0318 0.0059 0.0073 0.0363 0.0171 0.6280 0.0305 0.0070 0.0578 
0.1042 0.0548 0.0046 0.0214 0.0332 0.1000 0.0262 0.0572 0.0010 0.0002 0.0542 0.0099 0.3039 0.2007 0.0110 0.0174 
0.0968 0.0836 0.0762 0.0107 0.0037 0.0471 0.0043 0.0585 0.0011 0.0001 0.0548 0.0077 0.4061 0.0446 0.0868 0.0182 
0.0984 0.0682 0.0155 0.0118 0.0019 0.0888 0.0054 0.0492 0.0081 0.0493 0.0663 0.0308 0.3454 0.0469 0.0032 0.1107 
0.1820 0.0669 0.0483 0.0136 0.0035 0.0650 0.0054 0.0684 0.0081 0.0001 0.0861 0.0190 0.3568 0.0582 0.0048 0.0139 
0.1003 0.0513 0.0717 0.0222 0.0086 0.0679 0.0184 0.0494 0.0005 0.0029 0.0636 0.0701 0.3854 0.0784 0.0010 0.0083 
0.0835 0.0442 0.0139 0.0131 0.0053 0.0543 0.0013 0.0487 0.0005 0.0067 0.0709 0.0174 0.5278 0.0463 0.0618 0.0042 
0.0674 0.0508 0.0048 0.0252 0.0029 0.0367 0.0029 0.0361 0.0064 0.0018 0.0639 0.0625 0.5462 0.0350 0.0040 0.0535 
0.0740 0.0297 0.0144 0.0134 0.0032 0.0430 0.0053 0.0323 0.0018 0.0003 0.0361 0.0629 0.6391 0.0310 0.0080 0.0056 
0.0576 0.0331 0.0334 0.0030 0.0011 0.0596 0.0064 0.0300 0.0010 0.0001 0.0374 0.0101 0.6803 0.0318 0.0077 0.0078 
0.0780 0.0711 0.0149 0.0355 0.0050 0.0340 0.0281 0.0396 0.0021 0.0001 0.0336 0.0129 0.5678 0.0428 0.0200 0.0149 
0.1188 0.0690 0.0744 0.0458 0.0144 0.0799 0.0449 0.0636 0.0139 0.0001 0.0554 0.0072 0.2248 0.0637 0.0327 0.0915 
0.1516 0.0367 0.1725 0.0101 0.0107 0.0720 0.0227 0.0585 0.0484 0.0016 0.0447 0.0032 0.0688 0.1233 0.0110 0.1642 
