0.0867 0.0382 0.2730 0.2482 0.0035 0.0698 0.0078 0.0358 0.0152 0.0019 0.1045 0.0307 0.0431 0.0335 0.0016 0.0065 
0.0736 0.0955 0.1843 0.2644 0.0054 0.1393 0.0050 0.0449 0.0034 0.0027 0.0562 0.0297 0.0474 0.0358 0.0022 0.0101 
0.1148 0.0677 0.0549 0.1669 0.0080 0.1893 0.0043 0.0609 0.0165 0.0013 0.1787 0.0177 0.0414 0.0554 0.0065 0.0157 
0.1260 0.1137 0.0810 0.1649 0.0088 0.0973 0.0029 0.0621 0.0085 0.0014 0.1404 0.0992 0.0160 0.0585 0.0013 0.0181 
0.1168 0.0732 0.0050 0.0214 0.0091 0.3420 0.0013 0.0588 0.0021 0.0035 0.0695 0.1743 0.0517 0.0553 0.0014 0.0149 
0.1016 0.0548 0.0118 0.0107 0.0051 0.0682 0.0019 0.0574 0.0021 0.0019 0.3721 0.0778 0.1778 0.0518 0.0013 0.0037 
0.0534 0.0442 0.0089 0.0096 0.0034 0.0302 0.0021 0.0273 0.0058 0.0001 0.0506 0.5655 0.1669 0.0265 0.0019 0.0037 
0.0628 0.0302 0.0053 0.0129 0.0029 0.0446 0.0048 0.0316 0.0040 0.0002 0.0302 0.0533 0.6724 0.0310 0.0053 0.0086 
0.0559 0.0304 0.0244 0.0042 0.0022 0.0324 0.0019 0.0331 0.0030 0.0001 0.0294 0.0066 0.7192 0.0345 0.0101 0.0128 
0.0738 0.0474 0.0131 0.0061 0.0014 0.0308 0.0030 0.0337 0.0053 0.0005 0.0321 0.0073 0.6939 0.0323 0.0043 0.0149 
0.0727 0.0374 0.0372 0.0107 0.0010 0.0387 0.0051 0.0337 0.0038 0.0002 0.0342 0.0014 0.6671 0.0364 0.0058 0.0145 
0.0537 0.0387 0.1799 0.0056 0.0010 0.0339 0.0035 0.0272 0.0002 0.0001 0.0286 0.0027 0.5855 0.0265 0.0053 0.0080 
0.0583 0.0331 0.0751 0.0425 0.0011 0.0275 0.0051 0.0292 0.0001 0.0001 0.0316 0.0040 0.6543 0.0284 0.0051 0.0050 
0.0542 0.0270 0.0088 0.1010 0.0006 0.0401 0.0032 0.0275 0.0018 0.0001 0.0308 0.0085 0.6610 0.0265 0.0034 0.0059 
0.0583 0.0268 0.0072 0.1453 0.0019 0.0265 0.0024 0.0291 0.0002 0.0001 0.0415 0.0035 0.6136 0.0259 0.0013 0.0168 
0.0681 0.0359 0.0157 0.0538 0.0029 0.0532 0.0064 0.0350 0.0032 0.0003 0.0369 0.0265 0.6227 0.0339 0.0026 0.0030 
0.1184 0.0629 0.0117 0.0773 0.0185 0.0633 0.0075 0.0596 0.0019 0.0003 0.0895 0.0037 0.0990 0.3767 0.0026 0.0072 
0.0832 0.0580 0.0115 0.1626 0.0006 0.0564 0.0032 0.0452 0.0005 0.0005 0.0426 0.0160 0.1132 0.0423 0.3607 0.0035 
0.1185 0.0759 0.0027 0.0249 0.0014 0.1786 0.0021 0.0601 0.0050 0.0350 0.0732 0.0048 0.1735 0.0578 0.0115 0.1751 
0.1928 0.0894 0.0013 0.0126 0.0010 0.1212 0.0029 0.0757 0.0013 0.0001 0.1509 0.0179 0.2343 0.0724 0.0219 0.0046 
0.1388 0.2073 0.0113 0.0244 0.0045 0.0688 0.0035 0.0685 0.0022 0.0001 0.0824 0.0894 0.1936 0.0672 0.0088 0.0292 
0.1235 0.0559 0.0690 0.0312 0.0021 0.0767 0.0043 0.0590 0.0001 0.0001 0.0716 0.0294 0.3969 0.0692 0.0045 0.0067 
0.0784 0.0564 0.2181 0.0056 0.0008 0.0602 0.0018 0.0396 0.0008 0.0001 0.0419 0.0200 0.4201 0.0409 0.0110 0.0045 
0.0768 0.0815 0.0006 0.0607 0.0026 0.0593 0.0011 0.0358 0.0016 0.0003 0.0403 0.0043 0.5787 0.0353 0.0048 0.0163 
0.0618 0.0355 0.0141 0.0032 0.0018 0.0305 0.0024 0.0308 0.0001 0.0001 0.0468 0.0053 0.7302 0.0295 0.0065 0.0019 
0.0498 0.0323 0.0034 0.0034 0.0034 0.0644 0.0081 0.0265 0.0002 0.0001 0.0307 0.0438 0.6906 0.0278 0.0083 0.0077 
0.0508 0.0618 0.0010 0.0056 0.0021 0.0326 0.0051 0.0254 0.0016 0.0001 0.0331 0.0067 0.7086 0.0256 0.0050 0.0355 
0.0527 0.0241 0.0196 0.0006 0.0005 0.0688 0.0075 0.0232 0.0003 0.0042 0.0355 0.0196 0.7094 0.0233 0.0048 0.0059 
0.0476 0.0517 0.0268 0.0001 0.0008 0.0249 0.0051 0.0236 0.0061 0.0002 0.0324 0.0163 0.7216 0.0227 0.0051 0.0150 
0.0556 0.0275 0.0018 0.0029 0.0001 0.0276 0.0042 0.0252 0.0014 0.0001 0.0292 0.0489 0.7305 0.0251 0.0026 0.0176 
0.0541 0.0292 0.0279 0.0002 0.0010 0.0299 0.0013 0.0254 0.0001 0.0005 0.0361 0.0145 0.7389 0.0267 0.0016 0.0128 
0.0356 0.0192 0.0326 0.0001 0.0010 0.0348 0.0011 0.0168 0.0005 0.0001 0.0240 0.0283 0.6613 0.1233 0.0161 0.0058 
0.0511 0.0289 0.0046 0.0034 0.0014 0.0265 0.0019 0.0244 0.0003 0.0001 0.0478 0.0190 0.6777 0.0281 0.0645 0.0204 
0.0450 0.0225 0.0083 0.0010 0.0021 0.0267 0.0035 0.0252 0.0008 0.0003 0.0224 0.0460 0.6733 0.0222 0.0101 0.0906 
0.0580 0.0315 0.0187 0.0018 0.0019 0.0345 0.0241 0.0331 0.0024 0.0002 0.0395 0.0029 0.7014 0.0372 0.0050 0.0080 
0.0673 0.0404 0.0596 0.0051 0.0013 0.0372 0.0034 0.0395 0.0014 0.0008 0.0414 0.0343 0.6104 0.0348 0.0131 0.0101 
0.0989 0.0530 0.0492 0.0061 0.0003 0.0562 0.0081 0.0399 0.0192 0.0010 0.0442 0.0196 0.0704 0.0481 0.0201 0.4655 
0.0716 0.0474 0.6316 0.0281 0.0006 0.0188 0.0157 0.0203 0.0006 0.0001 0.0260 0.0030 0.0554 0.0232 0.0160 0.0415 
0.0848 0.0447 0.0085 0.0043 0.0094 0.6432 0.0037 0.0425 0.0002 0.0043 0.0423 0.0109 0.0304 0.0425 0.0067 0.0216 
0.0951 0.0489 0.0118 0.0046 0.0022 0.0436 0.0014 0.0511 0.0003 0.0014 0.6562 0.0046 0.0107 0.0572 0.0034 0.0073 
0.0498 0.0355 0.0027 0.0214 0.0011 0.0244 0.0005 0.0232 0.0046 0.0005 0.0327 0.7393 0.0195 0.0319 0.0113 0.0014 
0.0556 0.0272 0.0220 0.0123 0.0016 0.0283 0.0037 0.0273 0.0016 0.0008 0.0272 0.0166 0.7193 0.0304 0.0034 0.0228 
0.0585 0.0276 0.0104 0.0046 0.0014 0.0553 0.0013 0.0300 0.0003 0.0001 0.0316 0.0045 0.7386 0.0276 0.0026 0.0058 
0.0589 0.0396 0.0027 0.0026 0.0030 0.0321 0.0027 0.0311 0.0010 0.0005 0.0335 0.0351 0.7264 0.0281 0.0010 0.0016 
0.0573 0.0286 0.0001 0.0415 0.0006 0.0387 0.0014 0.0302 0.0024 0.0001 0.0302 0.0168 0.7207 0.0273 0.0018 0.0027 
0.0564 0.0280 0.0097 0.0022 0.0013 0.0503 0.0027 0.0278 0.0026 0.0002 0.0335 0.0117 0.7385 0.0291 0.0046 0.0014 
0.0577 0.0361 0.0054 0.0001 0.0008 0.0286 0.0005 0.0310 0.0003 0.0001 0.0326 0.0099 0.7622 0.0289 0.0051 0.0011 
0.0565 0.0297 0.0003 0.0002 0.0003 0.0289 0.0058 0.0288 0.0043 0.0001 0.0297 0.0072 0.7684 0.0284 0.0062 0.0054 
0.0474 0.0473 0.0164 0.0001 0.0001 0.0230 0.0022 0.0225 0.0026 0.0001 0.0248 0.0029 0.7113 0.0462 0.0057 0.0481 
0.0422 0.0193 0.2231 0.0003 0.0001 0.0141 0.0176 0.0160 0.0005 0.0001 0.0182 0.0034 0.5576 0.0179 0.0509 0.0192 
0.0219 0.0102 0.1489 0.0003 0.0003 0.0161 0.0185 0.0069 0.0027 0.0001 0.0083 0.0034 0.2187 0.0155 0.0112 0.5172 
0.1494 0.0567 0.1907 0.0038 0.0027 0.0735 0.0363 0.0554 0.0003 0.0001 0.1224 0.0081 0.1548 0.0652 0.0196 0.0610 
0.1176 0.2375 0.0882 0.0256 0.0032 0.0687 0.0008 0.0652 0.0002 0.0021 0.0612 0.0982 0.1165 0.0567 0.0094 0.0490 
0.1518 0.0767 0.0137 0.0136 0.0029 0.1949 0.0058 0.0735 0.0056 0.0072 0.1297 0.0168 0.2162 0.0701 0.0102 0.0113 
0.0922 0.0487 0.0078 0.0058 0.0026 0.0776 0.0014 0.0455 0.0030 0.0002 0.4909 0.0791 0.0968 0.0450 0.0006 0.0027 
0.0506 0.0478 0.0002 0.0022 0.0006 0.0805 0.0013 0.0240 0.0008 0.0003 0.0347 0.6452 0.0863 0.0214 0.0034 0.0008 
0.0521 0.0302 0.0011 0.0030 0.0003 0.0260 0.0013 0.0272 0.0013 0.0001 0.0867 0.0181 0.7149 0.0275 0.0058 0.0046 
0.0502 0.0388 0.0073 0.0019 0.0002 0.0230 0.0056 0.0236 0.0006 0.0001 0.0246 0.1043 0.6829 0.0248 0.0043 0.0080 
0.0574 0.0270 0.0307 0.0011 0.0003 0.0289 0.0030 0.0270 0.0002 0.0001 0.0296 0.0008 0.7586 0.0275 0.0059 0.0022 
0.0553 0.0281 0.0190 0.0002 0.0002 0.0302 0.0029 0.0289 0.0014 0.0001 0.0308 0.0043 0.7596 0.0283 0.0022 0.0088 
0.0727 0.0379 0.0019 0.0040 0.0206 0.0350 0.0719 0.0359 0.0005 0.0003 0.0361 0.0046 0.2780 0.3875 0.0050 0.0081 
0.0344 0.0208 0.0190 0.0011 0.0008 0.0184 0.0077 0.0206 0.0019 0.0001 0.0157 0.0019 0.1836 0.0351 0.6253 0.0139 
0.0478 0.0204 0.0850 0.0054 0.0018 0.0206 0.0109 0.0184 0.0201 0.0260 0.0236 0.0040 0.0692 0.0300 0.0078 0.6089 
0.3227 0.1269 0.1206 0.0264 0.0018 0.0668 0.0152 0.0660 0.0016 0.0013 0.0639 0.0128 0.0312 0.0698 0.0141 0.0591 
0.0620 0.0535 0.5263 0.1577 0.0069 0.0291 0.0050 0.0245 0.0024 0.0024 0.0334 0.0054 0.0420 0.0232 0.0051 0.0211 
0.0158 0.0168 0.4070 0.4839 0.0038 0.0093 0.0008 0.0078 0.0021 0.0003 0.0067 0.0117 0.0184 0.0056 0.0067 0.0034 
0.0209 0.0126 0.0371 0.5869 0.0086 0.2565 0.0011 0.0126 0.0008 0.0026 0.0165 0.0120 0.0145 0.0110 0.0032 0.0030 
0.0594 0.1581 0.0144 0.1826 0.0142 0.3765 0.0003 0.0324 0.0029 0.0038 0.1054 0.0062 0.0107 0.0284 0.0016 0.0030 
0.0591 0.0312 0.0021 0.0845 0.0081 0.1941 0.0011 0.0327 0.0027 0.0035 0.4284 0.1166 0.0073 0.0272 0.0010 0.0003 
0.0260 0.0238 0.0030 0.0188 0.0058 0.0193 0.0002 0.0168 0.0042 0.0018 0.2738 0.5692 0.0200 0.0131 0.0018 0.0026 
0.0197 0.0113 0.0005 0.0486 0.0016 0.0145 0.0056 0.0134 0.0019 0.0011 0.0141 0.4975 0.3518 0.0102 0.0043 0.0038 
0.0514 0.0270 0.0088 0.0037 0.0006 0.0291 0.0066 0.0249 0.0066 0.0003 0.0308 0.0081 0.7509 0.0284 0.0062 0.0165 
0.0556 0.0260 0.0024 0.0026 0.0008 0.0340 0.0019 0.0262 0.0011 0.0021 0.0280 0.0310 0.7537 0.0268 0.0026 0.0053 
0.0540 0.0276 0.0077 0.0003 0.0018 0.0371 0.0026 0.0273 0.0011 0.0013 0.0332 0.0128 0.7618 0.0267 0.0026 0.0022 
0.0548 0.0305 0.0010 0.0005 0.0003 0.0305 0.0019 0.0276 0.0003 0.0001 0.0347 0.0180 0.7630 0.0292 0.0021 0.0057 
0.0570 0.0291 0.0030 0.0001 0.0011 0.0473 0.0014 0.0265 0.0001 0.0001 0.0310 0.0115 0.7588 0.0278 0.0030 0.0027 
0.0543 0.0334 0.0091 0.0001 0.0003 0.0265 0.0016 0.0292 0.0001 0.0001 0.0337 0.0038 0.7714 0.0278 0.0046 0.0046 
0.0554 0.0272 0.0048 0.0002 0.0001 0.0252 0.0070 0.0280 0.0011 0.0001 0.0286 0.0107 0.7631 0.0289 0.0030 0.0171 
0.0556 0.0286 0.0089 0.0002 0.0005 0.0259 0.0083 0.0273 0.0003 0.0001 0.0292 0.0081 0.7639 0.0294 0.0045 0.0094 
0.0489 0.0238 0.0510 0.0062 0.0019 0.0192 0.0133 0.0219 0.0005 0.0001 0.0206 0.0032 0.6538 0.0343 0.0281 0.0735 
0.0700 0.0329 0.0419 0.0137 0.0046 0.0490 0.0265 0.0385 0.0064 0.0001 0.0305 0.0042 0.2661 0.0447 0.0192 0.3519 
0.1938 0.0457 0.1046 0.0029 0.0126 0.0803 0.0337 0.0556 0.0423 0.0019 0.0497 0.0027 0.0893 0.1087 0.0131 0.1632 
