0.1543 0.0602 0.1281 0.0859 0.0042 0.1046 0.0075 0.1252 0.0037 0.0161 0.1195 0.0534 0.0468 0.0572 0.0053 0.0280 
0.1072 0.1885 0.1093 0.0411 0.0021 0.1034 0.0142 0.0446 0.1511 0.0110 0.0639 0.0240 0.0340 0.0420 0.0105 0.0532 
0.1895 0.0522 0.0622 0.3170 0.0026 0.0503 0.0094 0.0500 0.0022 0.0022 0.0941 0.0522 0.0422 0.0527 0.0032 0.0179 
0.1046 0.0848 0.1425 0.1881 0.0166 0.1497 0.0077 0.0495 0.0026 0.0022 0.0656 0.0417 0.0819 0.0500 0.0080 0.0045 
0.0607 0.1040 0.0272 0.5603 0.0086 0.0294 0.0050 0.0286 0.0024 0.0005 0.0473 0.0160 0.0564 0.0265 0.0064 0.0209 
0.0545 0.0407 0.0898 0.5500 0.0133 0.0756 0.0043 0.0308 0.0016 0.0067 0.0273 0.0342 0.0359 0.0273 0.0021 0.0059 
0.0962 0.0514 0.0081 0.1045 0.0139 0.4202 0.0014 0.0661 0.0014 0.0136 0.0741 0.0065 0.0823 0.0465 0.0117 0.0021 
0.0588 0.1481 0.0018 0.2216 0.0021 0.0473 0.0043 0.0350 0.0438 0.0010 0.3155 0.0363 0.0524 0.0284 0.0010 0.0029 
0.0923 0.0457 0.0115 0.0867 0.0010 0.0834 0.0128 0.0414 0.0236 0.0014 0.0479 0.4382 0.0625 0.0419 0.0081 0.0016 
0.0960 0.0482 0.1711 0.0647 0.0008 0.0492 0.0022 0.0462 0.0006 0.0008 0.0776 0.0062 0.3634 0.0470 0.0070 0.0190 
0.1062 0.0660 0.0169 0.2463 0.0024 0.0585 0.0104 0.0524 0.0011 0.0001 0.0546 0.0366 0.2843 0.0532 0.0086 0.0026 
0.0911 0.0468 0.0230 0.1257 0.0018 0.0569 0.0032 0.0474 0.0001 0.0001 0.0511 0.0014 0.4966 0.0447 0.0058 0.0046 
0.0899 0.0728 0.0061 0.1575 0.0013 0.0580 0.0035 0.0476 0.0011 0.0001 0.0462 0.0037 0.4609 0.0434 0.0034 0.0048 
0.1065 0.0773 0.0174 0.2004 0.0026 0.1003 0.0045 0.0565 0.0053 0.0002 0.0602 0.0030 0.2904 0.0559 0.0038 0.0157 
0.0960 0.0749 0.0299 0.0147 0.0038 0.2931 0.0008 0.0458 0.0003 0.0011 0.0669 0.0038 0.3081 0.0465 0.0043 0.0097 
0.0687 0.0756 0.0093 0.0073 0.0014 0.1146 0.0019 0.0344 0.0021 0.0008 0.2395 0.0383 0.3446 0.0348 0.0038 0.0228 
0.0930 0.0676 0.0080 0.0256 0.0014 0.0518 0.0072 0.0459 0.0018 0.0005 0.1313 0.3071 0.1849 0.0479 0.0070 0.0192 
0.0620 0.0321 0.0882 0.0109 0.0021 0.0412 0.0088 0.0300 0.0010 0.0001 0.0300 0.0650 0.4904 0.0316 0.0759 0.0310 
0.0561 0.0284 0.0295 0.0061 0.0042 0.0525 0.0064 0.0310 0.0029 0.0008 0.0340 0.0046 0.6938 0.0280 0.0053 0.0165 
0.0514 0.0337 0.0078 0.0093 0.0029 0.0295 0.0011 0.0327 0.0013 0.0014 0.1040 0.0153 0.6733 0.0313 0.0019 0.0030 
0.0827 0.0663 0.0315 0.0077 0.0030 0.0399 0.0064 0.0423 0.0080 0.0003 0.0439 0.2274 0.3479 0.0441 0.0316 0.0169 
0.0573 0.0337 0.0708 0.0085 0.0070 0.0554 0.0454 0.0299 0.0019 0.0001 0.0280 0.0065 0.5874 0.0331 0.0133 0.0220 
0.0963 0.0799 0.1294 0.0093 0.0021 0.0593 0.0062 0.0521 0.0035 0.0001 0.0553 0.0057 0.3894 0.0478 0.0220 0.0420 
0.0883 0.0478 0.0141 0.0262 0.0069 0.0874 0.0169 0.0430 0.0149 0.0134 0.0636 0.0121 0.4895 0.0484 0.0042 0.0235 
0.0989 0.0938 0.0954 0.0754 0.0029 0.0392 0.0059 0.0463 0.0046 0.0005 0.0527 0.0398 0.3284 0.0547 0.0137 0.0476 
0.0182 0.0078 0.0543 0.0230 0.0771 0.0505 0.3433 0.0081 0.0075 0.0016 0.0064 0.0204 0.3429 0.0102 0.0152 0.0134 
0.0702 0.0406 0.1317 0.0233 0.0110 0.0355 0.0018 0.2376 0.0005 0.0074 0.1708 0.0080 0.1977 0.0329 0.0126 0.0185 
0.0502 0.2768 0.0198 0.0787 0.0029 0.0554 0.0021 0.0276 0.3116 0.0252 0.0284 0.0517 0.0117 0.0380 0.0089 0.0109 
0.2610 0.0617 0.2220 0.1526 0.0048 0.0653 0.0073 0.0417 0.0136 0.0005 0.0562 0.0192 0.0201 0.0423 0.0177 0.0139 
0.1144 0.0601 0.1340 0.0653 0.0249 0.3241 0.0142 0.0541 0.0011 0.0011 0.0585 0.0256 0.0321 0.0503 0.0104 0.0299 
0.0939 0.0490 0.0142 0.2219 0.0061 0.0741 0.0011 0.0596 0.0010 0.0006 0.3512 0.0200 0.0529 0.0446 0.0016 0.0081 
0.0743 0.0808 0.0070 0.0559 0.0050 0.0532 0.0027 0.0377 0.0080 0.0342 0.0457 0.4699 0.0883 0.0355 0.0011 0.0008 
0.0586 0.0316 0.0034 0.0647 0.0065 0.0449 0.0021 0.0363 0.0014 0.0011 0.0454 0.0184 0.6536 0.0273 0.0040 0.0008 
0.0481 0.0265 0.0845 0.0240 0.0010 0.0243 0.0019 0.0251 0.0021 0.0001 0.0535 0.0379 0.6458 0.0228 0.0001 0.0026 
0.0508 0.0288 0.0050 0.0420 0.0022 0.0414 0.0011 0.0248 0.0014 0.0030 0.0292 0.0423 0.6997 0.0251 0.0018 0.0014 
0.0498 0.0327 0.0010 0.0048 0.0439 0.0272 0.0008 0.0289 0.0001 0.0002 0.0334 0.0061 0.7333 0.0246 0.0107 0.0027 
0.0350 0.0196 0.0016 0.0006 0.0486 0.0211 0.0121 0.0268 0.0003 0.0002 0.0217 0.0196 0.5550 0.2263 0.0029 0.0085 
0.0613 0.0331 0.0018 0.0027 0.0008 0.0267 0.0024 0.0450 0.0035 0.0011 0.0288 0.0065 0.6176 0.0315 0.1294 0.0078 
0.0516 0.0248 0.0093 0.0005 0.0019 0.0264 0.0026 0.0249 0.0105 0.0229 0.0296 0.0141 0.6807 0.0243 0.0078 0.0682 
0.1110 0.0351 0.0050 0.0011 0.0029 0.0318 0.0064 0.0361 0.0003 0.0001 0.0446 0.0112 0.6686 0.0353 0.0045 0.0061 
0.0712 0.0366 0.0101 0.0059 0.0013 0.0334 0.0061 0.0343 0.0016 0.0001 0.0361 0.0142 0.6859 0.0398 0.0165 0.0072 
0.0711 0.0291 0.0316 0.0080 0.0013 0.0459 0.0050 0.0307 0.0059 0.0011 0.0339 0.0050 0.6868 0.0313 0.0086 0.0048 
0.0756 0.0411 0.0417 0.0053 0.0016 0.0411 0.0022 0.0404 0.0008 0.0003 0.0425 0.0059 0.6327 0.0350 0.0072 0.0267 
0.0664 0.0406 0.0048 0.0022 0.0014 0.1401 0.0053 0.0326 0.0054 0.0013 0.0353 0.0313 0.4518 0.0441 0.0089 0.1286 
0.0912 0.0714 0.0679 0.0040 0.0035 0.0438 0.0168 0.0435 0.0018 0.0005 0.2505 0.0093 0.3169 0.0478 0.0072 0.0241 
0.0738 0.0375 0.0772 0.0069 0.0018 0.0538 0.0123 0.0379 0.0002 0.0003 0.0385 0.2679 0.3130 0.0411 0.0284 0.0094 
0.0991 0.0478 0.0748 0.0093 0.0011 0.0516 0.0040 0.0515 0.0042 0.0014 0.1532 0.0069 0.3201 0.0554 0.0179 0.1018 
0.1353 0.0861 0.0248 0.0267 0.0034 0.0738 0.0045 0.0618 0.0091 0.0005 0.0736 0.0716 0.2300 0.0631 0.0099 0.1260 
0.1244 0.0573 0.0749 0.0227 0.0109 0.1316 0.0054 0.0572 0.0003 0.0008 0.0685 0.0434 0.3379 0.0540 0.0019 0.0088 
0.1171 0.0567 0.0388 0.0297 0.0042 0.0872 0.0022 0.0722 0.0006 0.0003 0.0939 0.0139 0.4225 0.0553 0.0024 0.0030 
0.1347 0.0695 0.0046 0.0712 0.0027 0.0979 0.0073 0.0720 0.0072 0.0006 0.1149 0.1998 0.1466 0.0668 0.0011 0.0029 
0.1304 0.0740 0.0085 0.0179 0.0046 0.0743 0.0014 0.0674 0.0026 0.0006 0.0917 0.0321 0.4272 0.0644 0.0013 0.0018 
0.0647 0.0363 0.0026 0.0091 0.0018 0.0653 0.0021 0.0382 0.0035 0.0003 0.0334 0.0342 0.6741 0.0313 0.0018 0.0014 
0.0594 0.0361 0.0134 0.0088 0.0010 0.0292 0.0006 0.0297 0.0064 0.0001 0.0393 0.0038 0.7318 0.0308 0.0016 0.0081 
0.0661 0.0302 0.0075 0.0107 0.0013 0.0375 0.0014 0.0316 0.0018 0.0011 0.0319 0.0165 0.7262 0.0310 0.0029 0.0022 
0.0628 0.0407 0.0112 0.0024 0.0022 0.0380 0.0003 0.0327 0.0014 0.0001 0.0436 0.0030 0.7203 0.0335 0.0027 0.0050 
0.0818 0.0410 0.0026 0.0137 0.0043 0.0500 0.0006 0.0438 0.0013 0.0002 0.0446 0.0401 0.6180 0.0482 0.0042 0.0057 
0.0732 0.0364 0.0064 0.0029 0.0011 0.0423 0.0016 0.0388 0.0024 0.0001 0.0393 0.0080 0.7033 0.0366 0.0029 0.0050 
0.0738 0.0382 0.0096 0.0026 0.0010 0.0417 0.0029 0.0371 0.0059 0.0001 0.0508 0.0067 0.6786 0.0374 0.0042 0.0099 
0.0719 0.0351 0.0224 0.0019 0.0021 0.0398 0.0021 0.0369 0.0014 0.0001 0.0391 0.0174 0.6902 0.0348 0.0018 0.0030 
0.0706 0.0339 0.0064 0.0045 0.0034 0.0391 0.0014 0.0391 0.0013 0.0001 0.0371 0.0110 0.7058 0.0351 0.0034 0.0080 
0.0631 0.0299 0.0038 0.0030 0.0021 0.0334 0.0030 0.0348 0.0027 0.0002 0.0366 0.0089 0.7406 0.0300 0.0021 0.0058 
0.0591 0.0342 0.0045 0.0013 0.0016 0.0348 0.0021 0.0327 0.0053 0.0005 0.0652 0.0061 0.7163 0.0292 0.0014 0.0058 
0.0486 0.0292 0.0026 0.0010 0.0010 0.0372 0.0005 0.0249 0.0050 0.0002 0.0304 0.0633 0.7218 0.0312 0.0006 0.0027 
0.0607 0.0313 0.0073 0.0008 0.0008 0.0326 0.0014 0.0283 0.0019 0.0001 0.0303 0.0101 0.7561 0.0284 0.0069 0.0032 
0.0511 0.0278 0.0192 0.0008 0.0006 0.0321 0.0035 0.0270 0.0013 0.0001 0.0399 0.0065 0.7479 0.0260 0.0057 0.0107 
0.0534 0.0315 0.0134 0.0013 0.0011 0.0254 0.0032 0.0278 0.0003 0.0001 0.0310 0.0241 0.7489 0.0262 0.0054 0.0072 
0.0492 0.0265 0.0182 0.0139 0.0010 0.0224 0.0056 0.0254 0.0027 0.0001 0.0248 0.0064 0.7145 0.0411 0.0062 0.0423 
0.0513 0.0243 0.0530 0.0056 0.0016 0.0254 0.0398 0.0259 0.0006 0.0001 0.0275 0.0030 0.7071 0.0252 0.0054 0.0045 
0.0821 0.0430 0.0337 0.0096 0.0067 0.0559 0.0438 0.0404 0.0038 0.0003 0.0640 0.0035 0.4999 0.0601 0.0037 0.0495 
0.0581 0.0311 0.0404 0.0172 0.0056 0.0329 0.0709 0.0268 0.0077 0.0026 0.0343 0.0343 0.1132 0.4974 0.0204 0.0070 
0.0617 0.0606 0.0198 0.0339 0.0045 0.0292 0.0102 0.0503 0.0080 0.0010 0.0300 0.0112 0.0344 0.0321 0.4833 0.1299 
0.0871 0.0232 0.0288 0.0123 0.0113 0.0863 0.0160 0.0379 0.0513 0.0452 0.0268 0.0070 0.0273 0.0310 0.0045 0.5042 
