0.1037 0.0829 0.0358 0.0080 0.0163 0.4347 0.0276 0.0407 0.0323 0.0168 0.0644 0.0091 0.0441 0.0395 0.0046 0.0396 
0.0746 0.0526 0.0599 0.0032 0.0283 0.0393 0.0669 0.0447 0.0066 0.0016 0.4962 0.0197 0.0344 0.0594 0.0029 0.0097 
0.0751 0.1244 0.0859 0.0219 0.0024 0.0513 0.0069 0.0664 0.0105 0.0022 0.0378 0.2980 0.0216 0.0339 0.1535 0.0083 
0.0845 0.0439 0.0708 0.0915 0.0013 0.0585 0.0032 0.0438 0.0818 0.0131 0.0530 0.0134 0.0848 0.0427 0.0072 0.3064 
0.2989 0.0775 0.1358 0.0712 0.0046 0.0760 0.0077 0.0655 0.0005 0.0008 0.0802 0.0204 0.0789 0.0647 0.0070 0.0102 
0.0628 0.0406 0.4097 0.2513 0.0069 0.0383 0.0029 0.0339 0.0003 0.0002 0.0345 0.0088 0.0631 0.0296 0.0097 0.0075 
0.0629 0.0364 0.0597 0.5469 0.0166 0.0851 0.0059 0.0339 0.0011 0.0001 0.0383 0.0083 0.0642 0.0311 0.0018 0.0077 
0.0914 0.0479 0.0125 0.2433 0.0054 0.2888 0.0010 0.0500 0.0018 0.0016 0.1124 0.0093 0.0792 0.0455 0.0046 0.0054 
0.1072 0.0997 0.0078 0.1318 0.0048 0.0722 0.0003 0.0538 0.0120 0.0102 0.1489 0.1288 0.1630 0.0521 0.0030 0.0043 
0.0831 0.0575 0.0032 0.0789 0.0074 0.0872 0.0032 0.0398 0.0008 0.0022 0.0452 0.1056 0.4278 0.0457 0.0018 0.0105 
0.0549 0.0347 0.0235 0.0176 0.0030 0.0474 0.0027 0.0291 0.0005 0.0003 0.0529 0.0062 0.6454 0.0369 0.0401 0.0048 
0.0580 0.0526 0.0214 0.0270 0.0026 0.0331 0.0038 0.0296 0.0054 0.0002 0.0411 0.0585 0.6073 0.0310 0.0051 0.0235 
0.0602 0.0220 0.0193 0.0449 0.0018 0.0367 0.0035 0.0248 0.0010 0.0001 0.0278 0.0339 0.6871 0.0222 0.0073 0.0075 
0.0500 0.0310 0.0337 0.0112 0.0013 0.0458 0.0046 0.0270 0.0013 0.0001 0.0284 0.0158 0.7061 0.0264 0.0056 0.0118 
0.0515 0.0382 0.0155 0.0499 0.0005 0.0249 0.0034 0.0235 0.0014 0.0001 0.0256 0.0133 0.7122 0.0264 0.0083 0.0058 
0.0535 0.0294 0.0329 0.0441 0.0008 0.0294 0.0057 0.0252 0.0011 0.0001 0.0294 0.0043 0.6864 0.0279 0.0081 0.0217 
0.0644 0.0318 0.1495 0.0869 0.0013 0.0270 0.0037 0.0291 0.0030 0.0001 0.0304 0.0045 0.3842 0.0326 0.0190 0.1328 
0.0869 0.0425 0.3463 0.1185 0.0101 0.0657 0.0091 0.0422 0.0002 0.0005 0.0407 0.0113 0.1633 0.0431 0.0097 0.0099 
0.1211 0.1035 0.0152 0.0112 0.0204 0.4106 0.0083 0.0652 0.0005 0.0008 0.0952 0.0045 0.0593 0.0704 0.0035 0.0104 
0.0965 0.1094 0.0085 0.0286 0.0035 0.0653 0.0024 0.0546 0.0051 0.0011 0.4750 0.0332 0.0272 0.0548 0.0217 0.0129 
0.0842 0.0636 0.0537 0.0089 0.0061 0.0825 0.0035 0.0444 0.0179 0.0064 0.0626 0.4310 0.0468 0.0435 0.0126 0.0323 
0.0984 0.0626 0.1690 0.0236 0.0026 0.0482 0.0086 0.0505 0.0030 0.0001 0.0596 0.0152 0.2517 0.0466 0.0260 0.1343 
0.0772 0.0436 0.4527 0.0479 0.0019 0.0498 0.0141 0.0393 0.0093 0.0014 0.0466 0.0398 0.1069 0.0401 0.0043 0.0251 
0.1308 0.0960 0.3304 0.0735 0.0024 0.0819 0.0091 0.0541 0.0027 0.0014 0.0578 0.0113 0.0351 0.0551 0.0118 0.0465 
0.0674 0.0339 0.2211 0.4034 0.0035 0.0439 0.0115 0.0320 0.0027 0.0001 0.0717 0.0094 0.0500 0.0323 0.0046 0.0126 
0.0834 0.0409 0.1724 0.3802 0.0056 0.0621 0.0024 0.0481 0.0001 0.0016 0.0524 0.0281 0.0720 0.0391 0.0062 0.0054 
0.0701 0.0586 0.0112 0.5532 0.0073 0.0573 0.0032 0.0372 0.0149 0.0001 0.0382 0.0166 0.0776 0.0326 0.0062 0.0157 
0.1128 0.0655 0.0217 0.1712 0.0417 0.2179 0.0262 0.0570 0.0042 0.0008 0.0712 0.0192 0.1222 0.0588 0.0024 0.0072 
0.1206 0.0898 0.0222 0.0920 0.0145 0.0904 0.0019 0.1029 0.0022 0.0029 0.1538 0.0289 0.2105 0.0588 0.0059 0.0026 
0.1128 0.1139 0.0101 0.0286 0.0304 0.1050 0.0166 0.0682 0.0369 0.0030 0.0692 0.1240 0.1930 0.0743 0.0046 0.0094 
0.1147 0.1174 0.0543 0.0428 0.0019 0.0556 0.0083 0.0628 0.0096 0.0002 0.0824 0.0093 0.3169 0.0529 0.0468 0.0241 
0.0784 0.0463 0.2836 0.0506 0.0037 0.0393 0.0048 0.0366 0.0173 0.0173 0.0489 0.0324 0.2620 0.0353 0.0066 0.0369 
0.0986 0.0457 0.0423 0.0123 0.0377 0.1848 0.0273 0.0508 0.0006 0.0022 0.0479 0.0216 0.2954 0.1142 0.0107 0.0078 
0.1377 0.0925 0.0184 0.0165 0.0080 0.0784 0.0046 0.0901 0.0003 0.0010 0.1744 0.0075 0.2626 0.0687 0.0211 0.0182 
0.0654 0.0372 0.0034 0.0158 0.0032 0.0376 0.0006 0.0337 0.0083 0.0380 0.0457 0.2012 0.4477 0.0315 0.0022 0.0284 
0.1122 0.0390 0.0217 0.0101 0.0034 0.0356 0.0038 0.0377 0.0067 0.0005 0.0427 0.0176 0.6195 0.0401 0.0045 0.0050 
0.0657 0.0300 0.0727 0.0406 0.0013 0.0335 0.0026 0.0289 0.0016 0.0001 0.0316 0.0118 0.6304 0.0296 0.0097 0.0102 
0.0564 0.0363 0.0570 0.0551 0.0010 0.0393 0.0038 0.0280 0.0013 0.0008 0.0281 0.0054 0.6514 0.0280 0.0037 0.0045 
0.0468 0.0344 0.0045 0.1158 0.0014 0.0224 0.0026 0.0220 0.0006 0.0001 0.0208 0.0027 0.6910 0.0233 0.0069 0.0050 
0.0471 0.0227 0.0144 0.0586 0.0021 0.0510 0.0062 0.0230 0.0013 0.0001 0.0251 0.0038 0.6990 0.0225 0.0064 0.0169 
0.0505 0.0315 0.0403 0.0236 0.0014 0.0342 0.0014 0.0260 0.0005 0.0001 0.0588 0.0054 0.6912 0.0249 0.0026 0.0078 
0.0470 0.0463 0.0042 0.0546 0.0010 0.0363 0.0014 0.0241 0.0030 0.0002 0.0270 0.0356 0.6882 0.0233 0.0043 0.0035 
0.0545 0.0534 0.0201 0.0593 0.0016 0.0211 0.0048 0.0232 0.0026 0.0001 0.0227 0.0064 0.6063 0.0264 0.0067 0.0912 
0.0506 0.0267 0.0473 0.0187 0.0224 0.1040 0.0081 0.0256 0.0005 0.0001 0.0296 0.0053 0.6121 0.0323 0.0075 0.0094 
0.0899 0.0891 0.0420 0.0203 0.0042 0.0490 0.0010 0.0714 0.0003 0.0002 0.1064 0.0152 0.4472 0.0457 0.0072 0.0110 
0.0733 0.0543 0.0056 0.2486 0.0018 0.0382 0.0088 0.0375 0.0345 0.0006 0.0395 0.0765 0.3294 0.0353 0.0072 0.0089 
0.0871 0.0404 0.0997 0.0944 0.0026 0.0506 0.0105 0.0393 0.0011 0.0001 0.0414 0.0070 0.4663 0.0422 0.0062 0.0113 
0.0747 0.0393 0.0771 0.0586 0.0077 0.1587 0.0043 0.0415 0.0010 0.0003 0.0485 0.0072 0.4170 0.0369 0.0150 0.0121 
0.1212 0.1000 0.0040 0.0522 0.1054 0.0891 0.0252 0.0637 0.0021 0.0008 0.1134 0.0198 0.1843 0.1081 0.0053 0.0054 
0.1174 0.1005 0.0125 0.0701 0.0021 0.0580 0.0050 0.1540 0.0022 0.0005 0.0693 0.0596 0.1682 0.0570 0.1169 0.0069 
0.1106 0.0561 0.0462 0.0449 0.0011 0.0626 0.0040 0.0553 0.0711 0.0070 0.0610 0.0179 0.0904 0.0596 0.0222 0.2900 
0.2622 0.0583 0.2223 0.0307 0.0101 0.0667 0.0077 0.0552 0.0021 0.0002 0.0586 0.0260 0.1067 0.0543 0.0220 0.0171 
0.0708 0.0684 0.1546 0.0257 0.2051 0.0335 0.1136 0.0332 0.0008 0.0002 0.0348 0.0046 0.0240 0.1813 0.0046 0.0447 
0.0909 0.0506 0.0780 0.2238 0.0038 0.0757 0.0016 0.1709 0.0024 0.0005 0.0460 0.0101 0.0387 0.0455 0.1575 0.0040 
0.0740 0.0606 0.1468 0.1302 0.0110 0.0459 0.0014 0.0379 0.0681 0.1185 0.0481 0.0131 0.0157 0.0348 0.0018 0.1922 
0.2453 0.0446 0.0195 0.4294 0.0099 0.0574 0.0040 0.0428 0.0029 0.0005 0.0481 0.0222 0.0193 0.0380 0.0085 0.0077 
0.0575 0.0283 0.3450 0.2037 0.0270 0.1581 0.0062 0.0324 0.0018 0.0016 0.0591 0.0203 0.0228 0.0248 0.0022 0.0091 
0.0779 0.1353 0.0195 0.4773 0.0163 0.0487 0.0050 0.0473 0.0117 0.0005 0.0428 0.0406 0.0171 0.0342 0.0126 0.0134 
0.0543 0.0272 0.0128 0.2886 0.2056 0.0463 0.1821 0.0356 0.0180 0.0069 0.0468 0.0192 0.0158 0.0295 0.0059 0.0054 
0.0893 0.0652 0.0949 0.0727 0.0094 0.0869 0.0014 0.3849 0.0035 0.0048 0.0923 0.0212 0.0184 0.0433 0.0043 0.0073 
0.0541 0.0583 0.0195 0.2281 0.0062 0.0353 0.0016 0.0264 0.2915 0.0917 0.0447 0.0792 0.0230 0.0252 0.0018 0.0134 
0.2350 0.0628 0.0291 0.2032 0.0113 0.1098 0.0070 0.0645 0.0024 0.0037 0.0629 0.0701 0.0590 0.0574 0.0069 0.0149 
0.1022 0.2181 0.1554 0.0990 0.0165 0.0970 0.0109 0.0550 0.0065 0.0011 0.0728 0.0083 0.0845 0.0513 0.0056 0.0158 
0.1065 0.0757 0.0295 0.1798 0.0057 0.2040 0.0070 0.0623 0.0070 0.0065 0.1011 0.0533 0.0891 0.0567 0.0093 0.0062 
0.1214 0.0648 0.1340 0.0299 0.0109 0.1009 0.0050 0.0610 0.0094 0.0080 0.2388 0.0605 0.0668 0.0720 0.0062 0.0104 
0.1056 0.0575 0.0171 0.0136 0.0102 0.1123 0.0030 0.0554 0.0051 0.0034 0.1268 0.2576 0.1377 0.0578 0.0256 0.0113 
0.0550 0.0316 0.0125 0.0097 0.0029 0.0320 0.0027 0.0294 0.0045 0.0024 0.2138 0.0657 0.4711 0.0289 0.0099 0.0280 
0.0483 0.0216 0.0176 0.0053 0.0024 0.0288 0.0042 0.0174 0.0042 0.0010 0.0214 0.3170 0.4787 0.0174 0.0035 0.0115 
0.0578 0.0248 0.0444 0.0115 0.0029 0.0308 0.0032 0.0252 0.0011 0.0002 0.0340 0.0128 0.7189 0.0246 0.0029 0.0050 
0.0516 0.0275 0.0163 0.0075 0.0066 0.0577 0.0096 0.0275 0.0010 0.0002 0.0286 0.0145 0.7150 0.0264 0.0045 0.0058 
0.0526 0.0321 0.0022 0.0062 0.0110 0.0321 0.0078 0.0289 0.0002 0.0003 0.0406 0.0126 0.7334 0.0297 0.0059 0.0043 
0.0524 0.0273 0.0024 0.0070 0.0010 0.0244 0.0010 0.0320 0.0048 0.0016 0.0280 0.0340 0.7454 0.0275 0.0027 0.0085 
0.0540 0.0249 0.0104 0.0078 0.0011 0.0235 0.0043 0.0256 0.0121 0.0010 0.0271 0.0072 0.7478 0.0283 0.0086 0.0163 
0.0538 0.0264 0.0275 0.0037 0.0038 0.0361 0.0046 0.0256 0.0003 0.0001 0.0254 0.0050 0.7467 0.0265 0.0080 0.0069 
0.0541 0.0458 0.0248 0.0115 0.0011 0.0252 0.0019 0.0292 0.0005 0.0001 0.0257 0.0035 0.7376 0.0244 0.0032 0.0115 
0.0575 0.0292 0.0038 0.0179 0.0013 0.0788 0.0024 0.0280 0.0064 0.0006 0.0300 0.0040 0.6915 0.0297 0.0014 0.0174 
0.0548 0.0300 0.0407 0.0069 0.0021 0.0471 0.0006 0.0273 0.0011 0.0003 0.0513 0.0061 0.6895 0.0272 0.0064 0.0086 
0.0585 0.0396 0.0157 0.0168 0.0040 0.0329 0.0024 0.0291 0.0008 0.0001 0.0524 0.0551 0.6532 0.0294 0.0022 0.0080 
0.0545 0.0272 0.0058 0.0233 0.0038 0.0316 0.0024 0.0288 0.0003 0.0006 0.0382 0.0452 0.6948 0.0359 0.0026 0.0050 
0.0505 0.0273 0.0042 0.0112 0.0035 0.0350 0.0013 0.0284 0.0022 0.0001 0.0304 0.0220 0.7447 0.0278 0.0065 0.0050 
0.0519 0.0273 0.0043 0.0121 0.0022 0.0289 0.0018 0.0283 0.0040 0.0008 0.0310 0.0113 0.7470 0.0296 0.0040 0.0155 
0.0527 0.0272 0.0174 0.0062 0.0014 0.0296 0.0029 0.0278 0.0035 0.0001 0.0276 0.0096 0.7476 0.0367 0.0046 0.0051 
0.0501 0.0284 0.0541 0.0080 0.0013 0.0243 0.0018 0.0241 0.0043 0.0001 0.0257 0.0048 0.7237 0.0268 0.0073 0.0152 
0.0530 0.0251 0.0364 0.0292 0.0005 0.0313 0.0029 0.0259 0.0010 0.0001 0.0256 0.0037 0.7226 0.0273 0.0070 0.0088 
0.0519 0.0312 0.0450 0.0251 0.0003 0.0296 0.0029 0.0257 0.0006 0.0001 0.0273 0.0029 0.7133 0.0268 0.0093 0.0083 
0.0433 0.0232 0.0118 0.1385 0.0010 0.0236 0.0048 0.0190 0.0008 0.0001 0.0227 0.0032 0.6560 0.0228 0.0075 0.0220 
0.0583 0.0323 0.0433 0.0772 0.0085 0.0310 0.0113 0.0267 0.0002 0.0001 0.0276 0.0064 0.6271 0.0308 0.0080 0.0115 
0.1088 0.0722 0.0331 0.1581 0.0070 0.0756 0.0147 0.0578 0.0016 0.0001 0.0551 0.0051 0.2193 0.0553 0.0219 0.1144 
0.1051 0.0621 0.0698 0.1026 0.0133 0.1319 0.0233 0.0548 0.0094 0.0061 0.0700 0.0089 0.2688 0.0516 0.0096 0.0126 
0.1019 0.2219 0.0904 0.1372 0.0072 0.0567 0.0027 0.0629 0.0043 0.0021 0.0607 0.0328 0.1492 0.0481 0.0021 0.0197 
0.0629 0.0403 0.2155 0.3093 0.0137 0.0738 0.0128 0.0326 0.0120 0.0013 0.0372 0.0236 0.1072 0.0302 0.0115 0.0160 
0.0720 0.0412 0.1982 0.0843 0.1981 0.0647 0.1038 0.0431 0.0019 0.0002 0.0573 0.0113 0.0567 0.0466 0.0085 0.0120 
0.1148 0.1000 0.0337 0.2126 0.0061 0.0778 0.0027 0.2317 0.0048 0.0006 0.0540 0.0348 0.0142 0.0545 0.0474 0.0104 
0.1139 0.0580 0.0526 0.1369 0.0069 0.0725 0.0014 0.0503 0.1236 0.1200 0.0673 0.0137 0.0216 0.0484 0.0117 0.1013 
0.2101 0.2053 0.0610 0.1663 0.0123 0.0709 0.0032 0.0553 0.0086 0.0013 0.0663 0.0423 0.0193 0.0545 0.0032 0.0201 
0.0900 0.0535 0.3151 0.2560 0.0080 0.0682 0.0048 0.0399 0.0024 0.0008 0.0438 0.0139 0.0431 0.0369 0.0083 0.0153 
0.0721 0.0404 0.2523 0.2256 0.0268 0.0737 0.0027 0.0457 0.0035 0.0005 0.0777 0.0142 0.1174 0.0379 0.0054 0.0040 
0.1101 0.1031 0.0270 0.1849 0.0123 0.1731 0.0019 0.0690 0.0016 0.0029 0.0540 0.1366 0.0618 0.0539 0.0016 0.0062 
0.1132 0.0631 0.0089 0.1479 0.0051 0.0754 0.0016 0.0557 0.0126 0.0054 0.1998 0.0045 0.2386 0.0513 0.0088 0.0080 
0.1085 0.0558 0.0516 0.1438 0.0030 0.0553 0.0022 0.0521 0.0112 0.0014 0.0963 0.1589 0.2019 0.0521 0.0029 0.0030 
0.0502 0.0232 0.0139 0.1473 0.0026 0.0240 0.0019 0.0228 0.0002 0.0002 0.0240 0.0564 0.6014 0.0222 0.0080 0.0019 
0.0375 0.0214 0.0034 0.1163 0.0021 0.0549 0.0018 0.0203 0.0003 0.0001 0.0188 0.0043 0.6929 0.0198 0.0019 0.0045 
0.0393 0.0527 0.0034 0.1308 0.0010 0.0200 0.0006 0.0185 0.0003 0.0001 0.0193 0.0016 0.6887 0.0190 0.0014 0.0035 
0.0315 0.0163 0.0075 0.1878 0.0008 0.0190 0.0003 0.0157 0.0005 0.0008 0.0174 0.0037 0.6747 0.0190 0.0032 0.0019 
0.0478 0.0254 0.0270 0.0414 0.0019 0.0382 0.0008 0.0238 0.0002 0.0001 0.0251 0.0037 0.7322 0.0251 0.0046 0.0030 
0.0436 0.0262 0.0016 0.0615 0.0027 0.0334 0.0010 0.0227 0.0003 0.0001 0.0318 0.0050 0.7220 0.0219 0.0115 0.0150 
0.0498 0.0406 0.0046 0.0294 0.0037 0.0356 0.0059 0.0244 0.0001 0.0001 0.0268 0.0144 0.7234 0.0249 0.0016 0.0147 
0.0521 0.0289 0.0225 0.0256 0.0010 0.0281 0.0008 0.0249 0.0011 0.0001 0.0313 0.0067 0.7193 0.0299 0.0072 0.0206 
0.0476 0.0272 0.0623 0.0185 0.0062 0.0313 0.0064 0.0236 0.0024 0.0002 0.0294 0.0147 0.6835 0.0252 0.0088 0.0126 
0.0519 0.0256 0.0615 0.0553 0.0035 0.0332 0.0022 0.0292 0.0005 0.0001 0.0348 0.0118 0.6535 0.0252 0.0051 0.0067 
0.0636 0.0430 0.0212 0.0741 0.0056 0.0503 0.0038 0.0350 0.0042 0.0021 0.0366 0.0171 0.5937 0.0327 0.0080 0.0091 
0.0725 0.0564 0.0166 0.1091 0.0284 0.0380 0.0035 0.0391 0.0011 0.0001 0.0359 0.0134 0.5278 0.0356 0.0069 0.0158 
0.1265 0.0666 0.0121 0.0401 0.1091 0.1082 0.1078 0.0663 0.0058 0.0018 0.0692 0.0061 0.1644 0.1029 0.0029 0.0102 
0.1342 0.0725 0.0478 0.0535 0.0034 0.0653 0.0014 0.1842 0.0010 0.0034 0.1088 0.0072 0.1977 0.0677 0.0466 0.0054 
0.0890 0.0470 0.0356 0.0770 0.0026 0.0495 0.0008 0.0465 0.1083 0.0452 0.0490 0.0872 0.2824 0.0441 0.0022 0.0337 
0.0922 0.0366 0.0064 0.0976 0.0032 0.0476 0.0013 0.0363 0.0013 0.0003 0.0502 0.0029 0.5833 0.0363 0.0026 0.0021 
0.0760 0.0561 0.0680 0.0783 0.0011 0.0398 0.0018 0.0369 0.0021 0.0001 0.0415 0.0129 0.5429 0.0379 0.0024 0.0026 
0.0406 0.0203 0.0113 0.3759 0.0010 0.0251 0.0005 0.0193 0.0006 0.0002 0.0214 0.0046 0.4558 0.0190 0.0030 0.0013 
0.0417 0.0216 0.0054 0.2659 0.0016 0.0259 0.0010 0.0206 0.0002 0.0001 0.0212 0.0024 0.5673 0.0208 0.0030 0.0016 
0.0343 0.0192 0.0022 0.2578 0.0008 0.0190 0.0011 0.0172 0.0010 0.0001 0.0187 0.0024 0.6015 0.0172 0.0038 0.0038 
0.0431 0.0222 0.0099 0.1674 0.0030 0.0260 0.0003 0.0209 0.0002 0.0001 0.0228 0.0019 0.6566 0.0214 0.0024 0.0019 
0.0482 0.0287 0.0069 0.0784 0.0064 0.0318 0.0013 0.0260 0.0006 0.0001 0.0302 0.0064 0.7023 0.0241 0.0022 0.0065 
0.0789 0.0404 0.0011 0.0863 0.0232 0.0628 0.0118 0.0396 0.0029 0.0002 0.0495 0.0086 0.0260 0.5577 0.0040 0.0070 
0.0505 0.0335 0.0166 0.0171 0.0016 0.0268 0.0026 0.0366 0.0006 0.0003 0.0283 0.0085 0.0204 0.0254 0.7269 0.0043 
0.0406 0.0749 0.0048 0.0567 0.0010 0.0201 0.0107 0.0220 0.0227 0.0048 0.0211 0.0030 0.0091 0.0220 0.0080 0.6784 
0.5025 0.0559 0.0687 0.0875 0.0091 0.0556 0.0097 0.0533 0.0029 0.0001 0.0561 0.0053 0.0110 0.0545 0.0165 0.0115 
0.0366 0.0219 0.6580 0.1017 0.0089 0.0267 0.0042 0.0265 0.0016 0.0002 0.0315 0.0042 0.0147 0.0182 0.0179 0.0273 
0.0677 0.0329 0.0276 0.5459 0.0288 0.1262 0.0069 0.0403 0.0024 0.0011 0.0412 0.0326 0.0110 0.0310 0.0006 0.0037 
0.1166 0.0779 0.0225 0.0567 0.0128 0.3809 0.0018 0.0799 0.0056 0.0037 0.1479 0.0241 0.0099 0.0519 0.0050 0.0029 
0.0903 0.1572 0.0259 0.1098 0.0244 0.0529 0.0029 0.0502 0.0329 0.0038 0.2798 0.0933 0.0158 0.0443 0.0030 0.0136 
0.1403 0.0804 0.0700 0.1112 0.0043 0.0973 0.0096 0.0767 0.0110 0.0002 0.0649 0.1967 0.0475 0.0622 0.0088 0.0190 
0.0696 0.0412 0.2441 0.0784 0.0027 0.0744 0.0248 0.0366 0.0149 0.0010 0.0580 0.0129 0.2505 0.0347 0.0252 0.0310 
0.0804 0.0687 0.0420 0.1107 0.0107 0.0510 0.0383 0.0407 0.0008 0.0005 0.0511 0.0190 0.4135 0.0415 0.0117 0.0193 
0.0748 0.0452 0.1463 0.1403 0.0185 0.0428 0.0120 0.0468 0.0043 0.0027 0.0369 0.0316 0.3102 0.0674 0.0083 0.0118 
0.1247 0.0743 0.0605 0.1147 0.0198 0.1035 0.0241 0.0831 0.0165 0.0026 0.0580 0.0204 0.0791 0.0663 0.0567 0.0958 
0.1657 0.0556 0.0940 0.0454 0.0310 0.0836 0.0350 0.0773 0.1176 0.0058 0.0717 0.0097 0.0449 0.0702 0.0139 0.0786 
