0.1478 0.0615 0.0241 0.0722 0.0024 0.1422 0.0019 0.0606 0.0284 0.0483 0.1741 0.0729 0.0868 0.0598 0.0026 0.0145 
0.1342 0.0593 0.1123 0.0203 0.0011 0.0824 0.0037 0.0551 0.0026 0.0010 0.1273 0.1610 0.1819 0.0525 0.0021 0.0034 
0.1003 0.0527 0.0141 0.0682 0.0013 0.0561 0.0061 0.0498 0.0013 0.0001 0.0840 0.0681 0.4433 0.0497 0.0027 0.0024 
0.0483 0.0415 0.0046 0.0951 0.0021 0.0462 0.0022 0.0238 0.0006 0.0001 0.0276 0.0189 0.6610 0.0235 0.0029 0.0019 
0.0554 0.0355 0.0104 0.0340 0.0018 0.0425 0.0018 0.0295 0.0001 0.0001 0.0292 0.0045 0.7203 0.0273 0.0022 0.0056 
0.0527 0.0275 0.0101 0.0324 0.0021 0.0431 0.0003 0.0278 0.0016 0.0001 0.0420 0.0056 0.7156 0.0315 0.0005 0.0073 
0.0537 0.0286 0.0081 0.0133 0.0016 0.0324 0.0002 0.0267 0.0016 0.0003 0.0428 0.0379 0.7188 0.0283 0.0043 0.0014 
0.0574 0.0316 0.0048 0.0229 0.0019 0.0275 0.0027 0.0291 0.0005 0.0002 0.0336 0.0275 0.7141 0.0294 0.0034 0.0136 
0.0594 0.0272 0.0105 0.0355 0.0035 0.0278 0.0032 0.0289 0.0008 0.0001 0.0272 0.0102 0.7126 0.0300 0.0056 0.0177 
0.0532 0.0259 0.0173 0.0142 0.0042 0.0344 0.0058 0.0275 0.0006 0.0002 0.0267 0.0040 0.7524 0.0268 0.0019 0.0051 
0.0524 0.0270 0.0026 0.0105 0.0080 0.0307 0.0032 0.0281 0.0006 0.0018 0.0538 0.0056 0.7426 0.0297 0.0010 0.0026 
0.0468 0.0299 0.0014 0.0115 0.0040 0.0238 0.0008 0.0286 0.0053 0.0003 0.0276 0.0625 0.7219 0.0278 0.0051 0.0027 
0.0570 0.0297 0.0149 0.0236 0.0014 0.0251 0.0032 0.0297 0.0149 0.0003 0.0280 0.0067 0.6867 0.0296 0.0097 0.0395 
0.0732 0.0254 0.1415 0.0157 0.0016 0.0292 0.0085 0.0264 0.0059 0.0001 0.0217 0.0045 0.6080 0.0254 0.0050 0.0081 
0.0704 0.0717 0.0511 0.0374 0.0016 0.0399 0.0035 0.0351 0.0037 0.0003 0.0377 0.0008 0.5843 0.0356 0.0069 0.0198 
0.0840 0.0468 0.0612 0.3272 0.0014 0.0466 0.0045 0.0401 0.0046 0.0001 0.0411 0.0062 0.1283 0.0425 0.0126 0.1529 
0.0503 0.0294 0.4641 0.2789 0.0032 0.0246 0.0188 0.0232 0.0003 0.0001 0.0259 0.0038 0.0283 0.0233 0.0176 0.0083 
0.0439 0.0260 0.2137 0.5432 0.0067 0.0264 0.0042 0.0268 0.0011 0.0001 0.0240 0.0026 0.0180 0.0206 0.0196 0.0232 
0.0537 0.0300 0.0481 0.7009 0.0032 0.0513 0.0037 0.0288 0.0051 0.0001 0.0251 0.0107 0.0081 0.0232 0.0024 0.0058 
0.0562 0.0313 0.0149 0.3919 0.0676 0.3109 0.0018 0.0267 0.0045 0.0013 0.0422 0.0077 0.0136 0.0254 0.0029 0.0014 
0.0995 0.1080 0.0187 0.1017 0.0928 0.1235 0.0029 0.0819 0.0056 0.0005 0.2516 0.0366 0.0195 0.0484 0.0022 0.0067 
0.1016 0.0633 0.0040 0.1129 0.0799 0.0904 0.0427 0.0735 0.0636 0.0032 0.1196 0.1414 0.0343 0.0593 0.0026 0.0078 
0.1096 0.0752 0.0853 0.0514 0.0024 0.0673 0.0075 0.1157 0.0212 0.0056 0.0591 0.0157 0.0372 0.0583 0.2332 0.0553 
0.1163 0.1100 0.1155 0.0463 0.0029 0.0656 0.0035 0.0551 0.0971 0.0324 0.0577 0.0112 0.0374 0.0559 0.0048 0.1883 
0.2206 0.0813 0.2259 0.1030 0.0048 0.0984 0.0051 0.0585 0.0029 0.0054 0.0673 0.0073 0.0420 0.0586 0.0107 0.0081 
0.0733 0.0529 0.3668 0.2837 0.0034 0.0422 0.0048 0.0363 0.0018 0.0001 0.0518 0.0073 0.0228 0.0359 0.0070 0.0101 
0.0551 0.0363 0.0377 0.6822 0.0067 0.0339 0.0032 0.0280 0.0010 0.0010 0.0311 0.0267 0.0238 0.0270 0.0038 0.0027 
0.0644 0.0401 0.0131 0.6447 0.0070 0.0634 0.0016 0.0343 0.0003 0.0003 0.0339 0.0029 0.0551 0.0283 0.0072 0.0034 
0.0730 0.0459 0.0323 0.3174 0.0027 0.2881 0.0045 0.0387 0.0080 0.0003 0.0733 0.0133 0.0599 0.0353 0.0022 0.0051 
0.0890 0.1296 0.0447 0.3728 0.0107 0.0631 0.0014 0.0436 0.0051 0.0014 0.0955 0.0513 0.0436 0.0438 0.0008 0.0035 
0.1054 0.0945 0.0324 0.2862 0.0097 0.0915 0.0048 0.0533 0.0005 0.0006 0.0516 0.0529 0.1584 0.0487 0.0054 0.0040 
0.1104 0.0578 0.0474 0.0854 0.0743 0.0704 0.0335 0.0623 0.0016 0.0022 0.1712 0.0182 0.1862 0.0609 0.0145 0.0035 
0.1133 0.0741 0.0096 0.1829 0.0105 0.0545 0.0014 0.0799 0.0013 0.0008 0.0644 0.1259 0.1720 0.0553 0.0442 0.0099 
0.0816 0.0366 0.0014 0.0629 0.0224 0.0878 0.0073 0.0433 0.0240 0.0385 0.0500 0.0359 0.4366 0.0535 0.0083 0.0099 
0.0920 0.0770 0.0195 0.0181 0.0043 0.0446 0.0013 0.0484 0.0016 0.0005 0.0722 0.0115 0.5375 0.0419 0.0182 0.0115 
0.0502 0.0260 0.0069 0.0272 0.0014 0.0658 0.0027 0.0256 0.0034 0.0212 0.0296 0.0661 0.6148 0.0241 0.0058 0.0292 
0.0607 0.0623 0.0289 0.0080 0.0021 0.0289 0.0006 0.0224 0.0050 0.0003 0.0398 0.0089 0.6942 0.0252 0.0040 0.0086 
0.0508 0.0278 0.0113 0.0166 0.0016 0.0482 0.0034 0.0249 0.0006 0.0003 0.0259 0.0484 0.6914 0.0265 0.0117 0.0105 
0.0490 0.0307 0.0257 0.0075 0.0030 0.0401 0.0072 0.0254 0.0008 0.0001 0.0799 0.0073 0.6798 0.0294 0.0070 0.0073 
0.0423 0.0303 0.0105 0.0157 0.0011 0.0201 0.0019 0.0219 0.0011 0.0001 0.0268 0.1137 0.6817 0.0232 0.0048 0.0048 
0.0474 0.0225 0.0070 0.0505 0.0059 0.0243 0.0040 0.0240 0.0027 0.0016 0.0265 0.0125 0.7250 0.0248 0.0051 0.0163 
0.0824 0.0478 0.0324 0.0356 0.0214 0.0439 0.0827 0.0439 0.0008 0.0001 0.0402 0.0105 0.2688 0.2624 0.0056 0.0214 
0.0591 0.0294 0.0268 0.0730 0.0018 0.0350 0.0110 0.0352 0.0006 0.0005 0.0312 0.0022 0.2621 0.0288 0.3955 0.0078 
0.0807 0.0431 0.0489 0.0842 0.0019 0.0367 0.0027 0.0375 0.0337 0.0144 0.0390 0.0075 0.1152 0.0382 0.0059 0.4103 
0.3001 0.0591 0.0153 0.1235 0.0065 0.1345 0.0042 0.0594 0.0014 0.0008 0.0599 0.0157 0.1482 0.0601 0.0081 0.0032 
0.1386 0.0733 0.1560 0.0265 0.0105 0.1143 0.0018 0.0752 0.0010 0.0016 0.1945 0.0056 0.1129 0.0717 0.0059 0.0105 
0.1120 0.0946 0.0073 0.2013 0.0062 0.0621 0.0038 0.0565 0.0040 0.0002 0.0981 0.1818 0.1040 0.0554 0.0032 0.0094 
0.0631 0.0310 0.0184 0.1275 0.0034 0.0420 0.0061 0.0318 0.0019 0.0001 0.0358 0.0442 0.5499 0.0292 0.0053 0.0105 
0.0609 0.0304 0.0562 0.0419 0.0018 0.0433 0.0040 0.0332 0.0016 0.0003 0.0427 0.0085 0.6346 0.0294 0.0024 0.0089 
0.0541 0.0326 0.0105 0.0498 0.0142 0.0541 0.0046 0.0278 0.0008 0.0008 0.0339 0.0171 0.6655 0.0291 0.0024 0.0026 
0.0628 0.0645 0.0171 0.0342 0.0005 0.0403 0.0016 0.0372 0.0005 0.0003 0.0323 0.0118 0.6577 0.0308 0.0051 0.0034 
0.0647 0.0368 0.0152 0.0630 0.0011 0.0371 0.0014 0.0308 0.0241 0.0003 0.0444 0.0048 0.6098 0.0329 0.0173 0.0163 
0.0647 0.0308 0.0946 0.0398 0.0027 0.0334 0.0014 0.0302 0.0002 0.0001 0.0385 0.0149 0.6028 0.0307 0.0081 0.0075 
0.0663 0.0334 0.0359 0.0588 0.0013 0.0492 0.0029 0.0331 0.0002 0.0001 0.0377 0.0123 0.6110 0.0331 0.0117 0.0134 
0.0532 0.0404 0.0042 0.0935 0.0027 0.0331 0.0035 0.0262 0.0006 0.0001 0.0356 0.0059 0.6599 0.0267 0.0075 0.0072 
0.0500 0.0475 0.0062 0.0978 0.0275 0.0283 0.0070 0.0252 0.0016 0.0001 0.0286 0.0081 0.6128 0.0289 0.0046 0.0257 
0.0688 0.0348 0.0272 0.0976 0.0032 0.0439 0.0037 0.0427 0.0018 0.0001 0.0383 0.0073 0.5607 0.0369 0.0072 0.0259 
0.0409 0.0208 0.1149 0.0185 0.0053 0.0463 0.0024 0.0217 0.0080 0.0169 0.0283 0.0276 0.6196 0.0195 0.0029 0.0064 
0.0709 0.0708 0.0053 0.0508 0.0059 0.0874 0.0054 0.0379 0.0022 0.0013 0.0419 0.0209 0.5512 0.0323 0.0069 0.0089 
0.1277 0.0955 0.0110 0.1093 0.0034 0.0740 0.0102 0.0682 0.0109 0.0001 0.1326 0.0158 0.2027 0.0794 0.0134 0.0459 
0.0626 0.0462 0.2722 0.0399 0.0034 0.0375 0.0053 0.0327 0.0034 0.0002 0.0350 0.0725 0.3125 0.0329 0.0200 0.0238 
0.1175 0.0637 0.1306 0.0773 0.0308 0.0781 0.0602 0.0621 0.0043 0.0011 0.0592 0.0104 0.0659 0.2004 0.0212 0.0171 
0.0941 0.0625 0.1516 0.0938 0.0027 0.0506 0.0086 0.0634 0.0021 0.0002 0.0486 0.0115 0.0474 0.0484 0.2993 0.0153 
0.0880 0.0519 0.0356 0.0783 0.0048 0.1267 0.0075 0.0401 0.0177 0.0982 0.0486 0.0086 0.0569 0.0423 0.0102 0.2846 
0.2228 0.0786 0.0556 0.0315 0.0058 0.2244 0.0054 0.0661 0.0035 0.0042 0.1220 0.0204 0.0666 0.0649 0.0086 0.0195 
0.1280 0.1425 0.0585 0.0430 0.0158 0.1097 0.0091 0.0666 0.0030 0.0075 0.2002 0.0770 0.0510 0.0663 0.0059 0.0160 
0.1350 0.0880 0.0455 0.0406 0.0064 0.1338 0.0121 0.0728 0.0125 0.0029 0.1100 0.1468 0.0878 0.0703 0.0220 0.0134 
0.1192 0.0764 0.0805 0.0596 0.0035 0.0679 0.0054 0.0580 0.0050 0.0019 0.1387 0.0478 0.2006 0.0625 0.0112 0.0620 
0.1332 0.1193 0.2133 0.0743 0.0038 0.0706 0.0137 0.0605 0.0155 0.0003 0.0577 0.0778 0.0278 0.0585 0.0139 0.0597 
0.0567 0.0286 0.5412 0.1799 0.0083 0.0366 0.0088 0.0289 0.0011 0.0002 0.0326 0.0042 0.0310 0.0272 0.0038 0.0110 
0.1003 0.0495 0.0923 0.0989 0.0158 0.4236 0.0034 0.0591 0.0006 0.0032 0.0543 0.0134 0.0222 0.0466 0.0104 0.0062 
0.0935 0.0976 0.0064 0.1204 0.0088 0.1072 0.0024 0.0530 0.0089 0.0011 0.3927 0.0216 0.0327 0.0470 0.0019 0.0048 
0.1077 0.1178 0.0051 0.1106 0.0027 0.0665 0.0032 0.0521 0.0042 0.0016 0.0548 0.3742 0.0463 0.0462 0.0038 0.0034 
0.0746 0.0387 0.0895 0.0843 0.0011 0.0417 0.0112 0.0361 0.0048 0.0001 0.0540 0.0086 0.4725 0.0364 0.0129 0.0335 
0.0799 0.0517 0.2142 0.0922 0.0029 0.0487 0.0152 0.0390 0.0014 0.0002 0.0482 0.0219 0.3089 0.0407 0.0152 0.0198 
0.0716 0.0621 0.1481 0.3724 0.0048 0.0331 0.0093 0.0353 0.0013 0.0001 0.0351 0.0091 0.1398 0.0377 0.0216 0.0188 
0.0784 0.0383 0.0356 0.1195 0.0032 0.4366 0.0093 0.0406 0.0008 0.0010 0.0401 0.0059 0.1353 0.0396 0.0075 0.0085 
0.0957 0.0622 0.0471 0.0387 0.0066 0.0826 0.0035 0.0483 0.0054 0.0032 0.4792 0.0081 0.0527 0.0487 0.0051 0.0128 
0.0849 0.1016 0.0078 0.0471 0.0054 0.0737 0.0037 0.0422 0.0046 0.0013 0.0511 0.4888 0.0310 0.0395 0.0089 0.0083 
0.0607 0.0412 0.0388 0.0321 0.0045 0.0319 0.0027 0.0276 0.0077 0.0008 0.0537 0.0280 0.5692 0.0270 0.0064 0.0677 
0.0631 0.0351 0.0371 0.0284 0.0030 0.0540 0.0037 0.0313 0.0022 0.0021 0.0470 0.0422 0.6015 0.0329 0.0042 0.0123 
0.0792 0.0757 0.0307 0.0816 0.0013 0.0494 0.0034 0.0383 0.0014 0.0005 0.0474 0.0280 0.5054 0.0404 0.0057 0.0117 
0.0611 0.0363 0.0320 0.2217 0.0013 0.0347 0.0037 0.0297 0.0035 0.0010 0.0339 0.0203 0.4767 0.0316 0.0048 0.0078 
0.0527 0.0300 0.1345 0.1150 0.0022 0.0355 0.0027 0.0244 0.0005 0.0002 0.0265 0.0094 0.5212 0.0260 0.0077 0.0113 
0.0280 0.0160 0.0438 0.2873 0.0014 0.0174 0.0030 0.0137 0.0001 0.0001 0.0208 0.0045 0.5416 0.0149 0.0026 0.0053 
0.0377 0.0187 0.0184 0.1700 0.0022 0.0423 0.0026 0.0198 0.0005 0.0002 0.0192 0.0086 0.6383 0.0174 0.0030 0.0011 
0.0452 0.0299 0.0053 0.1166 0.0032 0.0565 0.0011 0.0240 0.0005 0.0001 0.0286 0.0022 0.6513 0.0220 0.0027 0.0109 
0.0524 0.0267 0.0054 0.0810 0.0045 0.0463 0.0019 0.0249 0.0010 0.0001 0.0490 0.0153 0.6635 0.0251 0.0003 0.0027 
0.0574 0.0495 0.0113 0.0532 0.0021 0.0283 0.0006 0.0292 0.0008 0.0002 0.0337 0.0331 0.6678 0.0281 0.0016 0.0030 
0.0318 0.0182 0.0129 0.1917 0.0027 0.0168 0.0027 0.0176 0.0024 0.0001 0.0173 0.0072 0.6506 0.0165 0.0045 0.0072 
0.0513 0.0312 0.0749 0.1055 0.0032 0.0307 0.0061 0.0254 0.0018 0.0001 0.0241 0.0045 0.5989 0.0267 0.0089 0.0070 
0.0479 0.0270 0.0169 0.1981 0.0035 0.0390 0.0043 0.0256 0.0021 0.0002 0.0259 0.0013 0.5602 0.0240 0.0083 0.0158 
0.0537 0.0278 0.0136 0.2328 0.0022 0.0369 0.0061 0.0302 0.0022 0.0005 0.0374 0.0043 0.4980 0.0259 0.0046 0.0238 
0.0903 0.0572 0.0276 0.1382 0.0019 0.1252 0.0030 0.0465 0.0059 0.0002 0.0502 0.0220 0.3382 0.0513 0.0064 0.0359 
0.1213 0.1056 0.1363 0.0620 0.0022 0.1713 0.0064 0.0572 0.0066 0.0006 0.0746 0.0141 0.1420 0.0575 0.0171 0.0252 
0.0688 0.2514 0.2939 0.0995 0.0045 0.0479 0.0144 0.0316 0.0022 0.0008 0.0404 0.0141 0.0222 0.0366 0.0075 0.0641 
0.0762 0.0382 0.1035 0.0425 0.0093 0.4701 0.0072 0.0385 0.0002 0.0053 0.0490 0.0422 0.0637 0.0378 0.0091 0.0073 
0.0727 0.0617 0.0759 0.0387 0.0057 0.0454 0.0043 0.0444 0.0011 0.0026 0.5389 0.0243 0.0240 0.0379 0.0072 0.0155 
0.0276 0.0248 0.0027 0.2669 0.0034 0.0192 0.0024 0.0126 0.0058 0.0002 0.0232 0.5780 0.0165 0.0121 0.0022 0.0026 
0.0444 0.0184 0.0588 0.0471 0.0016 0.0709 0.0051 0.0200 0.0010 0.0011 0.0211 0.0249 0.6602 0.0182 0.0032 0.0042 
0.0462 0.0279 0.0086 0.0798 0.0008 0.0340 0.0026 0.0233 0.0010 0.0001 0.0495 0.0080 0.6908 0.0233 0.0008 0.0034 
0.0350 0.0356 0.0022 0.1326 0.0016 0.0185 0.0011 0.0179 0.0011 0.0010 0.0188 0.0508 0.6619 0.0177 0.0040 0.0002 
0.0337 0.0197 0.0058 0.1574 0.0019 0.0197 0.0011 0.0173 0.0018 0.0001 0.0179 0.0040 0.6795 0.0232 0.0075 0.0099 
0.0436 0.0265 0.0117 0.0738 0.0022 0.0225 0.0078 0.0225 0.0003 0.0001 0.0236 0.0043 0.7032 0.0371 0.0088 0.0121 
0.0435 0.0219 0.0147 0.0243 0.0056 0.0831 0.0050 0.0225 0.0010 0.0003 0.0270 0.0053 0.6900 0.0217 0.0213 0.0129 
0.0481 0.0308 0.0088 0.0227 0.0032 0.0559 0.0045 0.0275 0.0010 0.0019 0.0519 0.0061 0.6284 0.0246 0.0070 0.0776 
0.0902 0.1215 0.0508 0.0402 0.0014 0.0431 0.0034 0.0388 0.0070 0.0008 0.0404 0.0468 0.3896 0.0517 0.0115 0.0626 
0.0345 0.0174 0.0336 0.0054 0.0034 0.2256 0.0105 0.0141 0.0014 0.0022 0.0179 0.0075 0.5948 0.0158 0.0115 0.0043 
0.0518 0.0300 0.0475 0.0096 0.0032 0.0281 0.0021 0.0305 0.0005 0.0006 0.4466 0.0153 0.2935 0.0264 0.0024 0.0120 
0.0546 0.0561 0.0051 0.0334 0.0070 0.0264 0.0054 0.0264 0.0053 0.0005 0.0308 0.6739 0.0252 0.0313 0.0102 0.0085 
0.0396 0.0240 0.0388 0.0113 0.0037 0.0396 0.0086 0.0227 0.0021 0.0001 0.0219 0.0149 0.6667 0.0299 0.0371 0.0393 
0.0634 0.0318 0.0660 0.0125 0.0026 0.0426 0.0113 0.0310 0.0064 0.0005 0.0415 0.0064 0.6128 0.0340 0.0062 0.0310 
0.0804 0.0751 0.0324 0.0374 0.0029 0.0328 0.0051 0.0385 0.0072 0.0006 0.0467 0.0232 0.5546 0.0342 0.0110 0.0179 
0.0660 0.0345 0.1419 0.0740 0.0030 0.0547 0.0200 0.0308 0.0038 0.0005 0.0313 0.0246 0.4131 0.0326 0.0155 0.0537 
0.1019 0.0872 0.2309 0.0401 0.0035 0.0864 0.0069 0.0522 0.0011 0.0010 0.0541 0.0139 0.2392 0.0484 0.0153 0.0179 
0.1291 0.1906 0.0414 0.0853 0.0038 0.0901 0.0054 0.0681 0.0026 0.0016 0.0719 0.0192 0.1956 0.0639 0.0101 0.0213 
0.1059 0.0537 0.1020 0.2486 0.0037 0.0578 0.0070 0.0525 0.0027 0.0006 0.1378 0.0094 0.1381 0.0519 0.0097 0.0184 
0.0951 0.0556 0.1956 0.1879 0.0027 0.0518 0.0150 0.0524 0.0046 0.0001 0.0588 0.0900 0.0853 0.0495 0.0243 0.0315 
0.1192 0.0676 0.1281 0.2129 0.0203 0.0813 0.0273 0.0648 0.0043 0.0013 0.0640 0.0310 0.0476 0.0808 0.0246 0.0249 
0.1091 0.1393 0.1364 0.0800 0.0497 0.1702 0.0067 0.0665 0.0201 0.0008 0.0527 0.0136 0.0305 0.0631 0.0318 0.0294 
0.1575 0.0903 0.0286 0.0812 0.0447 0.1548 0.0147 0.1003 0.0685 0.0050 0.0839 0.0187 0.0415 0.0788 0.0062 0.0254 
