0.1117 0.0299 0.2564 0.3538 0.0034 0.0433 0.0102 0.0283 0.0153 0.0018 0.0542 0.0230 0.0342 0.0278 0.0021 0.0048 
0.0353 0.0254 0.3134 0.4337 0.0013 0.0508 0.0034 0.0222 0.0006 0.0003 0.0366 0.0165 0.0385 0.0149 0.0019 0.0053 
0.0541 0.0501 0.0158 0.6585 0.0046 0.0337 0.0046 0.0265 0.0088 0.0001 0.0605 0.0097 0.0370 0.0257 0.0026 0.0077 
0.0526 0.0284 0.0562 0.7124 0.0043 0.0224 0.0026 0.0249 0.0038 0.0001 0.0264 0.0074 0.0240 0.0235 0.0043 0.0069 
0.0767 0.0388 0.0139 0.1045 0.0088 0.5992 0.0030 0.0406 0.0002 0.0013 0.0368 0.0081 0.0219 0.0385 0.0022 0.0054 
0.0813 0.0498 0.0072 0.0268 0.0086 0.0920 0.0003 0.0423 0.0014 0.0032 0.6183 0.0032 0.0193 0.0399 0.0022 0.0038 
0.0431 0.0650 0.0018 0.0417 0.0027 0.0265 0.0014 0.0219 0.0088 0.0003 0.0502 0.7051 0.0069 0.0212 0.0014 0.0019 
0.0633 0.0326 0.0350 0.0133 0.0029 0.0356 0.0046 0.0283 0.0029 0.0001 0.0305 0.0401 0.6401 0.0300 0.0129 0.0280 
0.0533 0.0426 0.0936 0.0077 0.0030 0.0514 0.0105 0.0275 0.0011 0.0001 0.0265 0.0045 0.6218 0.0260 0.0113 0.0192 
0.0653 0.1428 0.0482 0.0351 0.0024 0.0313 0.0118 0.0356 0.0005 0.0001 0.0304 0.0065 0.5399 0.0304 0.0058 0.0139 
0.1317 0.0653 0.0489 0.1510 0.0008 0.0733 0.0066 0.0622 0.0225 0.0002 0.0623 0.0045 0.2561 0.0622 0.0128 0.0398 
0.0888 0.0444 0.4308 0.0732 0.0013 0.0452 0.0080 0.0390 0.0038 0.0001 0.0634 0.0035 0.0970 0.0417 0.0073 0.0526 
0.1273 0.0660 0.1640 0.1766 0.0099 0.1155 0.0062 0.0637 0.0006 0.0026 0.0652 0.0479 0.0730 0.0596 0.0109 0.0110 
0.1129 0.1163 0.0553 0.1575 0.0045 0.1839 0.0065 0.0621 0.0018 0.0003 0.0725 0.0067 0.1102 0.0564 0.0069 0.0462 
0.1058 0.0719 0.0299 0.1035 0.0072 0.2220 0.0053 0.0513 0.0094 0.0005 0.1142 0.0548 0.1644 0.0505 0.0043 0.0051 
0.1278 0.1497 0.0458 0.0802 0.0054 0.0743 0.0045 0.0708 0.0013 0.0005 0.1353 0.0954 0.1386 0.0642 0.0030 0.0034 
0.0837 0.0442 0.0166 0.1545 0.0075 0.0572 0.0107 0.0442 0.0062 0.0002 0.0468 0.1029 0.3660 0.0438 0.0045 0.0110 
0.1006 0.0581 0.0503 0.0652 0.0225 0.0698 0.0361 0.0542 0.0034 0.0002 0.0647 0.0249 0.3621 0.0649 0.0153 0.0077 
0.0978 0.0599 0.0241 0.0684 0.0034 0.0621 0.0026 0.0613 0.0027 0.0029 0.0581 0.0144 0.4228 0.0500 0.0327 0.0367 
0.1062 0.0621 0.0356 0.0950 0.0038 0.0516 0.0054 0.0441 0.0466 0.0040 0.0449 0.0089 0.0128 0.0444 0.0125 0.4220 
0.0981 0.0414 0.5402 0.0714 0.0101 0.0467 0.0089 0.0321 0.0022 0.0022 0.0353 0.0093 0.0380 0.0328 0.0145 0.0168 
0.0903 0.0495 0.0366 0.0292 0.0073 0.5451 0.0035 0.0546 0.0003 0.0125 0.0692 0.0233 0.0197 0.0439 0.0016 0.0133 
0.0800 0.0441 0.0032 0.0286 0.0070 0.0572 0.0011 0.0444 0.0107 0.0014 0.6065 0.0530 0.0185 0.0417 0.0010 0.0014 
0.0543 0.0372 0.0019 0.0158 0.0014 0.0324 0.0030 0.0280 0.0085 0.0002 0.0503 0.7120 0.0201 0.0291 0.0043 0.0014 
0.0570 0.0318 0.0129 0.0113 0.0006 0.0337 0.0029 0.0284 0.0043 0.0001 0.0351 0.0305 0.6931 0.0313 0.0045 0.0224 
0.0674 0.0283 0.0379 0.0126 0.0013 0.0313 0.0029 0.0272 0.0011 0.0001 0.0262 0.0077 0.7189 0.0268 0.0043 0.0064 
0.0561 0.0369 0.0441 0.0193 0.0006 0.0291 0.0034 0.0280 0.0003 0.0001 0.0318 0.0027 0.7061 0.0296 0.0050 0.0073 
0.0542 0.0251 0.0091 0.0647 0.0006 0.0270 0.0026 0.0254 0.0005 0.0001 0.0270 0.0091 0.7150 0.0264 0.0094 0.0042 
0.0598 0.0313 0.0043 0.0118 0.0026 0.0655 0.0021 0.0296 0.0008 0.0001 0.0316 0.0029 0.7119 0.0286 0.0048 0.0125 
0.0612 0.0307 0.0040 0.0137 0.0026 0.0334 0.0008 0.0323 0.0005 0.0001 0.0719 0.0032 0.7074 0.0291 0.0042 0.0053 
0.0542 0.0572 0.0192 0.0018 0.0030 0.0459 0.0032 0.0267 0.0030 0.0001 0.0268 0.0807 0.6409 0.0281 0.0030 0.0064 
0.0589 0.0254 0.0073 0.0145 0.0006 0.0275 0.0006 0.0254 0.0014 0.0001 0.0468 0.0037 0.7265 0.0329 0.0073 0.0209 
0.0470 0.0248 0.0305 0.0064 0.0006 0.0289 0.0006 0.0238 0.0037 0.0019 0.0297 0.0403 0.7190 0.0248 0.0030 0.0150 
0.0606 0.0371 0.0064 0.0187 0.0026 0.0288 0.0016 0.0260 0.0003 0.0002 0.0292 0.0043 0.7375 0.0318 0.0032 0.0118 
0.0546 0.0313 0.0335 0.0410 0.0008 0.0291 0.0010 0.0265 0.0014 0.0001 0.0289 0.0085 0.7076 0.0286 0.0038 0.0035 
0.0449 0.0236 0.0438 0.1006 0.0010 0.0252 0.0024 0.0225 0.0011 0.0001 0.0235 0.0042 0.6760 0.0225 0.0030 0.0056 
0.0462 0.0240 0.0272 0.1859 0.0010 0.0272 0.0019 0.0228 0.0010 0.0001 0.0240 0.0056 0.6011 0.0230 0.0054 0.0040 
0.0452 0.0256 0.0075 0.1741 0.0010 0.0286 0.0034 0.0230 0.0002 0.0001 0.0241 0.0046 0.6327 0.0240 0.0043 0.0019 
0.0390 0.0204 0.0040 0.2461 0.0011 0.0244 0.0026 0.0188 0.0013 0.0001 0.0214 0.0016 0.5869 0.0184 0.0043 0.0099 
0.1010 0.0514 0.0144 0.2620 0.0163 0.0521 0.0351 0.0484 0.0029 0.0001 0.0479 0.0053 0.1053 0.2353 0.0056 0.0173 
0.0786 0.0433 0.0599 0.1329 0.0046 0.0754 0.0123 0.0470 0.0003 0.0003 0.0390 0.0042 0.0391 0.0393 0.4202 0.0037 
0.0781 0.1006 0.0473 0.1556 0.0078 0.0500 0.0030 0.0409 0.0304 0.0058 0.0436 0.0067 0.0319 0.0385 0.0072 0.3526 
0.2739 0.0382 0.0117 0.4167 0.0072 0.0572 0.0113 0.0390 0.0040 0.0008 0.0433 0.0286 0.0233 0.0353 0.0035 0.0059 
0.0672 0.0607 0.4468 0.1124 0.0056 0.1134 0.0054 0.0407 0.0069 0.0006 0.0415 0.0198 0.0252 0.0321 0.0088 0.0128 
0.0974 0.0748 0.0374 0.1641 0.0585 0.2489 0.0185 0.0522 0.0089 0.0021 0.0978 0.0395 0.0347 0.0479 0.0075 0.0099 
0.1061 0.2408 0.0668 0.0882 0.0056 0.0954 0.0030 0.1106 0.0054 0.0029 0.0732 0.0984 0.0270 0.0553 0.0118 0.0096 
0.1144 0.0877 0.0347 0.0447 0.0048 0.1933 0.0065 0.0569 0.0880 0.0201 0.0708 0.0347 0.0823 0.0692 0.0165 0.0756 
0.1178 0.0673 0.0778 0.0310 0.0128 0.1005 0.0027 0.0530 0.0034 0.0045 0.3341 0.0423 0.0751 0.0537 0.0051 0.0190 
0.0786 0.2067 0.1701 0.0735 0.0045 0.0452 0.0105 0.0410 0.0056 0.0018 0.0505 0.1854 0.0399 0.0447 0.0200 0.0220 
0.0684 0.0366 0.2982 0.1940 0.0072 0.0507 0.0297 0.0331 0.0067 0.0013 0.0350 0.0214 0.0874 0.0382 0.0229 0.0694 
0.0800 0.0503 0.3900 0.0968 0.0236 0.0979 0.0070 0.0417 0.0008 0.0040 0.0660 0.0149 0.0621 0.0382 0.0073 0.0195 
0.0760 0.1091 0.0406 0.4853 0.0072 0.0380 0.0053 0.0452 0.0115 0.0029 0.0553 0.0345 0.0276 0.0350 0.0069 0.0196 
0.0664 0.0324 0.0717 0.4772 0.0051 0.1645 0.0101 0.0303 0.0056 0.0030 0.0316 0.0425 0.0230 0.0284 0.0030 0.0050 
0.1268 0.0738 0.0161 0.0543 0.0172 0.3558 0.0034 0.0650 0.0026 0.0043 0.1575 0.0101 0.0462 0.0596 0.0034 0.0042 
0.0992 0.0597 0.0058 0.0794 0.0029 0.0534 0.0019 0.0526 0.0048 0.0016 0.3129 0.2332 0.0422 0.0465 0.0016 0.0024 
0.0864 0.0487 0.0115 0.0922 0.0010 0.0427 0.0018 0.0428 0.0073 0.0005 0.0577 0.2798 0.2758 0.0455 0.0034 0.0030 
0.0550 0.0264 0.0334 0.0415 0.0011 0.0340 0.0006 0.0260 0.0019 0.0001 0.0270 0.0251 0.6929 0.0264 0.0050 0.0037 
0.0525 0.0460 0.0172 0.0371 0.0008 0.0283 0.0011 0.0260 0.0003 0.0001 0.0254 0.0024 0.7275 0.0251 0.0037 0.0065 
0.0383 0.0189 0.0027 0.1721 0.0008 0.0217 0.0005 0.0181 0.0006 0.0001 0.0203 0.0030 0.6795 0.0198 0.0013 0.0026 
0.0559 0.0289 0.0163 0.0363 0.0008 0.0295 0.0008 0.0286 0.0006 0.0003 0.0295 0.0056 0.7318 0.0292 0.0043 0.0014 
0.0487 0.0254 0.0016 0.0965 0.0005 0.0251 0.0014 0.0240 0.0002 0.0001 0.0264 0.0027 0.7101 0.0257 0.0059 0.0059 
0.0535 0.0270 0.0125 0.0308 0.0016 0.0284 0.0006 0.0259 0.0002 0.0001 0.0288 0.0045 0.7521 0.0268 0.0048 0.0027 
0.0508 0.0246 0.0019 0.0377 0.0014 0.0473 0.0005 0.0254 0.0001 0.0001 0.0259 0.0032 0.7445 0.0243 0.0035 0.0091 
0.0522 0.0304 0.0040 0.0152 0.0018 0.0302 0.0021 0.0265 0.0008 0.0001 0.0361 0.0046 0.7603 0.0259 0.0021 0.0080 
0.0513 0.0303 0.0030 0.0203 0.0059 0.0292 0.0053 0.0252 0.0003 0.0006 0.0295 0.0161 0.7510 0.0272 0.0013 0.0034 
0.0503 0.0345 0.0027 0.0359 0.0010 0.0248 0.0013 0.0267 0.0010 0.0001 0.0259 0.0029 0.7439 0.0318 0.0141 0.0034 
0.0497 0.0265 0.0200 0.0495 0.0006 0.0257 0.0024 0.0257 0.0075 0.0010 0.0278 0.0046 0.7106 0.0268 0.0109 0.0105 
0.0599 0.0348 0.0415 0.0372 0.0008 0.0320 0.0061 0.0296 0.0006 0.0001 0.0307 0.0051 0.6757 0.0308 0.0053 0.0101 
0.0516 0.0264 0.0286 0.1069 0.0008 0.0296 0.0022 0.0267 0.0011 0.0002 0.0335 0.0034 0.6463 0.0275 0.0101 0.0053 
0.0639 0.0377 0.0209 0.0995 0.0224 0.0428 0.0050 0.0335 0.0011 0.0001 0.0334 0.0064 0.5335 0.0578 0.0118 0.0304 
0.0891 0.0511 0.0323 0.1346 0.0295 0.0517 0.0057 0.0466 0.0001 0.0002 0.0433 0.0054 0.3451 0.0612 0.0743 0.0299 
0.0838 0.0813 0.0198 0.0142 0.0027 0.2811 0.0078 0.0516 0.0051 0.0042 0.0407 0.0038 0.2775 0.0412 0.0224 0.0628 
0.1056 0.0757 0.0118 0.0125 0.0018 0.1106 0.0045 0.0470 0.0120 0.0088 0.3570 0.0158 0.1667 0.0451 0.0045 0.0208 
0.0919 0.0722 0.0117 0.0177 0.0026 0.0661 0.0035 0.0390 0.0032 0.0014 0.2359 0.3382 0.0669 0.0419 0.0040 0.0038 
0.0722 0.0371 0.0484 0.0259 0.0030 0.0438 0.0030 0.0353 0.0014 0.0001 0.0992 0.3101 0.2662 0.0391 0.0081 0.0070 
0.0516 0.0289 0.0313 0.0220 0.0026 0.0415 0.0029 0.0273 0.0008 0.0001 0.0350 0.0914 0.6265 0.0257 0.0027 0.0097 
0.0511 0.0265 0.0109 0.0261 0.0118 0.0454 0.0026 0.0275 0.0010 0.0002 0.0304 0.0091 0.7176 0.0262 0.0069 0.0069 
0.0639 0.0546 0.0065 0.0105 0.0273 0.0438 0.0419 0.0342 0.0022 0.0001 0.0316 0.0165 0.5431 0.1165 0.0032 0.0042 
0.0620 0.0382 0.0027 0.0220 0.0014 0.0310 0.0027 0.0489 0.0011 0.0018 0.0339 0.0032 0.5911 0.0324 0.1225 0.0050 
0.0553 0.0324 0.0305 0.0141 0.0010 0.0284 0.0038 0.0292 0.0797 0.0048 0.0288 0.0061 0.3337 0.0286 0.0097 0.3139 
0.2853 0.0417 0.0712 0.0337 0.0018 0.0474 0.0145 0.0417 0.0019 0.0001 0.0450 0.0054 0.3489 0.0420 0.0062 0.0133 
0.0861 0.0522 0.3308 0.0583 0.0014 0.0620 0.0080 0.0409 0.0010 0.0001 0.0468 0.0061 0.2347 0.0423 0.0069 0.0225 
0.1006 0.0508 0.0458 0.2241 0.0045 0.1001 0.0030 0.0479 0.0026 0.0003 0.0749 0.0125 0.2640 0.0529 0.0081 0.0078 
0.1350 0.0816 0.0399 0.1417 0.0109 0.0877 0.0021 0.0719 0.0006 0.0003 0.1263 0.0280 0.1859 0.0672 0.0089 0.0120 
0.0963 0.0730 0.0070 0.0355 0.2591 0.0914 0.0663 0.0597 0.0027 0.0021 0.0514 0.0490 0.0545 0.1289 0.0034 0.0198 
0.1350 0.1012 0.0213 0.0411 0.0468 0.0996 0.0491 0.1542 0.0096 0.0001 0.0767 0.0093 0.0692 0.0705 0.1027 0.0139 
0.0930 0.0526 0.0671 0.0307 0.0045 0.0637 0.0040 0.1109 0.0420 0.1762 0.0669 0.0433 0.0698 0.0486 0.0019 0.1249 
0.2083 0.1634 0.0827 0.0420 0.0021 0.0749 0.0105 0.0645 0.1046 0.0038 0.0682 0.0137 0.0411 0.0599 0.0206 0.0395 
0.0948 0.0475 0.3570 0.1889 0.0035 0.0494 0.0141 0.0364 0.0075 0.0003 0.0690 0.0128 0.0292 0.0379 0.0062 0.0455 
0.0605 0.0319 0.5196 0.1938 0.0016 0.0532 0.0021 0.0267 0.0006 0.0003 0.0284 0.0256 0.0168 0.0230 0.0072 0.0086 
0.0569 0.0331 0.0623 0.6438 0.0024 0.0426 0.0054 0.0297 0.0022 0.0001 0.0455 0.0051 0.0339 0.0284 0.0050 0.0037 
0.0510 0.0316 0.0380 0.5267 0.0165 0.1804 0.0058 0.0273 0.0013 0.0006 0.0316 0.0121 0.0423 0.0249 0.0053 0.0046 
0.0870 0.0640 0.0133 0.3437 0.1001 0.0945 0.0109 0.0466 0.0014 0.0006 0.0885 0.0126 0.0805 0.0458 0.0042 0.0062 
0.1291 0.0733 0.0067 0.0850 0.1437 0.1128 0.0275 0.0840 0.0042 0.0048 0.1040 0.0762 0.0644 0.0728 0.0061 0.0056 
0.1427 0.0826 0.0320 0.0484 0.0112 0.0732 0.0241 0.1668 0.0201 0.0150 0.1257 0.0337 0.0543 0.0761 0.0832 0.0109 
0.1136 0.0705 0.0328 0.0280 0.0058 0.0829 0.0276 0.0620 0.0788 0.0205 0.0653 0.0307 0.0812 0.0810 0.0312 0.1884 
0.2073 0.1188 0.0840 0.0620 0.0051 0.0827 0.0051 0.0752 0.0112 0.0067 0.0898 0.0136 0.0648 0.0744 0.0479 0.0513 
0.1411 0.0697 0.1839 0.0566 0.0061 0.1273 0.0200 0.0633 0.0097 0.0109 0.0732 0.0265 0.0233 0.0687 0.0230 0.0968 
0.1300 0.1137 0.1899 0.0982 0.0075 0.1418 0.0072 0.0720 0.0011 0.0005 0.0907 0.0214 0.0355 0.0658 0.0139 0.0107 
0.0904 0.2821 0.0725 0.2411 0.0065 0.0669 0.0073 0.0470 0.0072 0.0034 0.0540 0.0249 0.0157 0.0430 0.0067 0.0313 
0.0818 0.0444 0.0275 0.3065 0.0125 0.2458 0.0085 0.0471 0.0016 0.0021 0.0941 0.0260 0.0423 0.0463 0.0066 0.0069 
0.0714 0.0337 0.2575 0.0690 0.0061 0.0449 0.0005 0.0404 0.0014 0.0038 0.3118 0.0877 0.0321 0.0327 0.0019 0.0050 
0.0481 0.0590 0.0014 0.0356 0.0037 0.1491 0.0026 0.0257 0.0027 0.0054 0.0296 0.5597 0.0476 0.0229 0.0040 0.0029 
0.0339 0.0166 0.0013 0.0139 0.0032 0.0227 0.0022 0.0174 0.0005 0.0006 0.2525 0.0112 0.5999 0.0166 0.0035 0.0040 
0.0238 0.0410 0.0042 0.0050 0.0016 0.0118 0.0010 0.0118 0.0026 0.0001 0.0156 0.3338 0.5246 0.0121 0.0029 0.0083 
0.0539 0.0259 0.0053 0.0184 0.0005 0.0257 0.0022 0.0273 0.0013 0.0001 0.0313 0.0105 0.7632 0.0273 0.0030 0.0042 
0.0511 0.0254 0.0302 0.0027 0.0005 0.0315 0.0034 0.0257 0.0006 0.0001 0.0264 0.0097 0.7557 0.0283 0.0051 0.0038 
0.0535 0.0353 0.0006 0.0105 0.0006 0.0359 0.0046 0.0254 0.0001 0.0001 0.0273 0.0042 0.7580 0.0288 0.0070 0.0083 
0.0574 0.0296 0.0067 0.0075 0.0011 0.0254 0.0011 0.0262 0.0001 0.0001 0.0324 0.0059 0.7586 0.0339 0.0089 0.0054 
0.0522 0.0268 0.0157 0.0102 0.0005 0.0256 0.0030 0.0268 0.0019 0.0001 0.0272 0.0080 0.7457 0.0267 0.0150 0.0149 
0.0513 0.0262 0.0249 0.0105 0.0006 0.0244 0.0101 0.0249 0.0034 0.0001 0.0279 0.0037 0.6948 0.0275 0.0125 0.0575 
0.0466 0.0228 0.1596 0.0468 0.0021 0.0188 0.0121 0.0209 0.0005 0.0001 0.0227 0.0045 0.5868 0.0214 0.0139 0.0204 
0.0690 0.0436 0.0812 0.0125 0.0173 0.1270 0.0219 0.0350 0.0006 0.0001 0.0342 0.0081 0.4263 0.0793 0.0081 0.0358 
0.1346 0.0854 0.0449 0.0420 0.0035 0.1295 0.0065 0.0815 0.0032 0.0003 0.1519 0.0075 0.1642 0.0803 0.0355 0.0291 
0.1153 0.2314 0.0613 0.0779 0.0024 0.0658 0.0088 0.0573 0.0295 0.0057 0.0636 0.0765 0.0859 0.0572 0.0171 0.0442 
0.1244 0.0564 0.1372 0.0853 0.0113 0.1412 0.0256 0.0465 0.0065 0.0042 0.0462 0.0372 0.1883 0.0486 0.0089 0.0321 
0.1094 0.0725 0.1577 0.1039 0.0171 0.1031 0.0042 0.0594 0.0013 0.0037 0.1702 0.0097 0.1094 0.0550 0.0070 0.0165 
0.1233 0.1205 0.0200 0.0431 0.0383 0.1686 0.0514 0.0679 0.0153 0.0083 0.0954 0.1118 0.0241 0.0931 0.0066 0.0121 
0.1179 0.1744 0.0514 0.0494 0.0425 0.0599 0.0807 0.0716 0.0171 0.0021 0.1161 0.0425 0.0505 0.0680 0.0401 0.0160 
0.1188 0.0631 0.0759 0.0350 0.0180 0.1468 0.0426 0.0894 0.0123 0.0535 0.0588 0.0650 0.0930 0.0578 0.0291 0.0409 
0.1320 0.0714 0.1484 0.0358 0.0046 0.0698 0.0026 0.0714 0.0585 0.0283 0.1332 0.0147 0.0900 0.0556 0.0144 0.0693 
0.1653 0.0901 0.1239 0.1378 0.0022 0.0594 0.0034 0.0541 0.0596 0.0174 0.0741 0.0736 0.0580 0.0553 0.0037 0.0220 
0.1024 0.0406 0.3207 0.2299 0.0037 0.0530 0.0019 0.0350 0.0035 0.0006 0.0363 0.0174 0.1091 0.0355 0.0050 0.0054 
0.0658 0.0383 0.2200 0.4859 0.0037 0.0399 0.0011 0.0318 0.0003 0.0002 0.0358 0.0032 0.0332 0.0313 0.0030 0.0064 
0.0636 0.0503 0.0473 0.6789 0.0053 0.0358 0.0013 0.0300 0.0011 0.0001 0.0292 0.0099 0.0081 0.0297 0.0048 0.0048 
0.0620 0.0385 0.0300 0.7215 0.0062 0.0347 0.0019 0.0292 0.0013 0.0001 0.0283 0.0016 0.0083 0.0280 0.0053 0.0034 
0.0577 0.0315 0.0347 0.6884 0.0035 0.0629 0.0021 0.0335 0.0016 0.0001 0.0295 0.0016 0.0145 0.0281 0.0037 0.0067 
0.0620 0.0409 0.0102 0.6913 0.0045 0.0540 0.0024 0.0313 0.0046 0.0001 0.0359 0.0035 0.0216 0.0315 0.0022 0.0043 
0.0561 0.0438 0.0238 0.6344 0.0158 0.0383 0.0014 0.0364 0.0019 0.0006 0.0294 0.0133 0.0650 0.0280 0.0064 0.0054 
0.0553 0.0273 0.0109 0.4757 0.0302 0.1348 0.0115 0.0374 0.0139 0.0005 0.0264 0.0105 0.0671 0.0297 0.0059 0.0629 
0.1546 0.0799 0.0262 0.1283 0.0588 0.1350 0.0145 0.0815 0.0551 0.0008 0.0703 0.0075 0.0591 0.0963 0.0085 0.0236 
