0.1380 0.0700 0.0882 0.0797 0.0053 0.1463 0.0107 0.0672 0.0112 0.0121 0.1645 0.0751 0.0508 0.0609 0.0022 0.0179 
0.1086 0.0955 0.2003 0.0206 0.0046 0.1656 0.0109 0.0589 0.0110 0.0024 0.1029 0.0679 0.0631 0.0514 0.0125 0.0238 
0.1155 0.0671 0.0904 0.0516 0.0297 0.0639 0.0809 0.0642 0.0056 0.0037 0.1713 0.0724 0.0968 0.0679 0.0058 0.0131 
0.1203 0.0824 0.0118 0.0128 0.0064 0.2231 0.0035 0.0802 0.0016 0.0037 0.0664 0.1188 0.1781 0.0588 0.0206 0.0115 
0.0808 0.0550 0.0107 0.0042 0.0043 0.0573 0.0035 0.0404 0.0094 0.0081 0.2698 0.0316 0.3291 0.0439 0.0083 0.0435 
0.0810 0.0401 0.0363 0.0091 0.0027 0.0435 0.0024 0.0376 0.0042 0.0005 0.0641 0.3923 0.2418 0.0364 0.0027 0.0054 
0.0550 0.0321 0.0313 0.0113 0.0016 0.0356 0.0040 0.0238 0.0018 0.0005 0.0260 0.0657 0.6641 0.0236 0.0067 0.0168 
0.0530 0.0260 0.0241 0.0139 0.0019 0.0382 0.0035 0.0254 0.0003 0.0001 0.0295 0.0105 0.7405 0.0256 0.0022 0.0053 
0.0505 0.0345 0.0153 0.0069 0.0019 0.0299 0.0029 0.0262 0.0006 0.0002 0.0296 0.0187 0.7506 0.0256 0.0019 0.0048 
0.0497 0.0262 0.0018 0.0326 0.0016 0.0335 0.0026 0.0254 0.0024 0.0001 0.0300 0.0123 0.7438 0.0240 0.0038 0.0104 
0.0471 0.0265 0.0430 0.0083 0.0011 0.0310 0.0018 0.0243 0.0013 0.0001 0.0287 0.0137 0.7392 0.0251 0.0026 0.0064 
0.0502 0.0398 0.0102 0.0088 0.0021 0.0361 0.0043 0.0244 0.0013 0.0003 0.0249 0.0147 0.7435 0.0275 0.0080 0.0040 
0.0486 0.0371 0.0110 0.0212 0.0024 0.0222 0.0093 0.0238 0.0021 0.0001 0.0305 0.0072 0.7155 0.0257 0.0224 0.0212 
0.0420 0.0198 0.0567 0.0506 0.0008 0.0188 0.0109 0.0198 0.0021 0.0001 0.0220 0.0093 0.5992 0.0214 0.0228 0.1037 
0.0827 0.0398 0.3299 0.0498 0.0010 0.0310 0.0278 0.0331 0.0051 0.0002 0.0361 0.0038 0.1500 0.0345 0.0363 0.1390 
0.0911 0.0489 0.4130 0.0476 0.0054 0.1174 0.0336 0.0460 0.0010 0.0018 0.0483 0.0042 0.0665 0.0452 0.0149 0.0153 
0.0805 0.0449 0.0205 0.0078 0.0105 0.5375 0.0030 0.0479 0.0002 0.0014 0.1481 0.0112 0.0318 0.0398 0.0042 0.0107 
0.0594 0.0534 0.0056 0.0113 0.0043 0.0388 0.0014 0.0369 0.0046 0.0010 0.5286 0.1864 0.0248 0.0369 0.0013 0.0053 
0.0387 0.0420 0.0054 0.0053 0.0026 0.0311 0.0010 0.0211 0.0099 0.0005 0.0267 0.5884 0.1984 0.0169 0.0086 0.0035 
0.0452 0.0359 0.0249 0.0094 0.0016 0.0211 0.0070 0.0219 0.0046 0.0002 0.0335 0.0142 0.6889 0.0212 0.0102 0.0601 
0.0573 0.0260 0.0813 0.0228 0.0014 0.0233 0.0177 0.0211 0.0018 0.0002 0.0222 0.0256 0.6545 0.0241 0.0091 0.0115 
0.0484 0.0241 0.0895 0.0634 0.0013 0.0267 0.0080 0.0257 0.0014 0.0001 0.0241 0.0058 0.6340 0.0246 0.0131 0.0099 
0.0574 0.0289 0.0131 0.1618 0.0024 0.0358 0.0080 0.0288 0.0042 0.0002 0.0296 0.0014 0.5825 0.0278 0.0043 0.0139 
0.0661 0.0359 0.0139 0.0417 0.0027 0.1275 0.0022 0.0337 0.0010 0.0016 0.0436 0.0026 0.5831 0.0319 0.0085 0.0040 
0.0521 0.0377 0.0107 0.0278 0.0021 0.0487 0.0013 0.0275 0.0008 0.0001 0.0888 0.0291 0.6412 0.0260 0.0013 0.0050 
0.0526 0.0353 0.0046 0.0225 0.0011 0.0326 0.0027 0.0272 0.0016 0.0001 0.0340 0.1158 0.6400 0.0249 0.0030 0.0021 
0.0529 0.0380 0.0134 0.0463 0.0011 0.0267 0.0019 0.0270 0.0035 0.0001 0.0369 0.0061 0.6811 0.0278 0.0096 0.0278 
0.0494 0.0240 0.0845 0.0340 0.0174 0.0248 0.0064 0.0243 0.0003 0.0001 0.0259 0.0233 0.6502 0.0233 0.0072 0.0051 
0.0818 0.0474 0.0617 0.0265 0.0316 0.0486 0.0152 0.0468 0.0003 0.0003 0.0379 0.0045 0.1540 0.4193 0.0042 0.0201 
0.0575 0.0310 0.0069 0.0434 0.0018 0.0597 0.0048 0.0340 0.0064 0.0005 0.0382 0.0022 0.1008 0.0292 0.5772 0.0065 
0.0653 0.0957 0.0292 0.0227 0.0032 0.0313 0.0024 0.0337 0.0217 0.0029 0.0412 0.0118 0.0802 0.0312 0.0038 0.5236 
0.3032 0.0519 0.0527 0.3080 0.0037 0.0493 0.0102 0.0506 0.0008 0.0001 0.0487 0.0137 0.0452 0.0489 0.0070 0.0061 
0.0747 0.0434 0.4399 0.0640 0.0276 0.1543 0.0088 0.0402 0.0022 0.0010 0.0417 0.0029 0.0268 0.0556 0.0080 0.0088 
0.0847 0.0615 0.0096 0.5089 0.0085 0.0481 0.0021 0.0693 0.0029 0.0003 0.0871 0.0192 0.0307 0.0430 0.0208 0.0035 
0.0813 0.0558 0.0064 0.4543 0.0361 0.0736 0.0088 0.0455 0.0141 0.0027 0.0439 0.0463 0.0265 0.0433 0.0035 0.0578 
0.1535 0.0567 0.0941 0.2390 0.0117 0.1125 0.0035 0.0714 0.0058 0.0011 0.1000 0.0115 0.0430 0.0558 0.0259 0.0147 
0.0775 0.1401 0.1123 0.2664 0.0075 0.0499 0.0032 0.0467 0.0113 0.0192 0.0692 0.0519 0.0356 0.0384 0.0054 0.0654 
0.0884 0.0403 0.0489 0.5637 0.0088 0.0321 0.0099 0.0359 0.0061 0.0003 0.0340 0.0462 0.0329 0.0320 0.0118 0.0088 
0.0941 0.0450 0.0447 0.0918 0.1215 0.3036 0.0510 0.0502 0.0022 0.0018 0.0466 0.0125 0.0684 0.0553 0.0081 0.0032 
0.1026 0.0746 0.0158 0.0817 0.0105 0.0634 0.0011 0.1679 0.0037 0.0018 0.2701 0.0136 0.1122 0.0513 0.0216 0.0081 
0.1077 0.0714 0.0029 0.0388 0.0113 0.1016 0.0102 0.0550 0.1318 0.0163 0.0609 0.2518 0.0526 0.0668 0.0073 0.0137 
0.1571 0.0674 0.0620 0.0192 0.0040 0.0900 0.0054 0.0652 0.0083 0.0022 0.1910 0.0229 0.1793 0.0636 0.0385 0.0240 
0.1178 0.1159 0.1295 0.0380 0.0093 0.0575 0.0093 0.0545 0.0102 0.0018 0.0638 0.1221 0.0702 0.0531 0.0163 0.1309 
0.0882 0.0401 0.2567 0.0885 0.0112 0.0532 0.0235 0.0398 0.0010 0.0006 0.0366 0.0150 0.2963 0.0387 0.0022 0.0085 
0.1317 0.0741 0.0634 0.0364 0.0081 0.1910 0.0014 0.0809 0.0038 0.0014 0.0788 0.0054 0.2501 0.0623 0.0050 0.0061 
0.1129 0.0947 0.0104 0.1909 0.0030 0.0609 0.0016 0.0609 0.0165 0.0018 0.1494 0.0395 0.1799 0.0569 0.0038 0.0171 
0.1112 0.0517 0.0511 0.2343 0.0021 0.0540 0.0048 0.0481 0.0022 0.0003 0.0502 0.1231 0.2084 0.0486 0.0026 0.0073 
0.0546 0.0315 0.0992 0.0930 0.0030 0.0318 0.0014 0.0264 0.0006 0.0002 0.0300 0.0032 0.5796 0.0305 0.0075 0.0075 
0.0329 0.0188 0.0185 0.2441 0.0029 0.0204 0.0032 0.0172 0.0001 0.0001 0.0190 0.0077 0.5929 0.0158 0.0043 0.0024 
0.0359 0.0177 0.0032 0.2422 0.0021 0.0312 0.0035 0.0187 0.0013 0.0001 0.0214 0.0037 0.5968 0.0169 0.0016 0.0040 
0.0486 0.0248 0.0096 0.0888 0.0034 0.0391 0.0019 0.0270 0.0024 0.0005 0.0335 0.0091 0.6778 0.0233 0.0072 0.0030 
0.0419 0.0519 0.0040 0.0975 0.0070 0.0257 0.0054 0.0212 0.0008 0.0001 0.0256 0.0101 0.6742 0.0211 0.0021 0.0117 
0.0601 0.0297 0.0136 0.1026 0.0008 0.0409 0.0037 0.0292 0.0013 0.0001 0.0292 0.0088 0.6354 0.0294 0.0081 0.0072 
0.0636 0.0375 0.0411 0.0789 0.0021 0.0340 0.0014 0.0310 0.0050 0.0002 0.0409 0.0070 0.5955 0.0323 0.0093 0.0203 
0.0604 0.0297 0.0363 0.0919 0.0069 0.0399 0.0034 0.0326 0.0006 0.0002 0.0345 0.0230 0.5931 0.0316 0.0077 0.0083 
0.1070 0.0971 0.0476 0.0700 0.0417 0.0601 0.0532 0.0588 0.0038 0.0001 0.0529 0.0101 0.1675 0.1679 0.0332 0.0292 
0.1043 0.0471 0.1005 0.0861 0.0042 0.0661 0.0117 0.0561 0.0018 0.0002 0.0454 0.0050 0.0922 0.0462 0.3083 0.0252 
0.1078 0.0454 0.0706 0.0133 0.0105 0.1637 0.0032 0.0419 0.0190 0.0888 0.0679 0.0070 0.0497 0.0422 0.0046 0.2644 
0.1814 0.1131 0.0359 0.0426 0.0065 0.0851 0.0026 0.0779 0.0091 0.0010 0.2409 0.0752 0.0412 0.0746 0.0024 0.0104 
0.1094 0.0706 0.1265 0.0613 0.0077 0.1111 0.0035 0.0578 0.0235 0.0022 0.0685 0.2012 0.0840 0.0532 0.0105 0.0091 
0.1120 0.0858 0.1062 0.0503 0.0086 0.0856 0.0058 0.0609 0.0056 0.0011 0.0788 0.0182 0.2864 0.0577 0.0081 0.0289 
0.1484 0.1092 0.0602 0.0990 0.0045 0.0955 0.0078 0.0791 0.0078 0.0005 0.1129 0.0650 0.1083 0.0757 0.0080 0.0180 
0.1298 0.1313 0.1597 0.0671 0.0042 0.1019 0.0059 0.0620 0.0123 0.0011 0.0709 0.0576 0.0926 0.0608 0.0121 0.0307 
0.1048 0.0788 0.1478 0.1758 0.0107 0.0708 0.0193 0.0551 0.0040 0.0002 0.0548 0.0128 0.0214 0.1887 0.0155 0.0395 
0.0615 0.0527 0.3022 0.2337 0.0043 0.0289 0.0083 0.0345 0.0019 0.0001 0.0297 0.0064 0.0097 0.0299 0.1875 0.0086 
0.0725 0.0329 0.0434 0.1254 0.0155 0.3025 0.0136 0.0331 0.0073 0.0062 0.0430 0.0065 0.0131 0.0321 0.0054 0.2474 
0.1706 0.0494 0.0514 0.0585 0.0102 0.1497 0.0027 0.0519 0.0024 0.0013 0.3543 0.0166 0.0348 0.0401 0.0016 0.0046 
0.0422 0.2914 0.0136 0.0570 0.0056 0.0818 0.0010 0.0302 0.0037 0.0050 0.0278 0.3956 0.0169 0.0219 0.0022 0.0042 
0.1016 0.1658 0.0647 0.1358 0.0050 0.0681 0.0396 0.0521 0.0134 0.0011 0.0725 0.0137 0.1292 0.0526 0.0343 0.0505 
0.0799 0.0444 0.3800 0.0495 0.0038 0.0759 0.0107 0.0412 0.0037 0.0001 0.1117 0.0487 0.0871 0.0396 0.0109 0.0128 
0.1214 0.1043 0.0839 0.0895 0.0050 0.0882 0.0058 0.0663 0.0043 0.0016 0.0693 0.1532 0.1161 0.0596 0.0105 0.0211 
0.0722 0.0460 0.0240 0.4016 0.0038 0.0395 0.0107 0.0390 0.0058 0.0005 0.0468 0.0121 0.2109 0.0401 0.0089 0.0380 
0.1040 0.0558 0.0984 0.1551 0.0046 0.1419 0.0051 0.0511 0.0021 0.0010 0.0570 0.0174 0.2447 0.0466 0.0064 0.0088 
0.1041 0.1424 0.0779 0.1206 0.0088 0.1054 0.0046 0.0623 0.0056 0.0005 0.0770 0.0164 0.2113 0.0524 0.0067 0.0040 
0.0872 0.0811 0.0094 0.2981 0.0115 0.0538 0.0072 0.0508 0.0088 0.0001 0.0501 0.0263 0.2343 0.0656 0.0069 0.0088 
0.1383 0.0816 0.0497 0.0487 0.0401 0.1597 0.0244 0.0738 0.0088 0.0008 0.0746 0.0372 0.1458 0.0684 0.0299 0.0182 
0.1091 0.1206 0.1019 0.0615 0.0110 0.1303 0.0061 0.0632 0.0054 0.0145 0.0966 0.0166 0.0891 0.0557 0.0078 0.1105 
0.1059 0.2487 0.1824 0.0542 0.0040 0.0835 0.0064 0.0446 0.0283 0.0113 0.0442 0.0490 0.0688 0.0430 0.0042 0.0214 
0.1243 0.0665 0.0312 0.0188 0.0073 0.3514 0.0339 0.0532 0.0093 0.0107 0.0776 0.0374 0.1014 0.0535 0.0043 0.0192 
0.0999 0.1214 0.0336 0.0366 0.0066 0.0574 0.0173 0.0591 0.0019 0.0005 0.4234 0.0337 0.0364 0.0522 0.0050 0.0152 
0.0970 0.2008 0.1024 0.0720 0.0027 0.0481 0.0128 0.0403 0.0289 0.0016 0.0409 0.2262 0.0264 0.0436 0.0364 0.0200 
0.0952 0.0471 0.1031 0.0190 0.0137 0.2344 0.0217 0.0454 0.0042 0.0230 0.0500 0.0105 0.2373 0.0542 0.0077 0.0336 
0.0821 0.0508 0.0216 0.0179 0.0153 0.0585 0.0176 0.0510 0.0014 0.0030 0.5244 0.0104 0.0636 0.0739 0.0032 0.0054 
0.0781 0.0808 0.0230 0.0136 0.0045 0.0479 0.0054 0.0369 0.0251 0.0053 0.0701 0.4103 0.0252 0.0383 0.1252 0.0102 
0.0807 0.0427 0.1727 0.0160 0.0030 0.0420 0.0067 0.0422 0.0144 0.0062 0.0450 0.0618 0.1861 0.0377 0.0073 0.2355 
0.1857 0.0645 0.2406 0.0233 0.0042 0.0754 0.0181 0.0594 0.0059 0.0002 0.0703 0.0126 0.1390 0.0596 0.0046 0.0366 
0.1308 0.0660 0.1463 0.0382 0.0030 0.2188 0.0075 0.0626 0.0021 0.0046 0.0747 0.0118 0.1596 0.0607 0.0077 0.0056 
0.1121 0.0779 0.0157 0.1292 0.0027 0.0747 0.0032 0.0583 0.0011 0.0001 0.1872 0.0206 0.2546 0.0546 0.0024 0.0056 
0.0644 0.0347 0.0059 0.2028 0.0013 0.0302 0.0081 0.0296 0.0024 0.0002 0.0379 0.1657 0.3822 0.0291 0.0027 0.0029 
0.0425 0.0200 0.0442 0.1399 0.0006 0.0235 0.0010 0.0193 0.0024 0.0001 0.0195 0.0080 0.6379 0.0230 0.0097 0.0086 
0.0463 0.0232 0.0211 0.0371 0.0043 0.0810 0.0054 0.0230 0.0008 0.0003 0.0254 0.0040 0.6928 0.0225 0.0099 0.0029 
0.0478 0.0888 0.0040 0.0467 0.0058 0.0299 0.0002 0.0259 0.0002 0.0001 0.0457 0.0034 0.6671 0.0257 0.0032 0.0058 
0.0569 0.0382 0.0026 0.1179 0.0014 0.0385 0.0064 0.0268 0.0051 0.0001 0.0275 0.0549 0.5824 0.0292 0.0062 0.0061 
0.0434 0.0225 0.1204 0.0495 0.0013 0.0219 0.0032 0.0198 0.0019 0.0003 0.0294 0.0042 0.6200 0.0249 0.0204 0.0168 
0.0500 0.0343 0.0193 0.1054 0.0022 0.0712 0.0110 0.0260 0.0008 0.0002 0.0265 0.0126 0.5878 0.0241 0.0158 0.0126 
0.0720 0.0754 0.0155 0.2398 0.0022 0.0353 0.0115 0.0335 0.0021 0.0001 0.0398 0.0042 0.2925 0.0327 0.0069 0.1366 
0.0783 0.0371 0.0871 0.1540 0.0019 0.1203 0.0166 0.0361 0.0013 0.0008 0.0401 0.0232 0.3518 0.0401 0.0046 0.0067 
0.1034 0.0548 0.1753 0.1366 0.0053 0.0633 0.0030 0.0553 0.0010 0.0013 0.1865 0.0113 0.1400 0.0494 0.0051 0.0085 
0.1064 0.1066 0.0152 0.1270 0.0040 0.1785 0.0046 0.0566 0.0058 0.0014 0.0585 0.2349 0.0157 0.0535 0.0105 0.0209 
0.1205 0.0798 0.0886 0.1836 0.0136 0.0672 0.0059 0.0583 0.0038 0.0003 0.1394 0.0169 0.1284 0.0580 0.0091 0.0265 
0.0844 0.0514 0.0094 0.0158 0.0089 0.4288 0.0026 0.0489 0.0014 0.0008 0.0409 0.1288 0.1170 0.0407 0.0030 0.0171 
0.0894 0.0521 0.0094 0.0133 0.0011 0.0476 0.0016 0.0486 0.0072 0.0011 0.4191 0.0034 0.2444 0.0462 0.0040 0.0117 
0.0653 0.0613 0.0121 0.0069 0.0019 0.0401 0.0054 0.0292 0.0102 0.0008 0.0422 0.5513 0.1233 0.0391 0.0062 0.0046 
0.0615 0.0326 0.0500 0.0152 0.0024 0.0366 0.0029 0.0288 0.0010 0.0001 0.0342 0.0391 0.6511 0.0294 0.0065 0.0088 
0.0601 0.0289 0.0524 0.0169 0.0016 0.0348 0.0021 0.0302 0.0016 0.0003 0.0328 0.0105 0.6638 0.0348 0.0046 0.0244 
0.0575 0.0329 0.0187 0.0104 0.0019 0.0482 0.0048 0.0294 0.0013 0.0001 0.0316 0.0118 0.7068 0.0303 0.0093 0.0053 
0.0518 0.0542 0.0113 0.0296 0.0018 0.0260 0.0042 0.0272 0.0016 0.0001 0.0351 0.0050 0.7135 0.0251 0.0061 0.0078 
0.0553 0.0244 0.0073 0.1160 0.0013 0.0291 0.0102 0.0241 0.0026 0.0001 0.0241 0.0070 0.6490 0.0236 0.0032 0.0227 
0.0470 0.0262 0.0570 0.0070 0.0358 0.0799 0.0380 0.0232 0.0003 0.0001 0.0238 0.0069 0.6256 0.0235 0.0027 0.0032 
0.0524 0.0668 0.0042 0.0433 0.0038 0.0246 0.0030 0.0792 0.0002 0.0002 0.0519 0.0097 0.6148 0.0256 0.0158 0.0046 
0.0880 0.0481 0.0104 0.1420 0.0016 0.0471 0.0070 0.0479 0.1185 0.0008 0.0439 0.0179 0.2663 0.0423 0.0067 0.1113 
0.1185 0.0459 0.2387 0.0160 0.0035 0.0713 0.0120 0.0415 0.0110 0.0005 0.0473 0.0061 0.3143 0.0428 0.0113 0.0193 
0.0938 0.1446 0.2488 0.0425 0.0062 0.0614 0.0080 0.0569 0.0005 0.0003 0.0695 0.0117 0.1657 0.0460 0.0139 0.0304 
0.1058 0.0597 0.0796 0.0658 0.0257 0.1687 0.0072 0.0572 0.0042 0.0005 0.0800 0.0494 0.2153 0.0542 0.0073 0.0195 
0.1152 0.0712 0.0415 0.0176 0.0744 0.1417 0.0117 0.0684 0.0013 0.0014 0.1760 0.0719 0.1164 0.0728 0.0057 0.0128 
0.1251 0.1309 0.0125 0.0669 0.0021 0.0741 0.0104 0.1444 0.0034 0.0013 0.0847 0.0810 0.1072 0.0636 0.0705 0.0220 
0.1109 0.0545 0.0623 0.0131 0.0061 0.0949 0.0066 0.0490 0.1032 0.0067 0.0575 0.0265 0.2433 0.0486 0.0123 0.1045 
0.1508 0.0524 0.0473 0.0158 0.0064 0.0856 0.0038 0.0541 0.0003 0.0027 0.2928 0.0316 0.1798 0.0522 0.0080 0.0163 
0.1088 0.1289 0.0548 0.0141 0.0085 0.0697 0.0190 0.0556 0.0029 0.0005 0.0689 0.2901 0.0923 0.0590 0.0152 0.0118 
0.0738 0.0468 0.0270 0.0581 0.0024 0.0411 0.0126 0.0361 0.0029 0.0001 0.0516 0.0238 0.5674 0.0334 0.0105 0.0125 
0.0711 0.0339 0.0864 0.0607 0.0050 0.0355 0.0091 0.0339 0.0091 0.0021 0.0430 0.0133 0.5313 0.0313 0.0042 0.0305 
0.0564 0.0351 0.0189 0.0553 0.0016 0.0962 0.0094 0.0321 0.0011 0.0019 0.0297 0.0195 0.5945 0.0296 0.0110 0.0077 
0.0497 0.0312 0.0061 0.0176 0.0081 0.0669 0.0053 0.0248 0.0018 0.0013 0.1276 0.0043 0.6193 0.0241 0.0016 0.0104 
0.0514 0.0375 0.0056 0.0123 0.0018 0.0316 0.0034 0.0307 0.0010 0.0006 0.0519 0.1826 0.5592 0.0243 0.0032 0.0029 
0.0484 0.0259 0.0157 0.0145 0.0008 0.0257 0.0019 0.0236 0.0093 0.0001 0.0452 0.0273 0.7165 0.0295 0.0032 0.0125 
0.0490 0.0236 0.0383 0.0061 0.0016 0.0302 0.0016 0.0238 0.0022 0.0001 0.0249 0.0321 0.7271 0.0236 0.0121 0.0035 
0.0511 0.0510 0.0192 0.0128 0.0022 0.0281 0.0018 0.0252 0.0005 0.0001 0.0387 0.0029 0.7237 0.0257 0.0051 0.0121 
0.0561 0.0257 0.0062 0.0385 0.0011 0.0332 0.0059 0.0256 0.0003 0.0001 0.0264 0.0319 0.7098 0.0265 0.0069 0.0059 
0.0527 0.0313 0.0160 0.0246 0.0048 0.0321 0.0094 0.0280 0.0011 0.0001 0.0307 0.0054 0.7129 0.0375 0.0042 0.0094 
0.0522 0.0278 0.0054 0.0650 0.0059 0.0305 0.0062 0.0268 0.0013 0.0002 0.0305 0.0091 0.6744 0.0252 0.0265 0.0128 
0.0962 0.0508 0.0118 0.0081 0.0198 0.0739 0.0316 0.0479 0.0080 0.0029 0.0589 0.0097 0.1206 0.4234 0.0035 0.0327 
0.0690 0.0356 0.0149 0.0109 0.0008 0.0337 0.0014 0.0383 0.0014 0.0013 0.0679 0.0075 0.0601 0.0342 0.6132 0.0097 
0.0720 0.0506 0.0251 0.0137 0.0027 0.0407 0.0045 0.0369 0.0195 0.0093 0.0426 0.0428 0.0311 0.0399 0.0088 0.5597 
0.3642 0.0674 0.0729 0.0385 0.0040 0.0809 0.0051 0.0647 0.0019 0.0002 0.0745 0.0206 0.1205 0.0646 0.0075 0.0126 
0.1152 0.0805 0.3447 0.0204 0.0026 0.1412 0.0032 0.0578 0.0056 0.0019 0.0845 0.0077 0.0436 0.0580 0.0059 0.0272 
0.1271 0.0854 0.0688 0.2456 0.0035 0.0795 0.0027 0.0631 0.0029 0.0001 0.0995 0.0395 0.1147 0.0615 0.0029 0.0032 
0.1241 0.0652 0.0513 0.2623 0.0093 0.0904 0.0024 0.0639 0.0008 0.0001 0.0741 0.0631 0.1228 0.0615 0.0043 0.0045 
0.1142 0.0623 0.0196 0.2080 0.0045 0.0725 0.0019 0.0612 0.0013 0.0001 0.0698 0.0139 0.2915 0.0601 0.0062 0.0131 
0.0944 0.0696 0.0204 0.2823 0.0104 0.0482 0.0065 0.0494 0.0021 0.0001 0.0468 0.0160 0.2955 0.0455 0.0069 0.0059 
0.1017 0.0561 0.0326 0.1351 0.0094 0.1498 0.0030 0.0551 0.0042 0.0002 0.0511 0.0024 0.2857 0.0514 0.0077 0.0545 
0.0891 0.0425 0.0573 0.0738 0.0032 0.0565 0.0042 0.0436 0.0035 0.0006 0.1072 0.0065 0.4609 0.0401 0.0010 0.0101 
0.0808 0.0658 0.0291 0.0399 0.0067 0.0765 0.0053 0.0412 0.0061 0.0013 0.0506 0.1347 0.4139 0.0396 0.0013 0.0072 
0.0443 0.0316 0.0145 0.1640 0.0026 0.0200 0.0123 0.0238 0.0029 0.0001 0.0475 0.0128 0.5858 0.0219 0.0034 0.0128 
0.0799 0.0417 0.0606 0.1249 0.0034 0.0655 0.0200 0.0423 0.0061 0.0002 0.0404 0.0359 0.3668 0.0629 0.0125 0.0369 
0.0896 0.0620 0.1877 0.0834 0.0091 0.0484 0.0206 0.0471 0.0126 0.0022 0.0417 0.0056 0.2738 0.0457 0.0433 0.0273 
0.0982 0.0917 0.0597 0.0973 0.0240 0.1551 0.0366 0.0596 0.0280 0.0011 0.0516 0.0131 0.0866 0.0533 0.0069 0.1374 
0.1889 0.0653 0.1458 0.0264 0.0272 0.1102 0.0222 0.0625 0.0634 0.0038 0.0628 0.0120 0.0527 0.1190 0.0094 0.0284 
