0.1097 0.0682 0.0895 0.2966 0.0034 0.0931 0.0240 0.0486 0.0101 0.0019 0.1002 0.0281 0.0543 0.0474 0.0048 0.0201 
0.0661 0.1442 0.1433 0.3635 0.0029 0.0369 0.0157 0.0334 0.0115 0.0001 0.0588 0.0316 0.0418 0.0316 0.0038 0.0149 
0.0597 0.0454 0.0514 0.6160 0.0077 0.0385 0.0034 0.0310 0.0043 0.0003 0.0530 0.0165 0.0305 0.0315 0.0027 0.0081 
0.0554 0.0402 0.0874 0.6142 0.0035 0.0351 0.0032 0.0276 0.0104 0.0003 0.0257 0.0091 0.0300 0.0254 0.0035 0.0289 
0.0431 0.0294 0.0915 0.6497 0.0089 0.0356 0.0113 0.0235 0.0021 0.0011 0.0249 0.0104 0.0407 0.0203 0.0027 0.0046 
0.0848 0.0911 0.0419 0.0794 0.0783 0.4119 0.0054 0.0457 0.0182 0.0013 0.0470 0.0158 0.0230 0.0420 0.0088 0.0054 
0.0749 0.0478 0.0067 0.0573 0.0562 0.0752 0.0203 0.0617 0.0075 0.0078 0.4628 0.0209 0.0393 0.0565 0.0016 0.0034 
0.0762 0.0634 0.0320 0.0144 0.0070 0.0636 0.0149 0.0812 0.0364 0.0086 0.0658 0.1187 0.0289 0.0489 0.3376 0.0024 
0.0425 0.0994 0.0283 0.0422 0.0024 0.0289 0.0078 0.0262 0.0601 0.0075 0.0347 0.0189 0.0348 0.0216 0.0118 0.5329 
0.3260 0.0839 0.2076 0.0396 0.0022 0.0503 0.0077 0.0455 0.0174 0.0046 0.0471 0.0136 0.0217 0.0458 0.0121 0.0747 
0.0727 0.0336 0.5450 0.0727 0.0081 0.0997 0.0037 0.0328 0.0008 0.0032 0.0465 0.0048 0.0347 0.0318 0.0070 0.0030 
0.0949 0.1383 0.0174 0.1802 0.0149 0.3297 0.0011 0.0625 0.0002 0.0011 0.0594 0.0220 0.0217 0.0471 0.0045 0.0050 
0.0816 0.0481 0.0014 0.2414 0.0030 0.1000 0.0040 0.0447 0.0085 0.0006 0.3700 0.0192 0.0302 0.0385 0.0053 0.0035 
0.0773 0.0508 0.0062 0.0171 0.0088 0.0679 0.0061 0.0388 0.0061 0.0027 0.1380 0.4759 0.0599 0.0387 0.0029 0.0029 
0.0490 0.0257 0.0078 0.0123 0.0035 0.0383 0.0018 0.0288 0.0005 0.0006 0.0420 0.1751 0.5856 0.0227 0.0037 0.0026 
0.0449 0.0364 0.0256 0.0019 0.0011 0.0372 0.0051 0.0232 0.0117 0.0006 0.0407 0.0411 0.6966 0.0217 0.0050 0.0072 
0.0460 0.0252 0.0220 0.0030 0.0029 0.0299 0.0252 0.0228 0.0006 0.0008 0.0385 0.0268 0.7243 0.0219 0.0035 0.0064 
0.0497 0.0435 0.0094 0.0029 0.0008 0.0254 0.0035 0.0308 0.0005 0.0001 0.0339 0.0286 0.7331 0.0246 0.0024 0.0112 
0.0498 0.0305 0.0065 0.0042 0.0002 0.0236 0.0026 0.0241 0.0113 0.0011 0.0272 0.0180 0.7307 0.0286 0.0073 0.0342 
0.0505 0.0252 0.0126 0.0006 0.0013 0.0329 0.0126 0.0240 0.0002 0.0001 0.0463 0.0072 0.7461 0.0273 0.0081 0.0051 
0.0447 0.0479 0.0080 0.0030 0.0010 0.0209 0.0029 0.0228 0.0003 0.0001 0.0316 0.0500 0.7224 0.0249 0.0050 0.0147 
0.0530 0.0236 0.0024 0.0211 0.0010 0.0260 0.0013 0.0241 0.0026 0.0006 0.0238 0.0214 0.7308 0.0294 0.0088 0.0300 
0.0398 0.0265 0.0986 0.0035 0.0011 0.0196 0.0131 0.0190 0.0030 0.0001 0.0193 0.0024 0.6819 0.0256 0.0118 0.0347 
0.0572 0.0300 0.0243 0.0249 0.0021 0.0527 0.0070 0.0259 0.0003 0.0001 0.0259 0.0035 0.7128 0.0241 0.0042 0.0053 
0.0477 0.0869 0.0248 0.0484 0.0019 0.0220 0.0035 0.0228 0.0022 0.0001 0.0271 0.0034 0.6797 0.0212 0.0027 0.0056 
0.0420 0.0267 0.0224 0.2177 0.0005 0.0233 0.0069 0.0201 0.0021 0.0001 0.0240 0.0192 0.5623 0.0211 0.0048 0.0072 
0.0674 0.0364 0.0641 0.0809 0.0048 0.0555 0.0018 0.0326 0.0002 0.0001 0.0414 0.0089 0.5638 0.0328 0.0059 0.0037 
0.0562 0.0327 0.0051 0.1431 0.0083 0.0369 0.0016 0.0339 0.0011 0.0001 0.0420 0.0142 0.5905 0.0267 0.0059 0.0018 
0.0692 0.0363 0.0029 0.0427 0.1756 0.0490 0.0332 0.0435 0.0027 0.0005 0.0478 0.0147 0.0391 0.4304 0.0032 0.0094 
0.0516 0.0594 0.0222 0.0198 0.0029 0.0291 0.0066 0.0900 0.0043 0.0001 0.0254 0.0134 0.0537 0.0321 0.5838 0.0058 
0.0626 0.0438 0.0216 0.0145 0.0064 0.0471 0.0061 0.0323 0.0307 0.1016 0.0347 0.0034 0.0474 0.0331 0.0053 0.5097 
0.4316 0.0684 0.0232 0.0121 0.0059 0.0885 0.0024 0.0658 0.0016 0.0035 0.0923 0.0102 0.1124 0.0612 0.0141 0.0069 
0.1184 0.0719 0.1875 0.0511 0.0053 0.0644 0.0035 0.0581 0.0026 0.0021 0.1639 0.0987 0.0960 0.0554 0.0046 0.0165 
0.1008 0.0925 0.0286 0.1983 0.0013 0.0567 0.0043 0.0522 0.0045 0.0005 0.0530 0.0799 0.2492 0.0556 0.0134 0.0091 
0.0607 0.0449 0.2051 0.1814 0.0040 0.0452 0.0065 0.0276 0.0024 0.0002 0.0284 0.0073 0.3231 0.0305 0.0150 0.0176 
0.1021 0.0559 0.1029 0.2448 0.0075 0.0825 0.0048 0.0486 0.0010 0.0013 0.0572 0.0035 0.2156 0.0473 0.0064 0.0187 
0.0567 0.0323 0.0391 0.5089 0.0035 0.0415 0.0024 0.0321 0.0008 0.0005 0.0478 0.0101 0.1863 0.0284 0.0048 0.0046 
0.1016 0.0614 0.0104 0.2170 0.0120 0.2013 0.0011 0.0551 0.0026 0.0005 0.0516 0.0521 0.1724 0.0489 0.0077 0.0043 
0.1360 0.0888 0.0145 0.1034 0.0265 0.1189 0.0069 0.0713 0.0032 0.0005 0.1694 0.0064 0.1606 0.0714 0.0107 0.0117 
0.1125 0.0960 0.0291 0.1647 0.0040 0.0706 0.0018 0.0606 0.0019 0.0013 0.0832 0.1301 0.1783 0.0530 0.0027 0.0102 
0.1134 0.0664 0.0248 0.0204 0.0129 0.1373 0.0061 0.0570 0.0086 0.0048 0.0682 0.0583 0.3326 0.0548 0.0153 0.0190 
0.0733 0.0385 0.0121 0.0176 0.0155 0.0407 0.0161 0.0418 0.0003 0.0001 0.1838 0.0094 0.4974 0.0391 0.0065 0.0077 
0.0776 0.0708 0.0115 0.0089 0.0064 0.0538 0.0042 0.0442 0.0016 0.0011 0.0375 0.1746 0.4318 0.0391 0.0259 0.0109 
0.0469 0.0247 0.0016 0.0233 0.0024 0.0255 0.0003 0.0251 0.0152 0.0109 0.0378 0.0040 0.6998 0.0232 0.0042 0.0551 
0.0666 0.0334 0.0227 0.0029 0.0029 0.0355 0.0046 0.0257 0.0050 0.0005 0.0268 0.0292 0.6994 0.0294 0.0042 0.0113 
0.0546 0.0254 0.0398 0.0093 0.0019 0.0485 0.0030 0.0263 0.0003 0.0001 0.0592 0.0064 0.6897 0.0267 0.0050 0.0038 
0.0465 0.0439 0.0251 0.0097 0.0011 0.0241 0.0019 0.0235 0.0016 0.0001 0.0252 0.0858 0.6855 0.0222 0.0014 0.0026 
0.0463 0.0220 0.0005 0.0952 0.0013 0.0222 0.0026 0.0217 0.0010 0.0001 0.0251 0.0048 0.7212 0.0225 0.0048 0.0088 
0.0513 0.0270 0.0099 0.0147 0.0038 0.0324 0.0038 0.0262 0.0001 0.0001 0.0278 0.0080 0.7593 0.0284 0.0043 0.0032 
0.0503 0.0404 0.0040 0.0288 0.0043 0.0246 0.0016 0.0270 0.0005 0.0001 0.0289 0.0032 0.7511 0.0278 0.0027 0.0050 
0.0463 0.0241 0.0027 0.0714 0.0037 0.0259 0.0022 0.0244 0.0026 0.0003 0.0243 0.0086 0.7226 0.0276 0.0059 0.0073 
0.0489 0.0260 0.0371 0.0238 0.0029 0.0327 0.0065 0.0286 0.0021 0.0003 0.0289 0.0083 0.6923 0.0393 0.0070 0.0152 
0.0548 0.0249 0.0123 0.0946 0.0013 0.0308 0.0073 0.0270 0.0026 0.0006 0.0326 0.0089 0.6195 0.0248 0.0319 0.0260 
0.0698 0.0390 0.0366 0.0262 0.0056 0.1322 0.0262 0.0329 0.0067 0.0051 0.0412 0.0174 0.4621 0.0465 0.0024 0.0502 
0.1368 0.1692 0.0673 0.0487 0.0042 0.0598 0.0053 0.0614 0.0016 0.0008 0.0756 0.0197 0.1564 0.0855 0.0794 0.0286 
0.0542 0.0315 0.0268 0.0149 0.0034 0.3097 0.0169 0.0291 0.0054 0.0029 0.0283 0.0262 0.3723 0.0281 0.0213 0.0291 
0.0695 0.0403 0.0222 0.0153 0.0030 0.0355 0.0053 0.0342 0.0027 0.0045 0.4831 0.0070 0.2081 0.0412 0.0035 0.0246 
0.0588 0.0852 0.0107 0.0304 0.0035 0.0339 0.0064 0.0252 0.0080 0.0018 0.0476 0.6210 0.0168 0.0302 0.0134 0.0072 
0.0476 0.0316 0.1531 0.0441 0.0042 0.0240 0.0054 0.0228 0.0065 0.0006 0.0291 0.0283 0.4149 0.0262 0.0198 0.1418 
0.0688 0.0315 0.1390 0.0444 0.0078 0.0973 0.0099 0.0359 0.0032 0.0005 0.0393 0.0129 0.4506 0.0315 0.0051 0.0222 
0.0885 0.1350 0.1269 0.0390 0.0081 0.0548 0.0045 0.0499 0.0034 0.0022 0.0777 0.0227 0.3309 0.0406 0.0032 0.0126 
0.1200 0.0885 0.0160 0.1969 0.0062 0.1298 0.0078 0.0668 0.0094 0.0030 0.0614 0.0989 0.1283 0.0604 0.0019 0.0046 
0.1330 0.0989 0.0671 0.0562 0.0057 0.1174 0.0078 0.0637 0.0155 0.0008 0.0901 0.0080 0.2591 0.0629 0.0067 0.0070 
0.0970 0.0497 0.0358 0.1358 0.0035 0.0498 0.0026 0.0492 0.0014 0.0018 0.0818 0.0423 0.3950 0.0478 0.0026 0.0040 
0.0728 0.0396 0.0256 0.1027 0.0010 0.0391 0.0038 0.0364 0.0038 0.0002 0.0363 0.0490 0.5484 0.0364 0.0037 0.0011 
0.0540 0.0286 0.0037 0.1656 0.0013 0.0287 0.0021 0.0272 0.0018 0.0001 0.0327 0.0029 0.6036 0.0319 0.0078 0.0081 
0.0779 0.0428 0.0149 0.0806 0.0107 0.0541 0.0022 0.0399 0.0001 0.0001 0.0398 0.0064 0.5782 0.0382 0.0093 0.0051 
0.0812 0.0507 0.0240 0.0724 0.0313 0.0486 0.0026 0.0457 0.0001 0.0001 0.0454 0.0014 0.5259 0.0502 0.0050 0.0160 
0.0879 0.0419 0.0083 0.1167 0.0026 0.0475 0.0010 0.0510 0.0043 0.0001 0.0462 0.0099 0.5313 0.0395 0.0086 0.0035 
0.0797 0.0450 0.0310 0.0216 0.0094 0.1018 0.0022 0.0415 0.0251 0.0043 0.0530 0.0284 0.4875 0.0383 0.0034 0.0276 
0.0954 0.1021 0.0110 0.0467 0.0104 0.0494 0.0096 0.0417 0.0006 0.0001 0.0514 0.0157 0.5093 0.0412 0.0043 0.0112 
0.0909 0.0649 0.0316 0.0304 0.0177 0.0922 0.0227 0.0466 0.0035 0.0016 0.0495 0.0192 0.4291 0.0781 0.0037 0.0184 
0.1324 0.0862 0.0305 0.0425 0.0163 0.0811 0.0249 0.0802 0.0152 0.0011 0.0803 0.0177 0.1325 0.1613 0.0814 0.0163 
0.0968 0.0529 0.0553 0.0471 0.0051 0.0617 0.0165 0.0757 0.0139 0.0037 0.0663 0.0342 0.2287 0.0494 0.1165 0.0762 
0.1339 0.0709 0.0526 0.0443 0.0038 0.0586 0.0046 0.0449 0.0660 0.0158 0.0522 0.0225 0.1978 0.0513 0.0144 0.1663 
0.2235 0.0829 0.0778 0.0622 0.0093 0.0868 0.0185 0.0572 0.0136 0.0011 0.0784 0.0414 0.1559 0.0601 0.0137 0.0176 
0.1112 0.1335 0.2101 0.0601 0.0150 0.0835 0.0137 0.0583 0.0077 0.0008 0.0682 0.0327 0.0804 0.0668 0.0187 0.0393 
0.1136 0.0700 0.1187 0.1748 0.0129 0.1133 0.0142 0.0673 0.0093 0.0016 0.0688 0.0230 0.1065 0.0581 0.0200 0.0280 
0.1155 0.1014 0.1773 0.1037 0.0225 0.1116 0.0176 0.0625 0.0105 0.0059 0.0872 0.0265 0.0720 0.0583 0.0107 0.0168 
0.1345 0.1146 0.0805 0.1206 0.0403 0.0997 0.0173 0.0721 0.0129 0.0066 0.0928 0.0593 0.0476 0.0666 0.0089 0.0257 
0.1008 0.0602 0.1019 0.1181 0.0949 0.0684 0.1075 0.0604 0.0072 0.0153 0.0962 0.0468 0.0443 0.0519 0.0058 0.0203 
0.1085 0.1133 0.1435 0.0947 0.0045 0.1248 0.0043 0.1219 0.0115 0.0195 0.0623 0.0315 0.0449 0.0532 0.0358 0.0260 
0.1223 0.0832 0.0388 0.1322 0.0048 0.0711 0.0035 0.0572 0.0569 0.0890 0.1029 0.0158 0.0703 0.0556 0.0149 0.0816 
0.1719 0.0958 0.0478 0.0522 0.0196 0.1455 0.0262 0.0698 0.0027 0.0037 0.1101 0.0832 0.0872 0.0696 0.0097 0.0048 
0.1077 0.1232 0.0543 0.1813 0.0042 0.0689 0.0018 0.0607 0.0006 0.0011 0.0746 0.0938 0.1606 0.0527 0.0019 0.0126 
0.0604 0.0287 0.0588 0.4253 0.0008 0.0372 0.0027 0.0295 0.0078 0.0042 0.0355 0.0438 0.2308 0.0286 0.0038 0.0022 
0.0580 0.0292 0.0629 0.2359 0.0008 0.0372 0.0019 0.0275 0.0011 0.0001 0.0334 0.0121 0.4644 0.0288 0.0045 0.0024 
0.0240 0.0157 0.0077 0.3860 0.0013 0.0157 0.0022 0.0115 0.0001 0.0001 0.0137 0.0061 0.4974 0.0112 0.0038 0.0040 
0.0283 0.0149 0.0081 0.3376 0.0006 0.0337 0.0010 0.0144 0.0001 0.0002 0.0165 0.0021 0.5223 0.0160 0.0018 0.0029 
0.0502 0.0302 0.0032 0.0743 0.0051 0.1240 0.0006 0.0252 0.0002 0.0002 0.0323 0.0059 0.6150 0.0246 0.0070 0.0021 
0.0557 0.0601 0.0013 0.0233 0.0449 0.0422 0.0043 0.0291 0.0001 0.0001 0.0537 0.0155 0.6256 0.0359 0.0035 0.0051 
0.0593 0.0313 0.0008 0.0393 0.0016 0.0302 0.0013 0.0380 0.0002 0.0001 0.0406 0.0351 0.6663 0.0275 0.0224 0.0062 
0.0548 0.0300 0.0174 0.0040 0.0016 0.0251 0.0018 0.0284 0.0070 0.0109 0.0302 0.0192 0.5742 0.0280 0.0089 0.1585 
0.0741 0.0350 0.0280 0.0032 0.0176 0.0645 0.0144 0.0337 0.0021 0.0002 0.0348 0.0115 0.6345 0.0348 0.0097 0.0019 
0.0605 0.0558 0.0204 0.0109 0.0016 0.0374 0.0027 0.0347 0.0003 0.0002 0.0444 0.0037 0.6816 0.0288 0.0022 0.0149 
0.0511 0.0254 0.0019 0.0666 0.0006 0.0351 0.0022 0.0252 0.0101 0.0062 0.0449 0.0398 0.6611 0.0252 0.0022 0.0021 
0.0526 0.0326 0.0139 0.0056 0.0027 0.0367 0.0010 0.0257 0.0002 0.0001 0.0305 0.0217 0.7428 0.0264 0.0050 0.0029 
0.0458 0.0254 0.0016 0.0570 0.0013 0.0270 0.0013 0.0240 0.0002 0.0001 0.0363 0.0131 0.7388 0.0248 0.0021 0.0016 
0.0524 0.0294 0.0019 0.0430 0.0008 0.0256 0.0011 0.0251 0.0019 0.0001 0.0256 0.0089 0.7536 0.0262 0.0022 0.0024 
0.0481 0.0246 0.0034 0.0494 0.0005 0.0224 0.0034 0.0243 0.0014 0.0002 0.0275 0.0035 0.7470 0.0270 0.0105 0.0070 
0.0497 0.0292 0.0054 0.0115 0.0061 0.0412 0.0093 0.0244 0.0001 0.0001 0.0256 0.0040 0.7544 0.0273 0.0059 0.0062 
0.0435 0.0422 0.0048 0.0467 0.0018 0.0209 0.0050 0.0227 0.0005 0.0001 0.0260 0.0034 0.7247 0.0260 0.0112 0.0209 
0.0465 0.0224 0.0070 0.0672 0.0016 0.0257 0.0054 0.0233 0.0038 0.0013 0.0233 0.0171 0.6856 0.0321 0.0153 0.0224 
0.0452 0.0248 0.0848 0.0198 0.0040 0.0318 0.0066 0.0235 0.0045 0.0002 0.0318 0.0067 0.6517 0.0244 0.0198 0.0205 
0.0779 0.0645 0.0361 0.0639 0.0083 0.0807 0.0596 0.0391 0.0038 0.0013 0.0476 0.0168 0.3993 0.0716 0.0056 0.0240 
0.1075 0.1192 0.0557 0.0625 0.0027 0.0621 0.0072 0.0535 0.0043 0.0010 0.0505 0.0204 0.2527 0.0506 0.1206 0.0295 
0.0994 0.0626 0.0704 0.0364 0.0061 0.1944 0.0115 0.0486 0.0163 0.0179 0.0577 0.0235 0.1772 0.0586 0.0165 0.1030 
0.1420 0.0687 0.0514 0.0289 0.0091 0.0946 0.0113 0.0607 0.0018 0.0026 0.3050 0.0273 0.1189 0.0594 0.0081 0.0101 
0.1196 0.0848 0.0268 0.0184 0.0105 0.1238 0.0428 0.0618 0.0077 0.0064 0.1383 0.1860 0.0592 0.0795 0.0155 0.0188 
0.1414 0.0837 0.0344 0.0243 0.0066 0.0805 0.0107 0.0746 0.0089 0.0051 0.1366 0.0898 0.0943 0.0754 0.0807 0.0530 
0.1248 0.0682 0.0530 0.0326 0.0064 0.0740 0.0072 0.0607 0.0126 0.0105 0.0794 0.0805 0.1727 0.0663 0.0121 0.1390 
0.1534 0.0716 0.0754 0.0288 0.0137 0.1006 0.0125 0.0621 0.0070 0.0048 0.0688 0.0482 0.2390 0.0620 0.0150 0.0371 
0.1089 0.0631 0.0977 0.0463 0.0142 0.0877 0.0123 0.0575 0.0085 0.0018 0.1163 0.0219 0.2685 0.0562 0.0101 0.0291 
0.1264 0.0856 0.0853 0.0532 0.0064 0.0869 0.0200 0.0692 0.0118 0.0034 0.1150 0.0877 0.1629 0.0636 0.0077 0.0150 
0.1102 0.0946 0.1526 0.0663 0.0046 0.0843 0.0081 0.0538 0.0216 0.0018 0.0668 0.0819 0.1636 0.0511 0.0137 0.0249 
0.0925 0.0588 0.1426 0.1099 0.0147 0.0775 0.0153 0.0446 0.0077 0.0013 0.0548 0.0292 0.2581 0.0439 0.0129 0.0364 
0.0829 0.0454 0.1796 0.1350 0.0067 0.0607 0.0147 0.0433 0.0013 0.0006 0.0606 0.0235 0.2848 0.0428 0.0050 0.0131 
0.0804 0.0506 0.0452 0.1265 0.0072 0.0901 0.0115 0.0430 0.0083 0.0018 0.0596 0.0513 0.3665 0.0411 0.0099 0.0070 
0.0572 0.0382 0.0097 0.2671 0.0043 0.0356 0.0064 0.0294 0.0073 0.0006 0.0436 0.0227 0.4404 0.0236 0.0080 0.0058 
0.0559 0.0348 0.0257 0.1347 0.0026 0.0602 0.0026 0.0283 0.0075 0.0003 0.0315 0.0328 0.5287 0.0320 0.0083 0.0142 
0.0457 0.0324 0.0406 0.0500 0.0045 0.0535 0.0115 0.0220 0.0008 0.0019 0.0484 0.0110 0.6303 0.0273 0.0125 0.0077 
0.0420 0.0933 0.0174 0.0692 0.0037 0.0414 0.0029 0.0251 0.0014 0.0001 0.0300 0.0355 0.5846 0.0254 0.0081 0.0201 
0.0534 0.0222 0.0276 0.1291 0.0024 0.0292 0.0062 0.0236 0.0032 0.0013 0.0511 0.0165 0.5882 0.0224 0.0085 0.0152 
0.0455 0.0406 0.1987 0.0741 0.0134 0.0211 0.0050 0.0209 0.0021 0.0003 0.0216 0.0436 0.4463 0.0283 0.0065 0.0319 
0.0468 0.0224 0.0144 0.0775 0.0078 0.2021 0.0117 0.0297 0.0001 0.0032 0.0265 0.0101 0.4898 0.0230 0.0291 0.0062 
0.0796 0.1094 0.0385 0.0236 0.0018 0.0481 0.0032 0.0449 0.0086 0.0029 0.1435 0.0107 0.3857 0.0403 0.0035 0.0558 
0.1273 0.0799 0.0046 0.2143 0.0024 0.0645 0.0064 0.0565 0.0077 0.0013 0.0605 0.1699 0.1294 0.0573 0.0078 0.0101 
0.0923 0.0441 0.2500 0.0275 0.0021 0.0784 0.0065 0.0422 0.0008 0.0003 0.0474 0.0065 0.3022 0.0516 0.0240 0.0240 
0.0990 0.0960 0.1802 0.0755 0.0032 0.0613 0.0050 0.0494 0.0018 0.0001 0.0642 0.0091 0.2405 0.0500 0.0295 0.0355 
0.0997 0.0511 0.0286 0.0756 0.0179 0.1200 0.0067 0.0495 0.0011 0.0003 0.0633 0.0217 0.3882 0.0495 0.0102 0.0166 
0.1129 0.0556 0.0770 0.0696 0.0125 0.0535 0.0147 0.0693 0.0010 0.0003 0.1704 0.0347 0.2374 0.0527 0.0094 0.0289 
0.1083 0.0682 0.0567 0.1251 0.0244 0.0597 0.1084 0.0543 0.0267 0.0003 0.0522 0.0725 0.1188 0.0602 0.0105 0.0535 
0.1014 0.0514 0.3621 0.0767 0.0083 0.0746 0.0137 0.0629 0.0014 0.0091 0.0498 0.0083 0.1013 0.0460 0.0201 0.0126 
0.1165 0.1267 0.0979 0.0415 0.0109 0.2115 0.0067 0.0612 0.0225 0.0433 0.0915 0.0097 0.0653 0.0564 0.0067 0.0315 
0.0914 0.0468 0.0104 0.1685 0.0026 0.0893 0.0040 0.0474 0.0067 0.0010 0.2714 0.1026 0.1064 0.0412 0.0077 0.0027 
0.0928 0.0634 0.0334 0.0422 0.0026 0.0697 0.0016 0.0452 0.0062 0.0011 0.0634 0.2221 0.3013 0.0430 0.0070 0.0050 
0.0518 0.0556 0.0053 0.0613 0.0096 0.0537 0.0018 0.0224 0.0021 0.0002 0.0390 0.0188 0.6393 0.0260 0.0030 0.0102 
0.0489 0.0302 0.0120 0.0264 0.0054 0.0570 0.0024 0.0244 0.0003 0.0006 0.0313 0.0251 0.7034 0.0240 0.0040 0.0046 
0.0487 0.0259 0.0115 0.0241 0.0010 0.0310 0.0042 0.0267 0.0019 0.0046 0.0399 0.0161 0.7296 0.0246 0.0019 0.0083 
0.0537 0.0383 0.0032 0.0292 0.0011 0.0246 0.0026 0.0216 0.0032 0.0010 0.0262 0.0451 0.7174 0.0246 0.0042 0.0042 
0.0519 0.0273 0.0286 0.0182 0.0019 0.0291 0.0027 0.0240 0.0001 0.0001 0.0265 0.0128 0.7447 0.0252 0.0050 0.0021 
0.0471 0.0304 0.0078 0.0682 0.0016 0.0264 0.0011 0.0235 0.0006 0.0001 0.0267 0.0067 0.7209 0.0299 0.0038 0.0054 
0.0316 0.0171 0.0029 0.2327 0.0011 0.0131 0.0006 0.0126 0.0022 0.0001 0.0123 0.0053 0.6462 0.0155 0.0051 0.0018 
0.0320 0.0184 0.0184 0.2256 0.0010 0.0145 0.0011 0.0166 0.0010 0.0008 0.0160 0.0021 0.6162 0.0181 0.0089 0.0094 
0.0244 0.0139 0.0110 0.2849 0.0011 0.0150 0.0014 0.0118 0.0003 0.0001 0.0115 0.0013 0.5997 0.0134 0.0056 0.0046 
0.0329 0.0190 0.0080 0.2483 0.0013 0.0233 0.0014 0.0174 0.0005 0.0001 0.0208 0.0016 0.5923 0.0166 0.0035 0.0133 
0.0500 0.0248 0.0051 0.4676 0.0013 0.0214 0.0110 0.0246 0.0018 0.0001 0.0262 0.0069 0.1783 0.0276 0.0168 0.1368 
0.0994 0.0522 0.1823 0.2312 0.0013 0.1547 0.0174 0.0494 0.0008 0.0003 0.0510 0.0053 0.0770 0.0497 0.0141 0.0141 
0.1417 0.0824 0.1245 0.1235 0.0027 0.1606 0.0008 0.0661 0.0019 0.0058 0.1190 0.0051 0.0773 0.0657 0.0101 0.0128 
0.0864 0.1260 0.0062 0.0350 0.0034 0.2853 0.0019 0.0437 0.0016 0.0005 0.1253 0.1930 0.0343 0.0425 0.0029 0.0120 
0.0623 0.0356 0.0029 0.0059 0.0029 0.0481 0.0021 0.0319 0.0008 0.0005 0.3905 0.0688 0.3021 0.0319 0.0075 0.0062 
0.0444 0.0262 0.0078 0.0034 0.0019 0.0246 0.0014 0.0240 0.0016 0.0001 0.0473 0.5316 0.2530 0.0222 0.0032 0.0075 
0.0508 0.0273 0.0089 0.0081 0.0013 0.0259 0.0043 0.0248 0.0027 0.0001 0.0283 0.0609 0.7211 0.0259 0.0045 0.0053 
0.0549 0.0272 0.0147 0.0045 0.0005 0.0366 0.0057 0.0267 0.0008 0.0001 0.0281 0.0073 0.7480 0.0275 0.0101 0.0075 
0.0518 0.0377 0.0257 0.0024 0.0005 0.0262 0.0075 0.0260 0.0001 0.0001 0.0288 0.0056 0.7541 0.0262 0.0032 0.0045 
0.0551 0.0283 0.0045 0.0155 0.0008 0.0260 0.0011 0.0283 0.0006 0.0001 0.0318 0.0050 0.7675 0.0276 0.0064 0.0014 
0.0402 0.0217 0.0085 0.0188 0.0034 0.0264 0.0053 0.0216 0.0038 0.0001 0.0203 0.0048 0.6675 0.1251 0.0064 0.0265 
0.0572 0.0313 0.0323 0.0149 0.0034 0.0264 0.0193 0.0268 0.0008 0.0001 0.0256 0.0035 0.4621 0.0871 0.1904 0.0192 
0.0676 0.0438 0.0375 0.0059 0.0030 0.1217 0.0241 0.0329 0.0051 0.0046 0.0355 0.0013 0.2522 0.0358 0.0714 0.2575 
0.2031 0.0914 0.0637 0.0161 0.0073 0.0506 0.0109 0.0522 0.0053 0.0091 0.1486 0.0089 0.0858 0.0706 0.0252 0.1510 
0.1264 0.0671 0.0473 0.0139 0.0035 0.2407 0.0081 0.0537 0.0035 0.0065 0.0569 0.1749 0.0883 0.0506 0.0494 0.0091 
0.0875 0.0398 0.0136 0.0102 0.0030 0.0548 0.0026 0.0430 0.0046 0.0072 0.4489 0.0228 0.1957 0.0403 0.0077 0.0184 
0.0789 0.0439 0.0050 0.0105 0.0032 0.0383 0.0016 0.0315 0.0045 0.0022 0.1108 0.5728 0.0602 0.0302 0.0011 0.0053 
0.0473 0.0212 0.0144 0.0083 0.0027 0.0457 0.0006 0.0233 0.0011 0.0013 0.0307 0.2531 0.5228 0.0222 0.0014 0.0038 
0.0542 0.0273 0.0121 0.0040 0.0013 0.0353 0.0010 0.0292 0.0010 0.0002 0.0396 0.0208 0.7391 0.0278 0.0037 0.0035 
0.0516 0.0304 0.0027 0.0072 0.0026 0.0321 0.0018 0.0262 0.0011 0.0001 0.0355 0.0313 0.7432 0.0270 0.0026 0.0050 
0.0532 0.0262 0.0030 0.0075 0.0032 0.0280 0.0011 0.0273 0.0006 0.0003 0.0287 0.0313 0.7603 0.0259 0.0021 0.0013 
0.0532 0.0275 0.0040 0.0029 0.0013 0.0310 0.0022 0.0302 0.0024 0.0001 0.0254 0.0099 0.7610 0.0289 0.0027 0.0174 
0.0594 0.0275 0.0064 0.0026 0.0010 0.0299 0.0024 0.0286 0.0016 0.0001 0.0302 0.0016 0.7763 0.0284 0.0030 0.0011 
0.0557 0.0321 0.0072 0.0006 0.0008 0.0278 0.0013 0.0284 0.0013 0.0002 0.0315 0.0059 0.7740 0.0279 0.0013 0.0040 
0.0567 0.0281 0.0005 0.0070 0.0008 0.0273 0.0016 0.0276 0.0003 0.0001 0.0288 0.0102 0.7743 0.0304 0.0026 0.0040 
0.0535 0.0265 0.0150 0.0018 0.0002 0.0260 0.0038 0.0263 0.0010 0.0001 0.0318 0.0054 0.7657 0.0281 0.0054 0.0096 
0.0548 0.0270 0.0075 0.0018 0.0016 0.0348 0.0081 0.0265 0.0001 0.0001 0.0295 0.0059 0.7689 0.0268 0.0037 0.0032 
0.0548 0.0303 0.0034 0.0013 0.0013 0.0287 0.0003 0.0300 0.0001 0.0002 0.0375 0.0078 0.7695 0.0284 0.0018 0.0048 
0.0474 0.0302 0.0013 0.0040 0.0005 0.0305 0.0027 0.0225 0.0035 0.0002 0.0249 0.0233 0.6992 0.0264 0.0067 0.0767 
0.0435 0.0227 0.0387 0.0005 0.0002 0.0305 0.0088 0.0209 0.0006 0.0001 0.0292 0.0081 0.7174 0.0222 0.0484 0.0085 
0.0502 0.0321 0.0219 0.0011 0.0006 0.0259 0.0027 0.0251 0.0005 0.0003 0.0299 0.0212 0.7442 0.0254 0.0024 0.0165 
0.0594 0.0270 0.0022 0.0118 0.0013 0.0262 0.0011 0.0270 0.0002 0.0001 0.0300 0.0102 0.7661 0.0286 0.0034 0.0054 
0.0507 0.0272 0.0077 0.0008 0.0005 0.0441 0.0035 0.0248 0.0002 0.0001 0.0262 0.0096 0.7533 0.0299 0.0046 0.0173 
0.0522 0.0260 0.0062 0.0005 0.0003 0.0466 0.0030 0.0254 0.0001 0.0001 0.0396 0.0054 0.7548 0.0254 0.0080 0.0067 
0.0545 0.0481 0.0022 0.0006 0.0013 0.0246 0.0019 0.0251 0.0018 0.0001 0.0286 0.0220 0.7533 0.0244 0.0022 0.0094 
0.0550 0.0262 0.0094 0.0051 0.0003 0.0251 0.0011 0.0278 0.0001 0.0001 0.0337 0.0099 0.7628 0.0294 0.0013 0.0131 
0.0497 0.0241 0.0117 0.0003 0.0040 0.0546 0.0022 0.0241 0.0003 0.0001 0.0254 0.0222 0.7476 0.0291 0.0027 0.0019 
0.0564 0.0403 0.0011 0.0014 0.0014 0.0260 0.0005 0.0286 0.0001 0.0001 0.0385 0.0035 0.7679 0.0272 0.0029 0.0045 
0.0527 0.0270 0.0006 0.0069 0.0005 0.0257 0.0050 0.0308 0.0026 0.0002 0.0284 0.0220 0.7564 0.0305 0.0034 0.0073 
0.0534 0.0270 0.0072 0.0003 0.0002 0.0289 0.0046 0.0259 0.0019 0.0001 0.0267 0.0056 0.7532 0.0340 0.0155 0.0158 
0.0505 0.0265 0.0244 0.0008 0.0002 0.0291 0.0037 0.0248 0.0013 0.0001 0.0375 0.0014 0.7486 0.0252 0.0117 0.0145 
0.0521 0.0498 0.0181 0.0003 0.0029 0.0256 0.0067 0.0240 0.0002 0.0001 0.0264 0.0137 0.7292 0.0254 0.0022 0.0236 
0.0731 0.0386 0.0355 0.0019 0.0064 0.0361 0.0353 0.0364 0.0003 0.0001 0.0383 0.0057 0.0557 0.5992 0.0190 0.0185 
0.0324 0.0208 0.1008 0.0038 0.0006 0.0134 0.0018 0.0236 0.0014 0.0001 0.0222 0.0070 0.0665 0.0155 0.6711 0.0192 
0.0460 0.0289 0.0089 0.0305 0.0022 0.0214 0.0168 0.0217 0.0249 0.0035 0.0192 0.0075 0.0353 0.0549 0.0037 0.6745 
0.4971 0.0580 0.0398 0.0452 0.0069 0.0610 0.0026 0.0562 0.0019 0.0001 0.0788 0.0043 0.0425 0.0572 0.0379 0.0107 
0.1115 0.1327 0.2108 0.0236 0.0089 0.1439 0.0064 0.0652 0.0046 0.0032 0.0599 0.0447 0.0192 0.0575 0.0123 0.0955 
0.1173 0.0700 0.0188 0.2273 0.0053 0.1131 0.0045 0.0772 0.0075 0.0010 0.2326 0.0067 0.0294 0.0652 0.0107 0.0136 
0.0915 0.3343 0.1506 0.0490 0.0032 0.0409 0.0046 0.0420 0.0192 0.0002 0.0642 0.1195 0.0075 0.0403 0.0065 0.0264 
0.0935 0.0612 0.1967 0.2767 0.0054 0.0730 0.0174 0.0513 0.0157 0.0008 0.0470 0.0435 0.0462 0.0440 0.0102 0.0174 
0.0810 0.0417 0.3607 0.1314 0.0230 0.0981 0.0153 0.0433 0.0158 0.0001 0.0380 0.0155 0.0308 0.0435 0.0145 0.0473 
0.1277 0.0495 0.0369 0.2192 0.0395 0.1748 0.0112 0.0679 0.0514 0.0014 0.0572 0.0088 0.0347 0.0876 0.0067 0.0256 
