0.0811 0.0832 0.1698 0.3774 0.0069 0.0358 0.0283 0.0359 0.0227 0.0016 0.0530 0.0177 0.0334 0.0327 0.0042 0.0164 
0.0955 0.0426 0.0625 0.0428 0.0553 0.4086 0.0430 0.0505 0.0037 0.0073 0.0543 0.0220 0.0532 0.0473 0.0038 0.0077 
0.0660 0.0404 0.0187 0.0268 0.0625 0.0406 0.0061 0.0724 0.0045 0.0064 0.5474 0.0126 0.0348 0.0471 0.0064 0.0073 
0.0476 0.0535 0.0037 0.0578 0.0045 0.0549 0.0019 0.0450 0.0446 0.0142 0.0356 0.5864 0.0077 0.0227 0.0115 0.0085 
0.1058 0.0692 0.0281 0.0086 0.0042 0.0556 0.0061 0.0500 0.0356 0.0081 0.0553 0.0340 0.3780 0.0450 0.0131 0.1034 
0.1143 0.0527 0.0719 0.0224 0.0037 0.0886 0.0042 0.0513 0.0040 0.0003 0.1330 0.0318 0.3577 0.0487 0.0035 0.0120 
0.1237 0.1154 0.0361 0.0189 0.0024 0.0888 0.0034 0.0569 0.0030 0.0010 0.0719 0.1301 0.2793 0.0582 0.0024 0.0088 
0.0642 0.0310 0.0141 0.1385 0.0013 0.0331 0.0011 0.0316 0.0038 0.0001 0.0537 0.0286 0.5613 0.0326 0.0030 0.0021 
0.0733 0.0403 0.0604 0.0414 0.0022 0.0393 0.0027 0.0361 0.0027 0.0002 0.0358 0.0329 0.5824 0.0369 0.0048 0.0086 
0.0489 0.0256 0.0110 0.1192 0.0010 0.0351 0.0026 0.0240 0.0005 0.0001 0.0246 0.0014 0.6694 0.0233 0.0056 0.0080 
0.0494 0.0377 0.0523 0.0427 0.0008 0.0264 0.0032 0.0240 0.0002 0.0001 0.0246 0.0027 0.7065 0.0241 0.0021 0.0037 
0.0449 0.0219 0.0107 0.1227 0.0024 0.0335 0.0054 0.0211 0.0008 0.0001 0.0233 0.0026 0.6834 0.0201 0.0032 0.0042 
0.0430 0.0246 0.0278 0.1160 0.0043 0.0284 0.0027 0.0244 0.0005 0.0001 0.0326 0.0032 0.6494 0.0235 0.0034 0.0165 
0.0502 0.0283 0.0118 0.1181 0.0034 0.0438 0.0038 0.0265 0.0006 0.0005 0.0273 0.0243 0.6260 0.0256 0.0062 0.0037 
0.0494 0.0548 0.0078 0.0235 0.0077 0.0797 0.0051 0.0243 0.0032 0.0010 0.0353 0.0056 0.6581 0.0243 0.0058 0.0145 
0.0572 0.0377 0.0097 0.0615 0.0026 0.0380 0.0056 0.0294 0.0030 0.0002 0.0981 0.0219 0.5890 0.0276 0.0021 0.0165 
0.0879 0.0597 0.1030 0.0307 0.0022 0.0641 0.0048 0.0471 0.0080 0.0022 0.0471 0.0716 0.3832 0.0527 0.0107 0.0249 
0.0757 0.0634 0.1909 0.0342 0.0030 0.0556 0.0066 0.0369 0.0066 0.0003 0.0417 0.0046 0.3950 0.0377 0.0141 0.0337 
0.1096 0.0741 0.1129 0.0444 0.0094 0.1184 0.0153 0.0561 0.0022 0.0051 0.0914 0.0171 0.2142 0.0663 0.0077 0.0558 
0.1263 0.1297 0.1243 0.0479 0.0081 0.0946 0.0080 0.0668 0.0022 0.0011 0.1013 0.0898 0.0743 0.0832 0.0120 0.0305 
0.0962 0.0490 0.0364 0.0625 0.0040 0.0896 0.0038 0.0489 0.0051 0.0006 0.1121 0.0596 0.3482 0.0460 0.0149 0.0230 
0.1102 0.0596 0.0356 0.0562 0.0040 0.0613 0.0104 0.0551 0.0042 0.0006 0.1179 0.0757 0.3165 0.0529 0.0026 0.0372 
0.0944 0.0465 0.0334 0.1018 0.0053 0.0540 0.0024 0.0390 0.0048 0.0003 0.0419 0.1483 0.3814 0.0388 0.0046 0.0032 
0.0770 0.0524 0.1419 0.1206 0.0018 0.0473 0.0054 0.0393 0.0067 0.0003 0.0395 0.0035 0.3367 0.0388 0.0155 0.0733 
0.0874 0.0468 0.1687 0.1806 0.0037 0.0792 0.0112 0.0420 0.0010 0.0003 0.0398 0.0062 0.2801 0.0410 0.0056 0.0064 
0.1053 0.1794 0.0803 0.2678 0.0037 0.0660 0.0029 0.0541 0.0037 0.0005 0.0556 0.0035 0.1116 0.0508 0.0064 0.0085 
0.0655 0.0351 0.0171 0.6178 0.0019 0.0524 0.0077 0.0345 0.0045 0.0001 0.0449 0.0051 0.0679 0.0320 0.0046 0.0089 
0.0824 0.0644 0.2278 0.3441 0.0029 0.0542 0.0035 0.0430 0.0022 0.0001 0.0441 0.0168 0.0565 0.0417 0.0058 0.0109 
0.0663 0.0433 0.0216 0.6472 0.0019 0.0500 0.0030 0.0334 0.0029 0.0001 0.0363 0.0029 0.0450 0.0318 0.0080 0.0065 
0.0647 0.0465 0.0468 0.4417 0.0029 0.2241 0.0035 0.0343 0.0029 0.0003 0.0385 0.0051 0.0280 0.0332 0.0030 0.0244 
0.0893 0.1040 0.0599 0.3988 0.0075 0.1085 0.0040 0.0439 0.0043 0.0003 0.0676 0.0192 0.0383 0.0444 0.0034 0.0066 
0.0965 0.1286 0.0149 0.2395 0.0206 0.1844 0.0045 0.0521 0.0029 0.0006 0.0642 0.0663 0.0602 0.0483 0.0040 0.0125 
0.1246 0.0794 0.0324 0.1591 0.0259 0.1233 0.0118 0.0724 0.0016 0.0026 0.1399 0.0323 0.1025 0.0629 0.0040 0.0254 
0.1251 0.0995 0.0832 0.0471 0.0080 0.1656 0.0034 0.0728 0.0200 0.0064 0.0906 0.0696 0.1035 0.0629 0.0272 0.0152 
0.1262 0.1637 0.0732 0.0537 0.0088 0.1136 0.0206 0.0644 0.0142 0.0061 0.0968 0.0767 0.0668 0.0609 0.0030 0.0514 
0.1417 0.1276 0.1214 0.0658 0.0048 0.0879 0.0280 0.0703 0.0045 0.0003 0.1027 0.0382 0.0911 0.0661 0.0216 0.0281 
0.0748 0.0744 0.3599 0.0473 0.0078 0.0853 0.0439 0.0398 0.0133 0.0013 0.0495 0.0470 0.0839 0.0462 0.0083 0.0174 
0.1245 0.1650 0.0828 0.1243 0.0056 0.1101 0.0040 0.0799 0.0021 0.0027 0.0748 0.0371 0.0834 0.0622 0.0257 0.0160 
0.1021 0.0893 0.1117 0.2111 0.0099 0.0550 0.0177 0.0500 0.0289 0.0016 0.0686 0.0171 0.0169 0.0689 0.0222 0.1290 
0.0933 0.0344 0.2874 0.2812 0.0034 0.0653 0.0042 0.0353 0.0010 0.0013 0.0674 0.0366 0.0101 0.0334 0.0310 0.0149 
0.0713 0.1794 0.3028 0.1718 0.0032 0.0543 0.0045 0.0377 0.0054 0.0008 0.0391 0.0304 0.0110 0.0356 0.0197 0.0331 
0.0898 0.0339 0.0543 0.6559 0.0058 0.0308 0.0045 0.0280 0.0011 0.0002 0.0345 0.0043 0.0203 0.0272 0.0019 0.0077 
0.0572 0.0375 0.1885 0.2712 0.0077 0.3121 0.0011 0.0286 0.0006 0.0022 0.0347 0.0094 0.0128 0.0257 0.0051 0.0056 
0.0561 0.0650 0.0185 0.5625 0.0085 0.0369 0.0019 0.0308 0.0089 0.0002 0.1465 0.0171 0.0070 0.0275 0.0030 0.0094 
0.0620 0.0329 0.0204 0.5033 0.0089 0.0420 0.0026 0.0331 0.0014 0.0014 0.0335 0.2123 0.0131 0.0291 0.0013 0.0027 
0.1296 0.0694 0.0300 0.1587 0.0107 0.1679 0.0026 0.0783 0.0066 0.0016 0.0821 0.0115 0.1630 0.0636 0.0081 0.0163 
0.0982 0.0771 0.0072 0.0743 0.0077 0.2132 0.0051 0.0484 0.0096 0.0003 0.1233 0.0287 0.2503 0.0479 0.0038 0.0048 
0.0916 0.1871 0.0169 0.0562 0.0029 0.0505 0.0021 0.0491 0.0029 0.0014 0.0502 0.0885 0.3447 0.0462 0.0027 0.0070 
0.1089 0.0580 0.0343 0.0984 0.0014 0.0912 0.0113 0.0495 0.0112 0.0002 0.0497 0.0077 0.3995 0.0497 0.0091 0.0198 
0.0859 0.0567 0.2715 0.0779 0.0006 0.0465 0.0072 0.0426 0.0014 0.0001 0.0604 0.0034 0.2736 0.0444 0.0077 0.0201 
0.0850 0.0558 0.1634 0.2327 0.0018 0.0428 0.0030 0.0423 0.0002 0.0001 0.0427 0.0240 0.2481 0.0415 0.0088 0.0080 
0.0708 0.0353 0.0722 0.4783 0.0035 0.0398 0.0022 0.0353 0.0005 0.0001 0.0372 0.0016 0.1764 0.0336 0.0053 0.0081 
0.0797 0.0489 0.0473 0.5226 0.0061 0.0663 0.0011 0.0428 0.0021 0.0001 0.0439 0.0056 0.0847 0.0407 0.0022 0.0061 
0.1005 0.0770 0.0107 0.3466 0.0356 0.1698 0.0089 0.0525 0.0027 0.0005 0.0561 0.0089 0.0609 0.0524 0.0043 0.0126 
0.1150 0.1275 0.0343 0.2853 0.0120 0.0794 0.0019 0.0676 0.0019 0.0024 0.0982 0.0099 0.0743 0.0548 0.0062 0.0294 
0.0906 0.0658 0.0163 0.0115 0.0335 0.3423 0.0096 0.0463 0.0297 0.0091 0.0623 0.1195 0.1021 0.0473 0.0026 0.0115 
0.0842 0.0487 0.0241 0.0201 0.0083 0.0391 0.0077 0.0479 0.0010 0.0029 0.5136 0.0195 0.1174 0.0468 0.0069 0.0118 
0.0903 0.0546 0.0190 0.0233 0.0042 0.0567 0.0096 0.0455 0.0073 0.0029 0.0490 0.4743 0.0561 0.0474 0.0425 0.0173 
0.0747 0.0422 0.0578 0.0324 0.0018 0.0434 0.0032 0.0334 0.0126 0.0013 0.0420 0.0128 0.4859 0.0350 0.0089 0.1126 
0.1704 0.0732 0.1797 0.0449 0.0021 0.0599 0.0042 0.0565 0.0091 0.0006 0.0668 0.0113 0.2030 0.0605 0.0086 0.0490 
0.0797 0.0433 0.3325 0.1158 0.0022 0.0532 0.0043 0.0366 0.0006 0.0001 0.0382 0.0238 0.2282 0.0358 0.0024 0.0034 
0.0983 0.0537 0.0668 0.4020 0.0016 0.0661 0.0027 0.0479 0.0019 0.0001 0.0534 0.0056 0.1479 0.0463 0.0019 0.0038 
0.0928 0.0501 0.0113 0.4741 0.0026 0.1022 0.0019 0.0469 0.0013 0.0001 0.0516 0.0093 0.1027 0.0471 0.0035 0.0026 
0.1086 0.1396 0.0137 0.2597 0.0030 0.0594 0.0019 0.0532 0.0006 0.0001 0.0556 0.0064 0.2353 0.0530 0.0069 0.0030 
0.0594 0.0302 0.0273 0.5142 0.0019 0.0308 0.0016 0.0296 0.0011 0.0001 0.0344 0.0024 0.2183 0.0292 0.0062 0.0134 
0.0840 0.0418 0.1252 0.3308 0.0018 0.0465 0.0042 0.0406 0.0013 0.0001 0.0402 0.0061 0.2305 0.0399 0.0032 0.0042 
0.0739 0.0390 0.0093 0.3215 0.0238 0.0950 0.0027 0.0377 0.0011 0.0005 0.0415 0.0027 0.2953 0.0366 0.0067 0.0126 
0.0987 0.0561 0.0043 0.0648 0.1886 0.1153 0.0035 0.0605 0.0003 0.0005 0.1081 0.0096 0.2260 0.0570 0.0018 0.0048 
0.0942 0.1064 0.0051 0.0695 0.0053 0.0524 0.0008 0.1655 0.0027 0.0016 0.0548 0.0974 0.2829 0.0460 0.0080 0.0073 
0.0837 0.0589 0.0177 0.0388 0.0024 0.0575 0.0214 0.0441 0.1723 0.0019 0.0430 0.0067 0.2607 0.0404 0.0145 0.1359 
0.1388 0.0538 0.1866 0.0145 0.0043 0.1110 0.0069 0.0495 0.0048 0.0001 0.0864 0.0069 0.2722 0.0492 0.0051 0.0101 
0.0842 0.1441 0.2950 0.0305 0.0035 0.0508 0.0026 0.0466 0.0008 0.0006 0.0463 0.0759 0.1696 0.0393 0.0027 0.0073 
0.0856 0.0486 0.0097 0.3073 0.0018 0.1297 0.0056 0.0442 0.0040 0.0001 0.0502 0.0204 0.2180 0.0430 0.0088 0.0232 
0.1015 0.1099 0.1984 0.1219 0.0022 0.0590 0.0070 0.0498 0.0016 0.0001 0.0847 0.0117 0.1773 0.0506 0.0034 0.0209 
0.0885 0.0682 0.0390 0.3666 0.0048 0.0506 0.0043 0.0458 0.0003 0.0014 0.0492 0.0396 0.1840 0.0423 0.0088 0.0065 
0.0880 0.0482 0.1078 0.1276 0.2395 0.0610 0.0586 0.0490 0.0026 0.0006 0.0481 0.0097 0.0474 0.0904 0.0070 0.0142 
0.0955 0.0618 0.0931 0.2958 0.0091 0.0477 0.0043 0.1806 0.0011 0.0003 0.0506 0.0085 0.0332 0.0474 0.0570 0.0139 
0.1181 0.0677 0.0169 0.0497 0.0113 0.2278 0.0034 0.0599 0.0521 0.1380 0.0744 0.0214 0.0454 0.0564 0.0093 0.0482 
0.1823 0.0658 0.0066 0.0197 0.1364 0.0569 0.0160 0.0548 0.0043 0.0048 0.3029 0.0185 0.0674 0.0559 0.0029 0.0048 
0.1225 0.1217 0.0554 0.0390 0.0032 0.0732 0.0051 0.1540 0.0014 0.0024 0.0602 0.0633 0.0607 0.0577 0.1744 0.0058 
0.0786 0.0385 0.0727 0.0435 0.0032 0.0463 0.0030 0.0406 0.0792 0.0764 0.0673 0.0182 0.1377 0.0382 0.0037 0.2530 
0.2630 0.0805 0.0425 0.0610 0.0072 0.0852 0.0034 0.0671 0.0027 0.0002 0.0713 0.0756 0.1609 0.0671 0.0048 0.0075 
0.0912 0.0478 0.1941 0.1085 0.0037 0.0867 0.0064 0.0474 0.0014 0.0003 0.0524 0.0110 0.2875 0.0441 0.0097 0.0077 
0.0781 0.1173 0.0336 0.2023 0.0018 0.0904 0.0024 0.0404 0.0013 0.0001 0.0436 0.0069 0.3341 0.0380 0.0014 0.0086 
0.0714 0.0473 0.0171 0.2916 0.0035 0.0588 0.0029 0.0316 0.0021 0.0014 0.0391 0.0109 0.3846 0.0340 0.0024 0.0013 
0.0577 0.0471 0.0390 0.2206 0.0059 0.0430 0.0027 0.0320 0.0013 0.0005 0.0364 0.0158 0.4536 0.0310 0.0070 0.0064 
0.0706 0.0446 0.0447 0.3251 0.0034 0.0439 0.0083 0.0399 0.0059 0.0001 0.0454 0.0101 0.2462 0.0390 0.0149 0.0581 
0.0896 0.0478 0.1955 0.2856 0.0013 0.0455 0.0115 0.0412 0.0038 0.0003 0.0503 0.0153 0.1363 0.0427 0.0070 0.0262 
0.1014 0.0470 0.1168 0.0169 0.0688 0.2538 0.0241 0.0410 0.0022 0.0027 0.0508 0.0125 0.1909 0.0541 0.0064 0.0105 
0.1171 0.0763 0.0510 0.0184 0.0188 0.1056 0.0089 0.0875 0.0014 0.0008 0.2885 0.0195 0.0815 0.0909 0.0117 0.0222 
0.1369 0.1024 0.0344 0.0259 0.0029 0.1128 0.0062 0.0805 0.0185 0.0174 0.0885 0.0850 0.0786 0.0721 0.1059 0.0320 
0.0963 0.2118 0.1040 0.0323 0.0024 0.0403 0.0046 0.0347 0.0153 0.0029 0.0444 0.0272 0.0685 0.0350 0.0050 0.2754 
0.2323 0.0719 0.2061 0.1160 0.0048 0.0863 0.0113 0.0572 0.0022 0.0013 0.0615 0.0211 0.0332 0.0589 0.0131 0.0228 
0.0521 0.0283 0.5632 0.1632 0.0018 0.0521 0.0018 0.0265 0.0010 0.0002 0.0457 0.0057 0.0209 0.0252 0.0026 0.0099 
0.0569 0.0863 0.0238 0.6552 0.0013 0.0353 0.0019 0.0267 0.0019 0.0003 0.0281 0.0406 0.0109 0.0257 0.0037 0.0014 
0.0564 0.0417 0.0220 0.6996 0.0034 0.0407 0.0029 0.0273 0.0013 0.0001 0.0302 0.0021 0.0374 0.0270 0.0029 0.0054 
0.0498 0.0342 0.0284 0.6444 0.0027 0.0331 0.0008 0.0243 0.0002 0.0001 0.0251 0.0042 0.1250 0.0240 0.0021 0.0021 
0.0372 0.0225 0.0099 0.5634 0.0021 0.0259 0.0011 0.0188 0.0011 0.0001 0.0193 0.0018 0.2772 0.0176 0.0013 0.0010 
0.0409 0.0219 0.0109 0.4760 0.0024 0.0483 0.0010 0.0206 0.0010 0.0001 0.0248 0.0021 0.3278 0.0193 0.0021 0.0011 
0.0621 0.0471 0.0021 0.2942 0.0034 0.0744 0.0003 0.0313 0.0003 0.0003 0.0442 0.0065 0.4011 0.0304 0.0005 0.0016 
0.0438 0.0594 0.0128 0.2192 0.0021 0.0272 0.0002 0.0220 0.0014 0.0001 0.0260 0.0147 0.5461 0.0235 0.0006 0.0011 
0.0276 0.0184 0.0182 0.2460 0.0024 0.0158 0.0006 0.0131 0.0010 0.0001 0.0156 0.0034 0.6208 0.0134 0.0024 0.0014 
0.0422 0.0220 0.0224 0.1813 0.0018 0.0361 0.0019 0.0232 0.0003 0.0001 0.0265 0.0056 0.6094 0.0204 0.0026 0.0043 
0.0297 0.0308 0.0030 0.2670 0.0054 0.0188 0.0021 0.0155 0.0002 0.0001 0.0198 0.0048 0.5791 0.0161 0.0021 0.0056 
0.0332 0.0288 0.0032 0.2823 0.0058 0.0161 0.0022 0.0182 0.0001 0.0003 0.0166 0.0097 0.5581 0.0155 0.0040 0.0059 
0.1045 0.0577 0.0185 0.1326 0.0505 0.0864 0.0161 0.0559 0.0022 0.0011 0.0543 0.0035 0.1211 0.2688 0.0050 0.0217 
0.1233 0.0751 0.0506 0.1010 0.0069 0.0927 0.0050 0.0885 0.0011 0.0010 0.0863 0.0077 0.0808 0.0615 0.2158 0.0029 
0.1310 0.0917 0.0204 0.1281 0.0042 0.0957 0.0021 0.0794 0.0251 0.0102 0.0973 0.0462 0.1032 0.0636 0.0053 0.0968 
0.2183 0.0677 0.0097 0.1773 0.0043 0.0751 0.0053 0.0615 0.0069 0.0003 0.0660 0.0350 0.1760 0.0631 0.0172 0.0163 
0.0794 0.0586 0.2110 0.1072 0.0158 0.0494 0.0224 0.0383 0.0005 0.0003 0.0436 0.0093 0.2845 0.0415 0.0086 0.0296 
0.1123 0.0648 0.1110 0.0398 0.0251 0.1832 0.0070 0.0572 0.0008 0.0011 0.0629 0.0144 0.2199 0.0592 0.0193 0.0220 
0.1015 0.0569 0.0142 0.0094 0.0109 0.2058 0.0101 0.0598 0.0030 0.0113 0.3117 0.0248 0.0869 0.0735 0.0056 0.0147 
0.1058 0.0804 0.0259 0.0157 0.0053 0.0522 0.0019 0.0564 0.0083 0.0083 0.2513 0.1979 0.0688 0.0537 0.0604 0.0078 
0.0973 0.0704 0.0115 0.0150 0.0040 0.0969 0.0097 0.0493 0.0075 0.0059 0.0535 0.1881 0.2558 0.0462 0.0246 0.0642 
0.1093 0.0432 0.0270 0.0129 0.0042 0.0468 0.0026 0.0408 0.0029 0.0010 0.1141 0.0094 0.5023 0.0428 0.0102 0.0305 
0.0794 0.0564 0.0642 0.0144 0.0022 0.0455 0.0034 0.0374 0.0042 0.0003 0.0433 0.2174 0.3824 0.0382 0.0038 0.0075 
0.0613 0.0268 0.0589 0.0342 0.0027 0.0524 0.0034 0.0276 0.0021 0.0002 0.0364 0.0176 0.6412 0.0262 0.0056 0.0034 
0.0663 0.0388 0.0225 0.0291 0.0016 0.0546 0.0065 0.0361 0.0008 0.0001 0.0372 0.0147 0.6489 0.0324 0.0051 0.0054 
0.0550 0.0463 0.0022 0.0393 0.0027 0.0336 0.0059 0.0275 0.0002 0.0001 0.0292 0.0078 0.7162 0.0268 0.0030 0.0043 
0.0530 0.0283 0.0179 0.0176 0.0019 0.0292 0.0035 0.0264 0.0016 0.0001 0.0312 0.0040 0.7463 0.0267 0.0053 0.0073 
0.0510 0.0246 0.0240 0.0165 0.0018 0.0345 0.0016 0.0249 0.0029 0.0002 0.0284 0.0126 0.7422 0.0246 0.0030 0.0073 
0.0498 0.0260 0.0193 0.0153 0.0016 0.0283 0.0022 0.0256 0.0021 0.0006 0.0273 0.0102 0.7438 0.0256 0.0089 0.0133 
0.0483 0.0286 0.0136 0.0174 0.0010 0.0379 0.0091 0.0236 0.0011 0.0001 0.0308 0.0083 0.7429 0.0246 0.0042 0.0088 
0.0484 0.0264 0.0198 0.0318 0.0010 0.0251 0.0021 0.0235 0.0008 0.0002 0.0323 0.0136 0.7407 0.0260 0.0021 0.0064 
0.0427 0.0214 0.0133 0.0463 0.0022 0.0460 0.0040 0.0222 0.0010 0.0001 0.0225 0.0205 0.7148 0.0225 0.0075 0.0131 
0.0465 0.0267 0.0129 0.0216 0.0040 0.0455 0.0053 0.0240 0.0002 0.0001 0.0321 0.0059 0.7330 0.0232 0.0058 0.0136 
0.0462 0.0326 0.0053 0.0096 0.0051 0.0425 0.0045 0.0235 0.0006 0.0013 0.0382 0.0168 0.7254 0.0374 0.0042 0.0070 
0.0465 0.0313 0.0040 0.0137 0.0016 0.0295 0.0014 0.0243 0.0016 0.0003 0.0444 0.0299 0.7276 0.0249 0.0115 0.0075 
0.0412 0.0216 0.0176 0.0065 0.0026 0.0355 0.0040 0.0219 0.0054 0.0005 0.0275 0.0350 0.7062 0.0204 0.0088 0.0454 
0.0492 0.0262 0.0302 0.0040 0.0019 0.0337 0.0091 0.0238 0.0008 0.0001 0.0447 0.0099 0.7282 0.0244 0.0035 0.0105 
0.0410 0.0390 0.0351 0.0045 0.0016 0.0254 0.0029 0.0219 0.0010 0.0010 0.0255 0.0696 0.7016 0.0216 0.0018 0.0067 
0.0471 0.0355 0.0117 0.0192 0.0022 0.0280 0.0038 0.0254 0.0029 0.0001 0.0273 0.0145 0.7320 0.0264 0.0086 0.0155 
0.0428 0.0238 0.0411 0.0225 0.0027 0.0236 0.0500 0.0246 0.0024 0.0001 0.0310 0.0056 0.6118 0.0663 0.0113 0.0406 
0.0652 0.0281 0.1272 0.0531 0.0021 0.0260 0.0158 0.0294 0.0003 0.0003 0.0299 0.0201 0.4917 0.0347 0.0566 0.0195 
0.0725 0.0431 0.0928 0.0142 0.0363 0.0716 0.0740 0.0332 0.0131 0.0027 0.0323 0.0176 0.2933 0.0745 0.0120 0.1168 
0.1434 0.1086 0.0548 0.0289 0.0093 0.1000 0.0195 0.1375 0.0065 0.0005 0.0872 0.0203 0.0706 0.0781 0.0684 0.0664 
0.1257 0.0629 0.0623 0.0046 0.0168 0.1545 0.0347 0.0681 0.1753 0.0150 0.0527 0.0158 0.0465 0.0661 0.0131 0.0858 
