0.0812 0.0537 0.2027 0.2562 0.0014 0.0714 0.0112 0.0519 0.0240 0.0021 0.0748 0.0305 0.0458 0.0458 0.0059 0.0414 
0.0791 0.0489 0.3360 0.2161 0.0083 0.0816 0.0259 0.0337 0.0112 0.0022 0.0446 0.0224 0.0379 0.0339 0.0053 0.0131 
0.0939 0.1324 0.1029 0.3423 0.0176 0.0749 0.0042 0.0427 0.0014 0.0016 0.0853 0.0093 0.0313 0.0414 0.0062 0.0126 
0.0498 0.0668 0.0336 0.6174 0.0048 0.0336 0.0046 0.0286 0.0205 0.0005 0.0641 0.0179 0.0163 0.0243 0.0022 0.0152 
0.0776 0.0444 0.0383 0.4532 0.0105 0.1069 0.0042 0.0411 0.0030 0.0070 0.0428 0.1072 0.0206 0.0382 0.0026 0.0024 
0.1292 0.0735 0.0297 0.1419 0.0133 0.2674 0.0024 0.0805 0.0051 0.0022 0.0960 0.0152 0.0633 0.0628 0.0097 0.0078 
0.1091 0.0696 0.0081 0.0942 0.0069 0.1605 0.0026 0.0573 0.0149 0.0016 0.1955 0.0936 0.1273 0.0530 0.0008 0.0050 
0.0910 0.1584 0.0120 0.0204 0.0037 0.0639 0.0021 0.0428 0.0053 0.0011 0.0468 0.1851 0.3178 0.0418 0.0045 0.0032 
0.0706 0.0428 0.0157 0.0586 0.0019 0.0410 0.0054 0.0358 0.0021 0.0001 0.0522 0.0085 0.6151 0.0348 0.0069 0.0086 
0.0660 0.0382 0.1811 0.0407 0.0013 0.0350 0.0086 0.0342 0.0014 0.0001 0.0463 0.0244 0.4645 0.0327 0.0157 0.0101 
0.0730 0.0446 0.0530 0.1163 0.0034 0.0348 0.0058 0.0334 0.0003 0.0001 0.0358 0.0102 0.5332 0.0351 0.0093 0.0120 
0.1080 0.0577 0.0286 0.0853 0.0677 0.0770 0.0355 0.0558 0.0005 0.0002 0.0573 0.0027 0.2874 0.1072 0.0125 0.0168 
0.1195 0.0787 0.0460 0.0724 0.0118 0.0554 0.0024 0.1072 0.0005 0.0032 0.0744 0.0070 0.2484 0.0573 0.1005 0.0153 
0.1181 0.0674 0.0099 0.0040 0.0839 0.1644 0.0431 0.0690 0.0451 0.0292 0.0661 0.0316 0.1029 0.1249 0.0014 0.0388 
0.1529 0.0706 0.0283 0.0123 0.0094 0.0558 0.0165 0.0874 0.0029 0.0040 0.2704 0.0078 0.0677 0.0551 0.1564 0.0026 
0.1102 0.0939 0.0348 0.0168 0.0029 0.0938 0.0050 0.0652 0.0300 0.0521 0.0658 0.1880 0.0677 0.0575 0.0109 0.1053 
0.2567 0.0802 0.0621 0.0575 0.0029 0.0865 0.0062 0.0773 0.0227 0.0026 0.0856 0.0091 0.0851 0.0762 0.0179 0.0715 
0.1045 0.0567 0.4239 0.0692 0.0032 0.0622 0.0067 0.0443 0.0018 0.0001 0.0612 0.0166 0.0781 0.0454 0.0101 0.0165 
0.0925 0.0415 0.3548 0.2253 0.0021 0.0706 0.0032 0.0364 0.0006 0.0003 0.0457 0.0171 0.0588 0.0329 0.0072 0.0110 
0.0693 0.0418 0.0369 0.5949 0.0061 0.0487 0.0022 0.0375 0.0010 0.0002 0.0409 0.0080 0.0674 0.0353 0.0035 0.0064 
0.1016 0.0599 0.0045 0.0923 0.0684 0.4149 0.0141 0.0522 0.0010 0.0014 0.0540 0.0145 0.0442 0.0597 0.0050 0.0123 
0.0952 0.0610 0.0158 0.0680 0.0057 0.0502 0.0022 0.0759 0.0014 0.0030 0.4154 0.0075 0.1235 0.0455 0.0225 0.0070 
0.0818 0.0708 0.0083 0.0206 0.0050 0.1051 0.0014 0.0447 0.0316 0.0118 0.0419 0.4406 0.0760 0.0398 0.0016 0.0190 
0.0805 0.0286 0.0136 0.0120 0.0019 0.0425 0.0026 0.0304 0.0034 0.0021 0.1173 0.0062 0.6232 0.0281 0.0032 0.0045 
0.0508 0.0390 0.0075 0.0102 0.0024 0.0457 0.0030 0.0244 0.0013 0.0006 0.0640 0.1544 0.5658 0.0246 0.0024 0.0038 
0.0414 0.0248 0.0093 0.0233 0.0016 0.0249 0.0014 0.0211 0.0016 0.0002 0.0321 0.1000 0.6885 0.0244 0.0014 0.0040 
0.0484 0.0235 0.0163 0.0173 0.0022 0.0364 0.0024 0.0257 0.0008 0.0001 0.0254 0.0366 0.7305 0.0244 0.0051 0.0050 
0.0513 0.0335 0.0058 0.0109 0.0019 0.0371 0.0042 0.0272 0.0006 0.0001 0.0283 0.0050 0.7551 0.0276 0.0037 0.0081 
0.0548 0.0323 0.0081 0.0093 0.0014 0.0288 0.0038 0.0262 0.0014 0.0001 0.0260 0.0102 0.7576 0.0310 0.0051 0.0038 
0.0503 0.0288 0.0163 0.0091 0.0008 0.0278 0.0050 0.0251 0.0032 0.0002 0.0273 0.0027 0.7479 0.0256 0.0091 0.0209 
0.0473 0.0222 0.0337 0.0241 0.0011 0.0214 0.0073 0.0219 0.0029 0.0001 0.0249 0.0043 0.6791 0.0238 0.0088 0.0771 
0.0449 0.0203 0.1781 0.0224 0.0038 0.0305 0.0075 0.0201 0.0002 0.0002 0.0198 0.0070 0.6141 0.0190 0.0075 0.0046 
0.0767 0.0538 0.0112 0.0096 0.0088 0.1156 0.0109 0.0426 0.0005 0.0008 0.0519 0.0048 0.5528 0.0478 0.0021 0.0102 
0.0998 0.0863 0.0089 0.0158 0.0014 0.0788 0.0040 0.0537 0.0043 0.0003 0.1003 0.0161 0.4374 0.0529 0.0276 0.0123 
0.0732 0.0431 0.0364 0.0097 0.0024 0.0475 0.0019 0.0367 0.0075 0.0080 0.0762 0.0711 0.5295 0.0367 0.0050 0.0150 
0.0679 0.0358 0.0462 0.0169 0.0024 0.0355 0.0030 0.0310 0.0008 0.0001 0.0401 0.0394 0.6362 0.0300 0.0042 0.0107 
0.0529 0.0268 0.0460 0.0444 0.0021 0.0415 0.0053 0.0262 0.0011 0.0001 0.0303 0.0150 0.6652 0.0265 0.0067 0.0101 
0.0462 0.0299 0.0324 0.0371 0.0042 0.0471 0.0030 0.0238 0.0003 0.0002 0.0296 0.0062 0.7043 0.0235 0.0048 0.0075 
0.0446 0.0254 0.0053 0.0743 0.0073 0.0294 0.0050 0.0259 0.0002 0.0005 0.0356 0.0073 0.6999 0.0272 0.0056 0.0067 
0.0482 0.0342 0.0136 0.0117 0.0048 0.0635 0.0038 0.0255 0.0045 0.0003 0.0240 0.0254 0.6965 0.0271 0.0089 0.0080 
0.0489 0.0286 0.0078 0.0188 0.0016 0.0324 0.0026 0.0240 0.0037 0.0022 0.0599 0.0053 0.7039 0.0243 0.0093 0.0268 
0.0473 0.0280 0.0188 0.0112 0.0027 0.0385 0.0022 0.0225 0.0026 0.0019 0.0342 0.0530 0.6973 0.0257 0.0043 0.0097 
0.0543 0.0369 0.0308 0.0257 0.0026 0.0278 0.0032 0.0259 0.0027 0.0001 0.0366 0.0185 0.6862 0.0299 0.0069 0.0120 
0.0473 0.0254 0.0361 0.0406 0.0018 0.0644 0.0053 0.0248 0.0026 0.0001 0.0262 0.0235 0.6538 0.0264 0.0069 0.0153 
0.0497 0.0339 0.1148 0.0476 0.0011 0.0268 0.0053 0.0249 0.0019 0.0002 0.0356 0.0040 0.6002 0.0236 0.0123 0.0180 
0.0599 0.0342 0.0712 0.1367 0.0032 0.0383 0.0280 0.0315 0.0006 0.0003 0.0305 0.0110 0.5002 0.0369 0.0050 0.0125 
0.0818 0.0473 0.0232 0.0115 0.0105 0.2152 0.0131 0.0393 0.0011 0.0006 0.0459 0.0083 0.4264 0.0411 0.0150 0.0197 
0.0805 0.0492 0.0209 0.0109 0.0310 0.0441 0.0291 0.0435 0.0019 0.0040 0.4195 0.0160 0.0575 0.1716 0.0070 0.0134 
0.0562 0.0342 0.0160 0.0120 0.0013 0.0355 0.0040 0.0434 0.0019 0.0018 0.0303 0.1251 0.0516 0.0270 0.5565 0.0034 
0.0542 0.0284 0.0105 0.0089 0.0019 0.0326 0.0037 0.0281 0.0227 0.0190 0.0553 0.0109 0.2333 0.0281 0.0075 0.4549 
0.2385 0.0457 0.0161 0.0107 0.0032 0.0597 0.0029 0.0428 0.0027 0.0002 0.0650 0.0580 0.3951 0.0434 0.0051 0.0109 
0.0700 0.0361 0.2373 0.0149 0.0022 0.0700 0.0021 0.0342 0.0021 0.0005 0.0641 0.0292 0.3905 0.0352 0.0040 0.0077 
0.0906 0.0542 0.0401 0.0414 0.0029 0.1225 0.0038 0.0430 0.0011 0.0001 0.0497 0.0420 0.4578 0.0427 0.0040 0.0043 
0.0764 0.0590 0.0089 0.0420 0.0069 0.0693 0.0128 0.0391 0.0008 0.0002 0.0612 0.0115 0.5555 0.0375 0.0102 0.0086 
0.0606 0.0396 0.0091 0.0201 0.0117 0.0366 0.0121 0.0329 0.0006 0.0002 0.0398 0.0468 0.6378 0.0380 0.0040 0.0101 
0.0500 0.0262 0.0102 0.0155 0.0035 0.0243 0.0022 0.0288 0.0038 0.0008 0.0329 0.0225 0.7222 0.0302 0.0219 0.0050 
0.0465 0.0240 0.0128 0.0153 0.0029 0.0300 0.0050 0.0238 0.0115 0.0022 0.0236 0.0166 0.7091 0.0371 0.0093 0.0304 
0.0642 0.0283 0.0483 0.0230 0.0029 0.0268 0.0061 0.0229 0.0040 0.0003 0.0275 0.0045 0.6873 0.0313 0.0101 0.0126 
0.0545 0.0265 0.0834 0.0321 0.0022 0.0403 0.0043 0.0257 0.0029 0.0005 0.0302 0.0118 0.6379 0.0256 0.0083 0.0139 
0.0500 0.0336 0.0272 0.0393 0.0034 0.0768 0.0070 0.0256 0.0021 0.0006 0.0351 0.0238 0.6215 0.0244 0.0080 0.0216 
0.0674 0.0551 0.0212 0.0468 0.0053 0.0388 0.0192 0.0348 0.0022 0.0002 0.0468 0.0184 0.5843 0.0393 0.0051 0.0152 
0.0585 0.0372 0.0377 0.0669 0.0030 0.0302 0.0046 0.0364 0.0019 0.0019 0.0393 0.0335 0.5911 0.0308 0.0173 0.0096 
0.0994 0.0732 0.0566 0.0689 0.0374 0.0567 0.0198 0.0524 0.0123 0.0006 0.0508 0.0104 0.0411 0.3292 0.0197 0.0716 
0.0832 0.0377 0.1931 0.0920 0.0030 0.0426 0.0046 0.0490 0.0018 0.0001 0.0409 0.0056 0.0176 0.0363 0.3702 0.0224 
0.0864 0.0435 0.1240 0.0562 0.0058 0.1436 0.0059 0.0430 0.0211 0.0310 0.0505 0.0158 0.0187 0.0390 0.0085 0.3071 
0.2476 0.0885 0.0228 0.1351 0.0158 0.1181 0.0096 0.0719 0.0070 0.0002 0.1307 0.0192 0.0427 0.0749 0.0045 0.0115 
0.0648 0.3008 0.1562 0.2278 0.0021 0.0300 0.0022 0.0377 0.0040 0.0005 0.0323 0.0529 0.0417 0.0326 0.0043 0.0102 
0.0593 0.0316 0.0732 0.6163 0.0080 0.0353 0.0056 0.0235 0.0136 0.0014 0.0257 0.0050 0.0428 0.0227 0.0118 0.0241 
0.0364 0.0353 0.3973 0.3684 0.0070 0.0329 0.0069 0.0225 0.0010 0.0002 0.0196 0.0058 0.0310 0.0177 0.0058 0.0123 
0.0518 0.0478 0.0826 0.6125 0.0347 0.0409 0.0018 0.0318 0.0022 0.0021 0.0268 0.0096 0.0209 0.0264 0.0027 0.0056 
0.0740 0.0455 0.0166 0.0406 0.0353 0.5712 0.0019 0.0476 0.0085 0.0018 0.0615 0.0176 0.0284 0.0366 0.0069 0.0061 
0.0657 0.0585 0.0118 0.0310 0.0423 0.0511 0.0034 0.0436 0.0070 0.0066 0.5826 0.0313 0.0205 0.0344 0.0011 0.0091 
0.0632 0.1089 0.0310 0.0315 0.0037 0.0548 0.0029 0.0557 0.0086 0.0027 0.0323 0.4443 0.0208 0.0289 0.1073 0.0034 
0.0840 0.0513 0.0530 0.0280 0.0016 0.0580 0.0050 0.0470 0.0414 0.0058 0.0631 0.0166 0.1313 0.0441 0.0209 0.3490 
0.1783 0.0606 0.2662 0.0371 0.0070 0.0553 0.0064 0.0521 0.0045 0.0002 0.0730 0.0401 0.1285 0.0559 0.0102 0.0248 
0.0952 0.0581 0.3695 0.1476 0.0059 0.0546 0.0359 0.0407 0.0014 0.0002 0.0380 0.0280 0.0276 0.0542 0.0193 0.0236 
0.0404 0.0292 0.3792 0.3905 0.0038 0.0401 0.0094 0.0192 0.0016 0.0002 0.0180 0.0027 0.0297 0.0187 0.0113 0.0059 
0.0668 0.0411 0.0892 0.4202 0.0123 0.1500 0.0016 0.0299 0.0043 0.0225 0.0420 0.0026 0.0313 0.0289 0.0059 0.0514 
0.0866 0.0681 0.0155 0.5757 0.0029 0.0407 0.0010 0.0337 0.0064 0.0002 0.0601 0.0209 0.0399 0.0326 0.0008 0.0150 
0.0669 0.0351 0.0216 0.4938 0.0152 0.0966 0.0016 0.0331 0.0022 0.0104 0.0351 0.1014 0.0486 0.0323 0.0045 0.0016 
0.1010 0.0558 0.0097 0.1157 0.0112 0.3133 0.0013 0.0645 0.0006 0.0014 0.0987 0.0062 0.1601 0.0498 0.0056 0.0051 
0.0856 0.0470 0.0014 0.0593 0.0042 0.0599 0.0018 0.0435 0.0088 0.0003 0.2439 0.1896 0.2096 0.0427 0.0008 0.0018 
0.0404 0.0435 0.0022 0.0168 0.0032 0.0227 0.0006 0.0201 0.0027 0.0003 0.0217 0.2716 0.5290 0.0193 0.0040 0.0018 
0.0545 0.0272 0.0032 0.0145 0.0022 0.0374 0.0032 0.0291 0.0011 0.0001 0.0324 0.0046 0.7551 0.0267 0.0046 0.0043 
0.0541 0.0385 0.0267 0.0048 0.0003 0.0324 0.0061 0.0305 0.0011 0.0001 0.0316 0.0088 0.7165 0.0286 0.0081 0.0120 
0.0554 0.0343 0.0233 0.0195 0.0011 0.0272 0.0088 0.0259 0.0008 0.0001 0.0281 0.0038 0.7232 0.0292 0.0056 0.0139 
0.0580 0.0283 0.0217 0.0018 0.0109 0.0677 0.0088 0.0278 0.0002 0.0002 0.0371 0.0034 0.6437 0.0395 0.0161 0.0350 
0.0768 0.0409 0.0217 0.0018 0.0540 0.0411 0.0182 0.0444 0.0011 0.0005 0.1318 0.0165 0.0807 0.4318 0.0085 0.0304 
0.0503 0.0308 0.0300 0.0043 0.0016 0.0233 0.0037 0.0703 0.0011 0.0037 0.0302 0.0411 0.0539 0.0236 0.6198 0.0121 
0.0580 0.0339 0.0117 0.0185 0.0016 0.0363 0.0035 0.0297 0.0454 0.0141 0.0318 0.0075 0.0936 0.0292 0.0051 0.5801 
0.4563 0.0634 0.0059 0.0110 0.0038 0.0808 0.0081 0.0626 0.0027 0.0010 0.0926 0.0139 0.1206 0.0637 0.0059 0.0075 
0.1137 0.1678 0.2601 0.0208 0.0022 0.0612 0.0061 0.0573 0.0029 0.0001 0.0752 0.0589 0.1025 0.0553 0.0072 0.0089 
0.1188 0.0554 0.0931 0.2952 0.0032 0.0811 0.0080 0.0511 0.0042 0.0002 0.0594 0.0172 0.1372 0.0476 0.0113 0.0171 
0.0736 0.0674 0.4669 0.0840 0.0061 0.0565 0.0030 0.0391 0.0006 0.0002 0.0345 0.0062 0.1068 0.0346 0.0034 0.0171 
0.0894 0.0521 0.0030 0.0155 0.0144 0.5357 0.0062 0.0452 0.0022 0.0078 0.0527 0.0075 0.1092 0.0446 0.0067 0.0077 
0.0762 0.0478 0.0283 0.0091 0.0018 0.0350 0.0011 0.0460 0.0032 0.0011 0.5684 0.0168 0.1230 0.0353 0.0014 0.0056 
0.0379 0.0227 0.0062 0.0104 0.0011 0.0267 0.0013 0.0182 0.0069 0.0018 0.0196 0.6051 0.2187 0.0187 0.0018 0.0030 
0.0535 0.0246 0.0385 0.0085 0.0013 0.0246 0.0006 0.0251 0.0016 0.0005 0.0439 0.0048 0.7384 0.0257 0.0043 0.0042 
0.0486 0.0296 0.0045 0.0104 0.0018 0.0302 0.0018 0.0243 0.0003 0.0001 0.0257 0.0566 0.7348 0.0243 0.0037 0.0037 
0.0521 0.0260 0.0029 0.0307 0.0014 0.0315 0.0008 0.0270 0.0008 0.0001 0.0286 0.0105 0.7566 0.0283 0.0013 0.0016 
0.0559 0.0265 0.0021 0.0203 0.0008 0.0337 0.0018 0.0286 0.0013 0.0001 0.0280 0.0077 0.7594 0.0270 0.0050 0.0022 
0.0559 0.0288 0.0030 0.0051 0.0013 0.0382 0.0037 0.0276 0.0010 0.0001 0.0291 0.0035 0.7674 0.0288 0.0024 0.0045 
0.0580 0.0300 0.0037 0.0026 0.0005 0.0273 0.0008 0.0289 0.0005 0.0001 0.0319 0.0046 0.7760 0.0299 0.0038 0.0016 
0.0554 0.0288 0.0014 0.0027 0.0005 0.0288 0.0014 0.0275 0.0016 0.0001 0.0291 0.0077 0.7741 0.0286 0.0043 0.0081 
0.0548 0.0270 0.0053 0.0016 0.0003 0.0291 0.0024 0.0275 0.0003 0.0001 0.0292 0.0059 0.7700 0.0299 0.0053 0.0115 
0.0567 0.0275 0.0129 0.0016 0.0002 0.0272 0.0053 0.0264 0.0005 0.0001 0.0278 0.0046 0.7666 0.0270 0.0024 0.0136 
0.0545 0.0273 0.0220 0.0022 0.0006 0.0252 0.0011 0.0260 0.0003 0.0005 0.0337 0.0038 0.7633 0.0287 0.0027 0.0078 
0.0521 0.0265 0.0059 0.0057 0.0042 0.0316 0.0022 0.0276 0.0002 0.0001 0.0295 0.0139 0.6534 0.1291 0.0077 0.0105 
0.0503 0.0260 0.0045 0.0051 0.0013 0.0304 0.0010 0.0248 0.0002 0.0001 0.0268 0.0089 0.7309 0.0256 0.0566 0.0078 
0.0526 0.0267 0.0008 0.0029 0.0011 0.0342 0.0010 0.0268 0.0013 0.0086 0.0351 0.0085 0.7436 0.0297 0.0029 0.0243 
0.0541 0.0355 0.0038 0.0022 0.0016 0.0252 0.0014 0.0264 0.0005 0.0001 0.0299 0.0212 0.7536 0.0287 0.0115 0.0043 
0.0521 0.0249 0.0123 0.0097 0.0016 0.0292 0.0035 0.0264 0.0019 0.0001 0.0300 0.0121 0.7289 0.0284 0.0099 0.0291 
0.0572 0.0278 0.0452 0.0051 0.0008 0.0286 0.0034 0.0259 0.0003 0.0001 0.0260 0.0061 0.7345 0.0268 0.0027 0.0097 
0.0532 0.0281 0.0037 0.0027 0.0018 0.0810 0.0019 0.0252 0.0003 0.0026 0.0284 0.0042 0.7291 0.0262 0.0030 0.0086 
0.0505 0.0323 0.0035 0.0032 0.0018 0.0275 0.0005 0.0259 0.0003 0.0002 0.0987 0.0097 0.7061 0.0270 0.0069 0.0061 
0.0434 0.0230 0.0043 0.0097 0.0005 0.0252 0.0016 0.0217 0.0011 0.0002 0.0308 0.0981 0.7049 0.0252 0.0018 0.0085 
0.0546 0.0265 0.0171 0.0042 0.0008 0.0267 0.0011 0.0268 0.0008 0.0006 0.0300 0.0086 0.7588 0.0297 0.0069 0.0067 
0.0508 0.0267 0.0284 0.0029 0.0050 0.0278 0.0011 0.0252 0.0001 0.0001 0.0267 0.0155 0.7556 0.0256 0.0043 0.0048 
0.0525 0.0256 0.0051 0.0043 0.0008 0.0529 0.0019 0.0319 0.0003 0.0001 0.0289 0.0056 0.7518 0.0267 0.0042 0.0077 
0.0551 0.0340 0.0032 0.0061 0.0005 0.0280 0.0042 0.0254 0.0050 0.0001 0.0348 0.0069 0.7522 0.0276 0.0027 0.0145 
0.0529 0.0270 0.0227 0.0070 0.0016 0.0251 0.0153 0.0252 0.0005 0.0003 0.0343 0.0113 0.7436 0.0260 0.0032 0.0038 
0.0476 0.0265 0.0222 0.0061 0.0051 0.0209 0.0078 0.0252 0.0006 0.0001 0.0299 0.0094 0.7210 0.0294 0.0056 0.0426 
0.0859 0.0438 0.0126 0.0110 0.0195 0.0510 0.0594 0.0442 0.0043 0.0006 0.0438 0.0195 0.0425 0.5316 0.0046 0.0256 
0.0526 0.0275 0.0316 0.0161 0.0013 0.0252 0.0078 0.0522 0.0006 0.0024 0.0361 0.0038 0.0350 0.0259 0.6772 0.0046 
0.0540 0.0588 0.0209 0.0318 0.0014 0.0296 0.0061 0.0288 0.0438 0.0064 0.0265 0.0069 0.0240 0.0304 0.0040 0.6268 
0.4955 0.0583 0.0319 0.0768 0.0037 0.0782 0.0065 0.0578 0.0136 0.0002 0.0636 0.0019 0.0271 0.0591 0.0126 0.0131 
0.0572 0.1396 0.5407 0.0404 0.0022 0.0516 0.0043 0.0324 0.0018 0.0003 0.0407 0.0101 0.0094 0.0297 0.0080 0.0315 
0.0915 0.0754 0.0506 0.5818 0.0040 0.0430 0.0035 0.0353 0.0018 0.0002 0.0436 0.0117 0.0089 0.0337 0.0091 0.0061 
0.0393 0.0278 0.3655 0.4189 0.0051 0.0503 0.0057 0.0212 0.0010 0.0001 0.0211 0.0062 0.0073 0.0171 0.0069 0.0065 
0.0872 0.0866 0.0107 0.1113 0.0110 0.5148 0.0014 0.0511 0.0005 0.0002 0.0476 0.0113 0.0064 0.0414 0.0042 0.0144 
0.0818 0.0433 0.0224 0.0907 0.0436 0.0457 0.0021 0.0447 0.0078 0.0024 0.5367 0.0152 0.0176 0.0399 0.0034 0.0029 
0.0477 0.0425 0.0171 0.0850 0.0037 0.0279 0.0010 0.0348 0.0043 0.0008 0.0256 0.6426 0.0428 0.0222 0.0008 0.0013 
0.0596 0.0310 0.0078 0.0538 0.0026 0.0570 0.0043 0.0307 0.0195 0.0021 0.0326 0.0083 0.6501 0.0286 0.0065 0.0056 
0.0676 0.0343 0.0200 0.0257 0.0037 0.0358 0.0006 0.0324 0.0016 0.0001 0.0736 0.0032 0.6660 0.0321 0.0010 0.0026 
0.0557 0.0319 0.0089 0.0592 0.0008 0.0321 0.0008 0.0308 0.0002 0.0001 0.0283 0.0987 0.6210 0.0270 0.0038 0.0006 
0.0447 0.0268 0.0008 0.1193 0.0006 0.0222 0.0005 0.0219 0.0045 0.0001 0.0252 0.0024 0.7024 0.0225 0.0026 0.0037 
0.0404 0.0190 0.0070 0.2182 0.0003 0.0192 0.0014 0.0187 0.0019 0.0001 0.0217 0.0045 0.6193 0.0190 0.0046 0.0048 
0.0540 0.0297 0.0362 0.0832 0.0019 0.0273 0.0021 0.0257 0.0001 0.0001 0.0259 0.0021 0.6775 0.0263 0.0037 0.0046 
0.0371 0.0219 0.0083 0.2155 0.0026 0.0238 0.0008 0.0200 0.0006 0.0001 0.0192 0.0022 0.6188 0.0181 0.0035 0.0078 
0.0406 0.0292 0.0040 0.4089 0.0026 0.0192 0.0075 0.0204 0.0040 0.0001 0.0206 0.0014 0.3712 0.0214 0.0035 0.0457 
0.0654 0.0316 0.0630 0.1106 0.0064 0.1135 0.0281 0.0336 0.0010 0.0010 0.0457 0.0062 0.4570 0.0315 0.0035 0.0021 
0.0883 0.0634 0.0211 0.0129 0.1651 0.0553 0.0471 0.0468 0.0050 0.0018 0.2139 0.0085 0.0612 0.1979 0.0034 0.0085 
0.0641 0.0396 0.0123 0.0581 0.0195 0.0310 0.0406 0.0851 0.0026 0.0016 0.0518 0.0696 0.0196 0.3046 0.1962 0.0037 
0.0375 0.0220 0.0425 0.0241 0.0014 0.0240 0.0054 0.0411 0.0577 0.0535 0.0208 0.0061 0.0204 0.0201 0.4093 0.2141 
0.1238 0.0465 0.0165 0.0415 0.0097 0.0385 0.0054 0.0339 0.0622 0.0299 0.0321 0.0149 0.0323 0.0300 0.0021 0.4807 
0.2489 0.0588 0.1399 0.0556 0.0230 0.1573 0.0288 0.0663 0.0142 0.0008 0.0717 0.0211 0.0283 0.0588 0.0070 0.0195 
0.1314 0.0589 0.1656 0.0522 0.0326 0.1294 0.0136 0.0739 0.0798 0.0010 0.0698 0.0149 0.0329 0.1059 0.0075 0.0307 
