0.0869 0.0334 0.2109 0.2324 0.0075 0.1994 0.0117 0.0324 0.0040 0.0048 0.0562 0.0284 0.0401 0.0308 0.0061 0.0150 
0.0787 0.1163 0.2704 0.1100 0.0105 0.0786 0.0228 0.0478 0.0016 0.0005 0.1407 0.0163 0.0334 0.0393 0.0064 0.0267 
0.0535 0.0521 0.0078 0.5774 0.0077 0.0315 0.0083 0.0428 0.0066 0.0010 0.0387 0.1018 0.0340 0.0278 0.0054 0.0037 
0.0920 0.0615 0.0133 0.3245 0.0878 0.0957 0.0564 0.0463 0.0398 0.0013 0.0489 0.0149 0.0426 0.0538 0.0121 0.0091 
0.0941 0.0513 0.0236 0.3222 0.0115 0.1659 0.0048 0.0938 0.0043 0.0019 0.1067 0.0204 0.0382 0.0430 0.0081 0.0102 
0.1000 0.1747 0.0997 0.0486 0.0051 0.1080 0.0064 0.0625 0.1749 0.0110 0.0551 0.0597 0.0078 0.0473 0.0045 0.0348 
0.1500 0.1724 0.2829 0.1244 0.0064 0.0489 0.0077 0.0369 0.0316 0.0006 0.0450 0.0139 0.0144 0.0351 0.0094 0.0203 
0.0845 0.0474 0.0217 0.0109 0.0089 0.5527 0.0088 0.0492 0.0005 0.0038 0.0808 0.0337 0.0494 0.0388 0.0051 0.0037 
0.0652 0.0542 0.0113 0.0080 0.0016 0.0642 0.0054 0.0471 0.0144 0.0005 0.5594 0.0925 0.0351 0.0345 0.0016 0.0050 
0.0503 0.1032 0.0022 0.0443 0.0013 0.0224 0.0026 0.0219 0.0110 0.0010 0.0288 0.6178 0.0601 0.0230 0.0056 0.0046 
0.0407 0.0188 0.1211 0.0081 0.0038 0.0300 0.0046 0.0192 0.0006 0.0008 0.0331 0.0131 0.6668 0.0177 0.0113 0.0101 
0.0454 0.0262 0.0399 0.0089 0.0016 0.0375 0.0081 0.0254 0.0002 0.0003 0.0641 0.0212 0.6874 0.0235 0.0011 0.0091 
0.0452 0.0311 0.0013 0.0208 0.0011 0.0256 0.0027 0.0222 0.0032 0.0008 0.0313 0.0848 0.7025 0.0217 0.0046 0.0011 
0.0475 0.0291 0.0024 0.0133 0.0053 0.0244 0.0086 0.0246 0.0010 0.0046 0.0278 0.0165 0.7463 0.0248 0.0147 0.0093 
0.0511 0.0252 0.0061 0.0166 0.0038 0.0307 0.0018 0.0299 0.0002 0.0002 0.0278 0.0073 0.7522 0.0263 0.0043 0.0166 
0.0522 0.0256 0.0078 0.0014 0.0016 0.0514 0.0032 0.0270 0.0030 0.0018 0.0278 0.0131 0.7487 0.0265 0.0034 0.0054 
0.0497 0.0592 0.0034 0.0057 0.0008 0.0235 0.0030 0.0240 0.0034 0.0001 0.0485 0.0075 0.7207 0.0236 0.0096 0.0174 
0.0644 0.0369 0.0403 0.0128 0.0018 0.0294 0.0184 0.0300 0.0005 0.0001 0.0321 0.0433 0.6288 0.0404 0.0077 0.0134 
0.0567 0.0259 0.1224 0.0168 0.0003 0.0275 0.0019 0.0254 0.0001 0.0001 0.0227 0.0054 0.6416 0.0259 0.0181 0.0097 
0.0792 0.0530 0.0396 0.0709 0.0013 0.0481 0.0035 0.0372 0.0056 0.0002 0.0406 0.0014 0.5246 0.0367 0.0094 0.0486 
0.0712 0.0329 0.0313 0.3883 0.0013 0.0292 0.0030 0.0318 0.0008 0.0001 0.0500 0.0019 0.3104 0.0318 0.0081 0.0080 
0.0904 0.0457 0.1032 0.2801 0.0029 0.0583 0.0032 0.0468 0.0005 0.0001 0.0495 0.0404 0.2061 0.0508 0.0136 0.0085 
0.0748 0.0419 0.0037 0.4572 0.0061 0.0463 0.0046 0.0366 0.0011 0.0001 0.0444 0.0051 0.2187 0.0355 0.0165 0.0077 
0.0888 0.0546 0.0099 0.3464 0.0042 0.0878 0.0034 0.0458 0.0030 0.0001 0.0426 0.0166 0.2226 0.0406 0.0022 0.0315 
0.1500 0.0807 0.0225 0.1549 0.0050 0.1037 0.0118 0.0725 0.0121 0.0051 0.1115 0.0078 0.1723 0.0738 0.0050 0.0113 
0.1064 0.1492 0.0875 0.1308 0.0026 0.0952 0.0021 0.0572 0.0102 0.0006 0.0559 0.0329 0.1844 0.0549 0.0126 0.0176 
0.0740 0.0647 0.1061 0.3083 0.0067 0.0440 0.0043 0.0363 0.0102 0.0006 0.0539 0.0086 0.2124 0.0353 0.0120 0.0225 
0.0844 0.0463 0.2786 0.2155 0.0058 0.0473 0.0069 0.0363 0.0003 0.0001 0.0379 0.0200 0.1516 0.0379 0.0040 0.0273 
0.0626 0.0382 0.0284 0.1771 0.0104 0.3030 0.0093 0.0328 0.0016 0.0003 0.0443 0.0144 0.2336 0.0321 0.0081 0.0038 
0.0839 0.3323 0.0141 0.1767 0.0075 0.0406 0.0027 0.0513 0.0022 0.0002 0.0652 0.0145 0.1550 0.0382 0.0029 0.0129 
0.0722 0.0465 0.0163 0.4913 0.0073 0.0575 0.0586 0.0383 0.0187 0.0011 0.0356 0.0361 0.0513 0.0570 0.0057 0.0064 
0.0854 0.0398 0.4194 0.2365 0.0021 0.0471 0.0043 0.0327 0.0019 0.0006 0.0407 0.0021 0.0260 0.0315 0.0177 0.0121 
0.0571 0.0380 0.0742 0.6083 0.0026 0.0342 0.0018 0.0345 0.0016 0.0080 0.0380 0.0205 0.0345 0.0294 0.0053 0.0121 
0.0636 0.0339 0.0096 0.6712 0.0046 0.0340 0.0046 0.0323 0.0011 0.0001 0.0312 0.0126 0.0538 0.0291 0.0101 0.0085 
0.0572 0.0471 0.0395 0.5935 0.0093 0.0427 0.0054 0.0308 0.0075 0.0001 0.0383 0.0037 0.0359 0.0296 0.0149 0.0446 
0.0810 0.0436 0.0409 0.5558 0.0252 0.0786 0.0066 0.0390 0.0011 0.0014 0.0407 0.0118 0.0246 0.0367 0.0077 0.0051 
0.0653 0.1390 0.0604 0.0035 0.0070 0.5295 0.0042 0.0486 0.0104 0.0014 0.0382 0.0155 0.0233 0.0329 0.0061 0.0149 
0.0722 0.0895 0.0058 0.0101 0.0121 0.0519 0.0142 0.0371 0.0099 0.0104 0.5548 0.0233 0.0551 0.0367 0.0030 0.0139 
0.0514 0.0586 0.0513 0.0048 0.0013 0.0383 0.0034 0.0534 0.0024 0.0064 0.0441 0.5490 0.0351 0.0283 0.0703 0.0019 
0.0569 0.0720 0.2985 0.0280 0.0010 0.0292 0.0155 0.0291 0.0553 0.0010 0.0492 0.0209 0.0874 0.0297 0.0505 0.1760 
0.1423 0.0457 0.4038 0.0805 0.0024 0.0514 0.0046 0.0442 0.0010 0.0003 0.0581 0.0401 0.0387 0.0436 0.0094 0.0339 
0.1122 0.0594 0.2718 0.0391 0.0101 0.2189 0.0089 0.0575 0.0002 0.0058 0.0741 0.0205 0.0371 0.0553 0.0117 0.0176 
0.0617 0.0331 0.0026 0.0179 0.4523 0.0689 0.0673 0.0377 0.0008 0.0021 0.1401 0.0182 0.0530 0.0344 0.0058 0.0043 
0.0796 0.0623 0.0050 0.0351 0.0083 0.0383 0.0018 0.4188 0.0003 0.0037 0.0604 0.1954 0.0427 0.0377 0.0058 0.0050 
0.0532 0.0348 0.0048 0.0035 0.0030 0.0951 0.0043 0.0312 0.3780 0.0671 0.0320 0.0460 0.2015 0.0272 0.0070 0.0113 
0.2393 0.0369 0.0244 0.0037 0.0019 0.0415 0.0038 0.0326 0.0035 0.0002 0.1334 0.0081 0.4327 0.0300 0.0008 0.0072 
0.0419 0.0327 0.0257 0.0032 0.0018 0.0374 0.0021 0.0212 0.0013 0.0045 0.0230 0.3083 0.4756 0.0192 0.0016 0.0006 
0.0500 0.0272 0.0013 0.0233 0.0011 0.0259 0.0019 0.0260 0.0010 0.0001 0.0657 0.0107 0.7367 0.0246 0.0021 0.0026 
0.0537 0.0291 0.0029 0.0091 0.0006 0.0260 0.0091 0.0275 0.0019 0.0001 0.0318 0.0449 0.7219 0.0297 0.0022 0.0096 
0.0548 0.0278 0.0109 0.0021 0.0018 0.0438 0.0027 0.0278 0.0002 0.0010 0.0350 0.0050 0.7510 0.0275 0.0069 0.0021 
0.0508 0.0323 0.0216 0.0011 0.0014 0.0291 0.0006 0.0278 0.0005 0.0001 0.0412 0.0121 0.7408 0.0259 0.0048 0.0101 
0.0554 0.0260 0.0066 0.0056 0.0002 0.0383 0.0021 0.0284 0.0018 0.0001 0.0300 0.0452 0.7008 0.0260 0.0018 0.0318 
0.0556 0.0417 0.0409 0.0016 0.0008 0.0265 0.0021 0.0256 0.0024 0.0001 0.0286 0.0058 0.7153 0.0302 0.0027 0.0205 
0.0570 0.0286 0.0179 0.0069 0.0019 0.0591 0.0105 0.0273 0.0002 0.0005 0.0291 0.0093 0.7063 0.0289 0.0109 0.0057 
0.0645 0.0380 0.0372 0.0161 0.0021 0.0315 0.0022 0.0327 0.0003 0.0001 0.0911 0.0045 0.6217 0.0324 0.0081 0.0176 
0.0694 0.0331 0.0101 0.0785 0.0019 0.0342 0.0029 0.0339 0.0010 0.0008 0.0372 0.1123 0.5304 0.0329 0.0018 0.0198 
0.0625 0.0335 0.0466 0.0307 0.0069 0.0361 0.0030 0.0343 0.0013 0.0001 0.0318 0.0054 0.6602 0.0371 0.0058 0.0048 
0.0640 0.0345 0.0089 0.0567 0.0235 0.0882 0.0302 0.0361 0.0013 0.0006 0.0359 0.0048 0.5650 0.0390 0.0081 0.0032 
0.0829 0.0444 0.0042 0.0821 0.0014 0.0422 0.0019 0.0615 0.0034 0.0029 0.0664 0.0120 0.5212 0.0396 0.0158 0.0182 
0.0765 0.0396 0.0034 0.0302 0.0030 0.0508 0.0046 0.0380 0.0280 0.0260 0.0436 0.0559 0.5093 0.0374 0.0034 0.0502 
0.0708 0.0313 0.0147 0.0165 0.0061 0.0430 0.0014 0.0335 0.0003 0.0010 0.0623 0.0056 0.6764 0.0308 0.0045 0.0019 
0.0483 0.0291 0.0153 0.0153 0.0030 0.0305 0.0010 0.0300 0.0029 0.0001 0.0382 0.0550 0.7046 0.0236 0.0016 0.0018 
0.0543 0.0267 0.0053 0.0415 0.0016 0.0312 0.0016 0.0272 0.0014 0.0002 0.0326 0.0195 0.7279 0.0265 0.0011 0.0014 
0.0546 0.0295 0.0042 0.0126 0.0021 0.0517 0.0011 0.0283 0.0005 0.0001 0.0305 0.0093 0.7369 0.0310 0.0048 0.0030 
0.0548 0.0407 0.0064 0.0105 0.0016 0.0315 0.0051 0.0270 0.0010 0.0001 0.0313 0.0059 0.7484 0.0267 0.0058 0.0035 
0.0546 0.0296 0.0131 0.0292 0.0014 0.0246 0.0034 0.0270 0.0021 0.0001 0.0300 0.0059 0.7239 0.0291 0.0054 0.0208 
0.0524 0.0320 0.0214 0.0376 0.0018 0.0305 0.0109 0.0260 0.0030 0.0001 0.0257 0.0093 0.7044 0.0265 0.0101 0.0085 
0.0503 0.0280 0.0377 0.1217 0.0016 0.0249 0.0048 0.0264 0.0042 0.0002 0.0312 0.0019 0.6119 0.0291 0.0046 0.0216 
0.0599 0.0308 0.0312 0.1321 0.0081 0.0318 0.0291 0.0278 0.0030 0.0003 0.0296 0.0067 0.5653 0.0296 0.0054 0.0093 
0.1211 0.0636 0.0182 0.0946 0.0976 0.0634 0.0776 0.0614 0.0043 0.0003 0.0912 0.0081 0.1061 0.1492 0.0070 0.0361 
0.1061 0.0549 0.0272 0.0632 0.0428 0.0655 0.2073 0.0886 0.0070 0.0043 0.0674 0.0276 0.0594 0.1271 0.0415 0.0099 
0.1003 0.0867 0.0276 0.0617 0.0032 0.0593 0.0058 0.1385 0.0516 0.0495 0.0529 0.0128 0.0436 0.0505 0.1994 0.0567 
0.1190 0.0709 0.0155 0.1093 0.0077 0.0565 0.0024 0.0403 0.0891 0.0724 0.0428 0.0078 0.0380 0.0387 0.0038 0.2858 
0.2551 0.0831 0.1918 0.1190 0.0097 0.0735 0.0026 0.0591 0.0061 0.0006 0.0818 0.0069 0.0335 0.0572 0.0126 0.0075 
0.0614 0.0321 0.2954 0.3413 0.0081 0.0807 0.0035 0.0359 0.0016 0.0003 0.0529 0.0307 0.0142 0.0284 0.0054 0.0080 
0.0655 0.0462 0.0152 0.5835 0.0085 0.0995 0.0027 0.0414 0.0021 0.0001 0.0377 0.0390 0.0101 0.0345 0.0070 0.0072 
0.0567 0.0535 0.0157 0.5780 0.0105 0.0763 0.0107 0.0307 0.0109 0.0006 0.0581 0.0241 0.0097 0.0286 0.0286 0.0072 
0.0917 0.0884 0.0176 0.4133 0.0228 0.0963 0.0117 0.0505 0.0040 0.0062 0.0682 0.0411 0.0085 0.0463 0.0053 0.0281 
0.1425 0.0971 0.0367 0.0697 0.0110 0.3218 0.0105 0.0754 0.0094 0.0072 0.0689 0.0439 0.0264 0.0580 0.0141 0.0073 
0.0984 0.0786 0.0260 0.0697 0.0059 0.0674 0.0131 0.0524 0.0187 0.0026 0.4523 0.0281 0.0227 0.0462 0.0046 0.0133 
0.0816 0.1610 0.0548 0.0666 0.0054 0.0583 0.0069 0.0366 0.0264 0.0011 0.0367 0.3945 0.0149 0.0332 0.0134 0.0085 
0.0907 0.0518 0.1077 0.2115 0.0075 0.0690 0.0064 0.0486 0.0105 0.0008 0.0676 0.0133 0.1317 0.0514 0.0300 0.1015 
0.0735 0.0439 0.3844 0.0989 0.0120 0.0655 0.0072 0.0417 0.0030 0.0019 0.0516 0.0271 0.1060 0.0375 0.0142 0.0316 
0.0989 0.1188 0.0235 0.0687 0.0313 0.2545 0.0423 0.0530 0.0042 0.0037 0.0604 0.0391 0.1270 0.0486 0.0086 0.0174 
0.1190 0.1021 0.0323 0.1744 0.0059 0.0716 0.0145 0.0807 0.0117 0.0030 0.2099 0.0259 0.0610 0.0649 0.0115 0.0117 
0.1073 0.0772 0.1077 0.0522 0.0160 0.1109 0.0168 0.0569 0.0377 0.0112 0.0612 0.2133 0.0439 0.0514 0.0190 0.0174 
0.1243 0.1035 0.0422 0.0526 0.0364 0.0909 0.0562 0.0764 0.0062 0.0006 0.1260 0.0273 0.1607 0.0653 0.0105 0.0208 
0.1037 0.0570 0.1190 0.0500 0.0062 0.0898 0.0363 0.0660 0.0284 0.0050 0.0868 0.0682 0.1983 0.0535 0.0212 0.0105 
0.0903 0.1497 0.0668 0.0367 0.0129 0.0661 0.0027 0.0452 0.0219 0.0446 0.0489 0.0467 0.2286 0.0489 0.0177 0.0722 
0.1165 0.1144 0.0888 0.0391 0.0176 0.1532 0.0058 0.0596 0.0048 0.0062 0.0644 0.0230 0.2013 0.0558 0.0173 0.0324 
0.1232 0.0615 0.0559 0.0275 0.0214 0.1237 0.0174 0.0636 0.0034 0.0081 0.2619 0.0240 0.1155 0.0642 0.0136 0.0152 
0.1102 0.0810 0.0447 0.0455 0.0038 0.0583 0.0117 0.0736 0.0046 0.0024 0.1209 0.3016 0.0666 0.0519 0.0150 0.0080 
0.0743 0.0486 0.0133 0.0573 0.0070 0.0406 0.0048 0.0300 0.0185 0.0021 0.0324 0.1019 0.5105 0.0323 0.0061 0.0204 
0.0580 0.0235 0.0428 0.0339 0.0045 0.0428 0.0029 0.0284 0.0006 0.0067 0.0375 0.0056 0.6691 0.0243 0.0128 0.0067 
0.0540 0.0447 0.0229 0.0374 0.0038 0.0443 0.0026 0.0289 0.0050 0.0010 0.0444 0.0268 0.6454 0.0264 0.0038 0.0086 
0.0431 0.0260 0.0069 0.1679 0.0014 0.0217 0.0016 0.0217 0.0056 0.0008 0.0252 0.0295 0.6159 0.0222 0.0051 0.0053 
0.0415 0.0225 0.1218 0.0666 0.0018 0.0254 0.0034 0.0184 0.0018 0.0001 0.0195 0.0107 0.6288 0.0240 0.0043 0.0097 
0.0372 0.0208 0.0529 0.1380 0.0019 0.0252 0.0067 0.0187 0.0003 0.0002 0.0232 0.0040 0.6351 0.0192 0.0101 0.0066 
0.0321 0.0192 0.0197 0.2253 0.0045 0.0176 0.0026 0.0177 0.0005 0.0001 0.0190 0.0037 0.6103 0.0168 0.0051 0.0062 
0.0433 0.0211 0.0179 0.1309 0.0117 0.0826 0.0034 0.0227 0.0011 0.0005 0.0217 0.0139 0.5869 0.0232 0.0118 0.0074 
0.0515 0.0521 0.0083 0.0817 0.0074 0.0256 0.0030 0.0289 0.0010 0.0002 0.0516 0.0040 0.6393 0.0249 0.0066 0.0141 
0.0436 0.0232 0.0062 0.0527 0.0081 0.0647 0.0045 0.0232 0.0043 0.0035 0.0252 0.0632 0.6368 0.0291 0.0046 0.0072 
0.0639 0.0487 0.0105 0.0310 0.0061 0.0313 0.0021 0.0304 0.0040 0.0006 0.0479 0.0065 0.6439 0.0361 0.0160 0.0209 
0.0511 0.0264 0.0304 0.0580 0.0042 0.0391 0.0053 0.0272 0.0064 0.0008 0.0260 0.0572 0.5747 0.0246 0.0094 0.0593 
0.0551 0.0243 0.1331 0.0292 0.0040 0.0297 0.0051 0.0272 0.0011 0.0022 0.0407 0.0040 0.6052 0.0248 0.0059 0.0083 
0.0497 0.0455 0.0203 0.0390 0.0042 0.0844 0.0069 0.0259 0.0037 0.0010 0.0296 0.0497 0.5938 0.0313 0.0085 0.0067 
0.0342 0.1027 0.0069 0.1675 0.0069 0.0171 0.0022 0.0163 0.0030 0.0011 0.0305 0.0075 0.5646 0.0165 0.0072 0.0158 
0.0732 0.0345 0.0666 0.0680 0.0042 0.1190 0.0086 0.0412 0.0006 0.0010 0.0364 0.0494 0.4375 0.0366 0.0064 0.0169 
0.0870 0.0781 0.0612 0.0324 0.0085 0.1030 0.0080 0.0468 0.0062 0.0013 0.0971 0.0061 0.3897 0.0462 0.0152 0.0133 
0.0915 0.1243 0.0171 0.2421 0.0077 0.0435 0.0038 0.0481 0.0026 0.0002 0.0511 0.1107 0.1973 0.0423 0.0089 0.0088 
0.1152 0.0543 0.0880 0.1342 0.0021 0.0989 0.0300 0.0530 0.0064 0.0010 0.0542 0.0288 0.2401 0.0513 0.0101 0.0324 
0.1081 0.0621 0.2062 0.1446 0.0043 0.0821 0.0097 0.0550 0.0051 0.0002 0.0871 0.0086 0.1182 0.0626 0.0105 0.0355 
0.0939 0.0954 0.0321 0.3073 0.0037 0.0688 0.0064 0.0545 0.0018 0.0003 0.0581 0.0583 0.1516 0.0471 0.0134 0.0072 
0.0744 0.0465 0.0414 0.3193 0.0126 0.0529 0.0134 0.0433 0.0048 0.0019 0.0494 0.0126 0.2239 0.0490 0.0104 0.0442 
0.0810 0.0623 0.1462 0.1783 0.0034 0.1398 0.0045 0.0466 0.0046 0.0002 0.0436 0.0236 0.1872 0.0454 0.0157 0.0177 
0.0885 0.0810 0.0684 0.1272 0.0027 0.1301 0.0046 0.0443 0.0035 0.0353 0.0776 0.0177 0.2202 0.0441 0.0046 0.0502 
0.0839 0.0789 0.0446 0.0596 0.0043 0.1774 0.0064 0.0382 0.0019 0.0046 0.0648 0.0358 0.3346 0.0402 0.0053 0.0195 
0.1153 0.1788 0.0273 0.0363 0.0620 0.0767 0.0208 0.0577 0.0042 0.0013 0.1351 0.0367 0.0826 0.1220 0.0061 0.0372 
0.1072 0.1153 0.0946 0.0676 0.0070 0.0808 0.0756 0.0687 0.0016 0.0024 0.0585 0.0522 0.0593 0.0593 0.1230 0.0270 
0.0450 0.0556 0.4233 0.0776 0.0018 0.0361 0.0050 0.0224 0.0292 0.0150 0.0244 0.0158 0.0425 0.0222 0.0093 0.1748 
0.1715 0.0557 0.1576 0.0862 0.0112 0.2354 0.0105 0.0463 0.0097 0.0273 0.0494 0.0166 0.0502 0.0460 0.0172 0.0089 
0.0684 0.0395 0.1133 0.2155 0.0081 0.0665 0.0014 0.0414 0.0013 0.0008 0.3522 0.0133 0.0361 0.0347 0.0026 0.0051 
0.0471 0.0527 0.0005 0.1971 0.0045 0.1792 0.0050 0.0289 0.0013 0.0006 0.0345 0.4064 0.0118 0.0224 0.0056 0.0024 
0.0898 0.0593 0.0069 0.1064 0.0027 0.0494 0.0061 0.0497 0.0034 0.0005 0.1945 0.0184 0.3341 0.0466 0.0078 0.0246 
0.0666 0.0395 0.0165 0.0439 0.0022 0.0556 0.0053 0.0393 0.0014 0.0016 0.0361 0.2929 0.3530 0.0329 0.0040 0.0091 
0.0607 0.0717 0.0320 0.0034 0.0016 0.0598 0.0102 0.0320 0.0038 0.0002 0.0439 0.0038 0.6213 0.0292 0.0105 0.0158 
0.0508 0.0375 0.0958 0.0035 0.0003 0.0802 0.0081 0.0300 0.0024 0.0002 0.0521 0.0172 0.5732 0.0272 0.0062 0.0152 
0.0917 0.0882 0.0990 0.0030 0.0037 0.0516 0.0054 0.0438 0.0013 0.0010 0.0615 0.0564 0.3990 0.0431 0.0212 0.0300 
0.0794 0.0377 0.1154 0.0022 0.0026 0.0532 0.0083 0.0371 0.0001 0.0005 0.0617 0.0273 0.4509 0.0796 0.0131 0.0313 
0.0967 0.0537 0.2103 0.0030 0.0027 0.0922 0.0086 0.0481 0.0030 0.0002 0.1031 0.0235 0.2170 0.0500 0.0545 0.0336 
0.1212 0.1131 0.0241 0.0050 0.0062 0.0682 0.0067 0.0615 0.0019 0.0008 0.0760 0.0928 0.2161 0.0569 0.0299 0.1196 
0.0978 0.0717 0.0896 0.0019 0.0048 0.0791 0.1043 0.0503 0.0024 0.0010 0.0486 0.0262 0.2882 0.0500 0.0147 0.0695 
0.1174 0.1067 0.0994 0.0053 0.0030 0.0711 0.0102 0.0650 0.0021 0.0014 0.1233 0.0109 0.2588 0.0599 0.0182 0.0473 
0.0906 0.0447 0.0931 0.0006 0.0019 0.0968 0.0137 0.0450 0.0050 0.0032 0.0899 0.2307 0.2120 0.0513 0.0107 0.0107 
0.0695 0.0334 0.0449 0.0105 0.0005 0.0292 0.0016 0.0326 0.0046 0.0003 0.2775 0.0685 0.3798 0.0311 0.0042 0.0118 
0.0462 0.0212 0.0112 0.0271 0.0011 0.0185 0.0016 0.0180 0.0019 0.0002 0.0180 0.1889 0.5998 0.0195 0.0030 0.0236 
0.0402 0.0196 0.0410 0.0053 0.0026 0.1118 0.0011 0.0200 0.0001 0.0001 0.0232 0.0016 0.7106 0.0193 0.0024 0.0014 
0.0484 0.0698 0.0006 0.0056 0.0021 0.0291 0.0006 0.0286 0.0005 0.0001 0.0342 0.0168 0.7377 0.0236 0.0013 0.0011 
0.0524 0.0291 0.0001 0.0121 0.0005 0.0323 0.0035 0.0281 0.0026 0.0002 0.0382 0.0343 0.7282 0.0263 0.0030 0.0094 
0.0541 0.0286 0.0179 0.0001 0.0011 0.0374 0.0021 0.0256 0.0010 0.0001 0.0379 0.0182 0.7411 0.0267 0.0042 0.0045 
0.0575 0.0340 0.0086 0.0003 0.0016 0.0256 0.0029 0.0280 0.0006 0.0001 0.0358 0.0115 0.7598 0.0267 0.0035 0.0038 
0.0363 0.0182 0.0045 0.0001 0.0190 0.0211 0.0195 0.0254 0.0003 0.0001 0.0180 0.0125 0.5223 0.2924 0.0029 0.0078 
0.0372 0.0224 0.0093 0.0001 0.0062 0.0198 0.0104 0.0224 0.0018 0.0001 0.0179 0.0027 0.5367 0.0192 0.2837 0.0105 
0.0366 0.0165 0.0059 0.0010 0.0030 0.0168 0.0026 0.0251 0.0010 0.0318 0.0267 0.0059 0.5546 0.0157 0.0005 0.2565 
0.1190 0.0351 0.0070 0.0003 0.0021 0.0310 0.0053 0.0307 0.0064 0.0019 0.0331 0.0220 0.6681 0.0264 0.0050 0.0067 
0.0540 0.0403 0.0112 0.0016 0.0002 0.0433 0.0078 0.0280 0.0046 0.0001 0.0649 0.0118 0.6357 0.0275 0.0115 0.0578 
0.0470 0.0369 0.0630 0.0021 0.0005 0.0340 0.0075 0.0206 0.0003 0.0001 0.0438 0.0535 0.6368 0.0334 0.0024 0.0182 
0.0415 0.0265 0.2371 0.0035 0.0006 0.0155 0.0037 0.0166 0.0003 0.0001 0.0153 0.0297 0.5733 0.0149 0.0168 0.0048 
0.0513 0.0248 0.1798 0.0214 0.0003 0.0530 0.0244 0.0243 0.0034 0.0001 0.0345 0.0050 0.3627 0.0268 0.0086 0.1797 
0.0982 0.0776 0.1960 0.0128 0.0038 0.0692 0.0101 0.0470 0.0003 0.0001 0.0981 0.0174 0.2840 0.0482 0.0077 0.0296 
0.1268 0.1022 0.0791 0.0666 0.0050 0.0631 0.0037 0.0744 0.0002 0.0002 0.0779 0.0858 0.2228 0.0621 0.0201 0.0101 
0.0826 0.0481 0.0196 0.0490 0.2776 0.0700 0.1396 0.0490 0.0091 0.0053 0.0481 0.0254 0.0647 0.0658 0.0064 0.0396 
0.0896 0.0532 0.0607 0.0088 0.1570 0.0850 0.1944 0.1465 0.0016 0.0002 0.0554 0.0097 0.0310 0.0548 0.0326 0.0195 
0.1150 0.0965 0.1132 0.0230 0.0019 0.0620 0.0024 0.1881 0.0294 0.1121 0.0779 0.0254 0.0613 0.0562 0.0161 0.0193 
0.1343 0.0551 0.0275 0.0184 0.0126 0.0602 0.0125 0.0567 0.1024 0.2118 0.0637 0.0407 0.0864 0.0620 0.0158 0.0398 
0.1754 0.2010 0.0984 0.0700 0.0027 0.0704 0.0030 0.0589 0.0157 0.0002 0.0950 0.0171 0.0992 0.0588 0.0089 0.0252 
0.1010 0.0419 0.1089 0.1251 0.0050 0.0786 0.0042 0.0417 0.0018 0.0765 0.0532 0.0995 0.1540 0.0401 0.0024 0.0663 
0.0811 0.0482 0.1562 0.0610 0.0026 0.0620 0.0014 0.0428 0.0006 0.0001 0.0524 0.0155 0.4275 0.0412 0.0042 0.0034 
0.0738 0.0388 0.0018 0.1409 0.0078 0.1537 0.0037 0.0398 0.0042 0.0003 0.0431 0.0807 0.3653 0.0361 0.0078 0.0022 
0.0759 0.1372 0.0104 0.0775 0.0035 0.0442 0.0013 0.0428 0.0013 0.0001 0.0815 0.0059 0.4593 0.0375 0.0042 0.0176 
0.1195 0.0668 0.0463 0.1037 0.0013 0.0663 0.0094 0.0484 0.0061 0.0006 0.0479 0.0946 0.3366 0.0474 0.0006 0.0045 
0.0944 0.0625 0.1238 0.0069 0.0029 0.0834 0.0029 0.0458 0.0016 0.0006 0.0502 0.0021 0.4645 0.0450 0.0077 0.0059 
0.1133 0.0684 0.0160 0.0463 0.0006 0.0572 0.0043 0.0604 0.0030 0.0001 0.1359 0.0118 0.4006 0.0577 0.0105 0.0141 
0.1222 0.0604 0.0118 0.0452 0.0013 0.0652 0.0042 0.0604 0.0018 0.0001 0.0700 0.1610 0.3077 0.0674 0.0113 0.0102 
0.0951 0.0492 0.1463 0.0195 0.0053 0.0467 0.0165 0.0479 0.0067 0.0001 0.0452 0.0171 0.3656 0.0556 0.0479 0.0355 
0.1329 0.0711 0.0334 0.1457 0.0176 0.0751 0.0508 0.0666 0.0104 0.0001 0.0625 0.0070 0.1516 0.0636 0.0328 0.0791 
0.1420 0.0500 0.2746 0.0193 0.0267 0.0730 0.0230 0.0681 0.0422 0.0018 0.0543 0.0035 0.0829 0.0722 0.0061 0.0604 
