0.0845 0.0471 0.1948 0.2274 0.0054 0.1519 0.0260 0.0431 0.0228 0.0029 0.0751 0.0219 0.0339 0.0412 0.0035 0.0184 
0.0821 0.1369 0.1772 0.2312 0.0150 0.0729 0.0088 0.0498 0.0046 0.0021 0.0911 0.0169 0.0390 0.0435 0.0059 0.0230 
0.0816 0.0813 0.0067 0.0478 0.1045 0.3402 0.0550 0.0492 0.0064 0.0045 0.0594 0.0653 0.0415 0.0446 0.0034 0.0086 
0.0836 0.1101 0.0128 0.0532 0.0043 0.0487 0.0123 0.1107 0.0081 0.0085 0.4361 0.0152 0.0302 0.0401 0.0129 0.0131 
0.0772 0.1143 0.0430 0.0395 0.0034 0.0633 0.0062 0.0430 0.1451 0.0149 0.0518 0.3198 0.0137 0.0407 0.0093 0.0150 
0.1612 0.0839 0.3848 0.0550 0.0034 0.0503 0.0096 0.0356 0.0117 0.0003 0.0380 0.0141 0.0387 0.0353 0.0198 0.0585 
0.0813 0.0430 0.4503 0.0971 0.0040 0.1058 0.0104 0.0407 0.0021 0.0005 0.0481 0.0086 0.0435 0.0374 0.0089 0.0184 
0.0971 0.2435 0.1064 0.1913 0.0081 0.1065 0.0051 0.0532 0.0029 0.0006 0.0647 0.0166 0.0375 0.0463 0.0145 0.0056 
0.0511 0.1505 0.0123 0.5741 0.0061 0.0343 0.0078 0.0288 0.0065 0.0003 0.0390 0.0150 0.0139 0.0257 0.0145 0.0200 
0.0950 0.0449 0.0433 0.2053 0.0922 0.2137 0.0673 0.0484 0.0018 0.0024 0.0673 0.0340 0.0275 0.0463 0.0051 0.0056 
0.1293 0.1040 0.1114 0.0807 0.0155 0.0907 0.0040 0.1144 0.0019 0.0018 0.1607 0.0463 0.0598 0.0645 0.0040 0.0110 
0.0957 0.0550 0.0075 0.2417 0.0046 0.0594 0.0061 0.0497 0.0224 0.0441 0.0733 0.1698 0.1166 0.0452 0.0032 0.0058 
0.1379 0.0778 0.0602 0.1039 0.0018 0.0780 0.0058 0.0593 0.0123 0.0029 0.0682 0.0372 0.2730 0.0566 0.0136 0.0117 
0.1119 0.0583 0.1289 0.1634 0.0030 0.0599 0.0072 0.0554 0.0005 0.0022 0.0768 0.0212 0.2319 0.0559 0.0018 0.0217 
0.0876 0.0478 0.0401 0.0356 0.0067 0.1925 0.0013 0.0447 0.0001 0.0016 0.0599 0.0409 0.3881 0.0433 0.0066 0.0034 
0.0572 0.0433 0.0030 0.0628 0.0078 0.0374 0.0006 0.0299 0.0008 0.0008 0.0823 0.0254 0.6170 0.0278 0.0013 0.0026 
0.0599 0.0364 0.0010 0.0287 0.0024 0.0508 0.0010 0.0347 0.0013 0.0005 0.0318 0.0802 0.6306 0.0342 0.0014 0.0053 
0.0519 0.0257 0.0034 0.0073 0.0066 0.0387 0.0030 0.0267 0.0003 0.0002 0.0741 0.0088 0.7199 0.0259 0.0051 0.0024 
0.0451 0.0371 0.0038 0.0029 0.0013 0.0228 0.0008 0.0256 0.0005 0.0001 0.0278 0.1136 0.6870 0.0222 0.0006 0.0091 
0.0540 0.0248 0.0003 0.0326 0.0008 0.0257 0.0016 0.0260 0.0030 0.0003 0.0268 0.0185 0.7458 0.0327 0.0021 0.0048 
0.0518 0.0304 0.0219 0.0026 0.0011 0.0256 0.0014 0.0264 0.0006 0.0001 0.0267 0.0040 0.7602 0.0288 0.0117 0.0072 
0.0518 0.0265 0.0066 0.0080 0.0008 0.0366 0.0094 0.0265 0.0005 0.0001 0.0278 0.0035 0.7614 0.0259 0.0048 0.0101 
0.0559 0.0281 0.0034 0.0083 0.0018 0.0356 0.0003 0.0283 0.0008 0.0002 0.0297 0.0059 0.7696 0.0268 0.0008 0.0045 
0.0542 0.0375 0.0050 0.0061 0.0008 0.0280 0.0018 0.0256 0.0024 0.0002 0.0296 0.0126 0.7502 0.0308 0.0019 0.0136 
0.0483 0.0233 0.0305 0.0035 0.0010 0.0452 0.0059 0.0233 0.0001 0.0001 0.0399 0.0091 0.7344 0.0259 0.0066 0.0030 
0.0482 0.0442 0.0161 0.0019 0.0016 0.0235 0.0019 0.0257 0.0006 0.0001 0.0391 0.0280 0.7387 0.0236 0.0032 0.0035 
0.0450 0.0225 0.0005 0.0562 0.0021 0.0236 0.0040 0.0224 0.0019 0.0001 0.0204 0.0240 0.7096 0.0283 0.0040 0.0355 
0.0495 0.0262 0.0438 0.0054 0.0030 0.0286 0.0096 0.0251 0.0002 0.0001 0.0230 0.0034 0.7385 0.0249 0.0141 0.0050 
0.0503 0.0395 0.0096 0.0091 0.0022 0.0348 0.0046 0.0262 0.0024 0.0011 0.0257 0.0010 0.7335 0.0267 0.0030 0.0302 
0.0577 0.0415 0.0062 0.0219 0.0011 0.0529 0.0067 0.0288 0.0043 0.0005 0.0310 0.0034 0.6870 0.0310 0.0040 0.0220 
0.0511 0.0652 0.1242 0.0248 0.0010 0.0246 0.0088 0.0243 0.0037 0.0001 0.0324 0.0113 0.5337 0.0321 0.0219 0.0412 
0.0380 0.0238 0.3473 0.0860 0.0013 0.0302 0.0214 0.0184 0.0011 0.0001 0.0236 0.0131 0.3413 0.0185 0.0133 0.0227 
0.0907 0.0478 0.1807 0.0374 0.0112 0.1468 0.0091 0.0433 0.0010 0.0001 0.0455 0.0097 0.3045 0.0471 0.0097 0.0155 
0.1289 0.0974 0.0347 0.0243 0.0280 0.2228 0.0289 0.0658 0.0022 0.0019 0.1217 0.0246 0.1177 0.0680 0.0099 0.0232 
0.1364 0.2155 0.0280 0.0601 0.0043 0.0770 0.0051 0.0997 0.0046 0.0014 0.1099 0.0351 0.0965 0.0716 0.0275 0.0273 
0.1318 0.0696 0.0730 0.0280 0.0056 0.1668 0.0054 0.0682 0.0487 0.0097 0.0690 0.0807 0.1246 0.0612 0.0051 0.0526 
0.1407 0.0944 0.0396 0.0217 0.0065 0.0696 0.0026 0.0634 0.0032 0.0011 0.2436 0.0113 0.2088 0.0593 0.0083 0.0257 
0.1090 0.1192 0.0532 0.0294 0.0018 0.1064 0.0059 0.0543 0.0099 0.0008 0.0839 0.3122 0.0441 0.0545 0.0080 0.0075 
0.1169 0.2192 0.0968 0.0369 0.0010 0.0633 0.0061 0.0551 0.0042 0.0003 0.0641 0.0300 0.2227 0.0559 0.0094 0.0182 
0.1160 0.0585 0.1837 0.1735 0.0013 0.0626 0.0045 0.0534 0.0032 0.0001 0.0588 0.0182 0.1930 0.0543 0.0077 0.0115 
0.0878 0.0446 0.3341 0.0950 0.0026 0.0551 0.0051 0.0441 0.0002 0.0001 0.0532 0.0048 0.2140 0.0436 0.0094 0.0065 
0.0896 0.0522 0.0952 0.2298 0.0081 0.1014 0.0144 0.0463 0.0010 0.0001 0.0460 0.0134 0.2284 0.0458 0.0158 0.0125 
0.1288 0.0970 0.0220 0.1335 0.0134 0.1652 0.0081 0.0658 0.0002 0.0005 0.0647 0.0062 0.2022 0.0613 0.0088 0.0222 
0.1182 0.0804 0.0153 0.0179 0.0045 0.2920 0.0053 0.0615 0.0026 0.0051 0.1543 0.0112 0.1259 0.0625 0.0113 0.0321 
0.1081 0.0775 0.0356 0.0270 0.0018 0.0701 0.0034 0.0537 0.0043 0.0014 0.3052 0.1337 0.1069 0.0533 0.0035 0.0145 
0.0887 0.0466 0.0725 0.0196 0.0030 0.0674 0.0035 0.0422 0.0022 0.0002 0.0513 0.4211 0.1219 0.0427 0.0029 0.0142 
0.0567 0.0308 0.0395 0.0085 0.0053 0.0543 0.0032 0.0281 0.0002 0.0001 0.0345 0.0142 0.6769 0.0275 0.0144 0.0059 
0.0537 0.0618 0.0070 0.0069 0.0206 0.0558 0.0415 0.0288 0.0011 0.0001 0.0441 0.0283 0.5841 0.0473 0.0080 0.0112 
0.0781 0.0442 0.0051 0.0147 0.0019 0.0313 0.0024 0.0495 0.0010 0.0001 0.0356 0.0463 0.6203 0.0313 0.0339 0.0043 
0.0617 0.0353 0.0720 0.0056 0.0027 0.0356 0.0059 0.0311 0.0564 0.0021 0.0347 0.0101 0.4280 0.0310 0.0072 0.1806 
0.1201 0.0484 0.1113 0.0157 0.0056 0.0514 0.0442 0.0417 0.0059 0.0001 0.0425 0.0110 0.4221 0.0476 0.0153 0.0172 
0.0684 0.0545 0.2640 0.0216 0.0066 0.0502 0.0093 0.0361 0.0022 0.0005 0.0379 0.0072 0.3552 0.0355 0.0244 0.0265 
0.1056 0.0615 0.0141 0.0439 0.0058 0.1381 0.0037 0.0570 0.0078 0.0086 0.0857 0.0117 0.3488 0.0551 0.0067 0.0459 
0.1102 0.0923 0.0192 0.0099 0.0264 0.0845 0.0190 0.0591 0.0051 0.0053 0.2720 0.0567 0.1372 0.0898 0.0058 0.0075 
0.0888 0.1029 0.0147 0.0364 0.0075 0.0473 0.0157 0.0578 0.0030 0.0010 0.0677 0.1933 0.2381 0.0425 0.0775 0.0058 
0.0490 0.0252 0.0442 0.0751 0.0018 0.0246 0.0035 0.0294 0.0216 0.0027 0.0289 0.0238 0.5194 0.0257 0.0027 0.1223 
0.0749 0.0259 0.0821 0.0238 0.0024 0.0321 0.0029 0.0260 0.0053 0.0010 0.0315 0.0145 0.6394 0.0264 0.0067 0.0053 
0.0498 0.0278 0.0447 0.0657 0.0035 0.0326 0.0027 0.0270 0.0003 0.0001 0.0466 0.0085 0.6593 0.0236 0.0042 0.0037 
0.0594 0.0323 0.0051 0.0839 0.0034 0.1006 0.0022 0.0321 0.0005 0.0006 0.0375 0.0315 0.5742 0.0315 0.0018 0.0035 
0.0617 0.0462 0.0018 0.0117 0.0094 0.0711 0.0006 0.0299 0.0010 0.0001 0.0511 0.0184 0.6560 0.0323 0.0057 0.0034 
0.0468 0.0268 0.0022 0.0165 0.0034 0.0251 0.0010 0.0276 0.0006 0.0003 0.0567 0.0407 0.7099 0.0260 0.0088 0.0075 
0.0522 0.0254 0.0153 0.0093 0.0016 0.0252 0.0010 0.0267 0.0080 0.0001 0.0243 0.0361 0.7300 0.0259 0.0062 0.0128 
0.0564 0.0264 0.0238 0.0081 0.0008 0.0268 0.0080 0.0260 0.0027 0.0002 0.0249 0.0050 0.7310 0.0299 0.0142 0.0158 
0.0550 0.0625 0.0556 0.0115 0.0006 0.0219 0.0070 0.0230 0.0001 0.0001 0.0225 0.0024 0.6850 0.0304 0.0072 0.0157 
0.0417 0.0187 0.0565 0.1535 0.0005 0.0163 0.0040 0.0174 0.0006 0.0001 0.0187 0.0010 0.6255 0.0182 0.0097 0.0179 
0.0558 0.0268 0.0754 0.0832 0.0016 0.0321 0.0059 0.0273 0.0005 0.0001 0.0286 0.0021 0.6039 0.0272 0.0070 0.0227 
0.0490 0.0252 0.0065 0.1045 0.0030 0.1239 0.0038 0.0265 0.0002 0.0002 0.0284 0.0081 0.5807 0.0240 0.0080 0.0078 
0.1067 0.0789 0.0019 0.0361 0.0070 0.1609 0.0021 0.0558 0.0006 0.0005 0.1238 0.0093 0.3564 0.0524 0.0016 0.0059 
0.0597 0.1608 0.0157 0.0393 0.0008 0.0276 0.0010 0.0311 0.0027 0.0001 0.0390 0.1564 0.4280 0.0292 0.0050 0.0037 
0.0625 0.0332 0.0521 0.1149 0.0048 0.0367 0.0176 0.0305 0.0062 0.0001 0.0337 0.0113 0.5427 0.0313 0.0085 0.0142 
0.0577 0.0367 0.1938 0.0348 0.0032 0.0342 0.0086 0.0326 0.0008 0.0001 0.0300 0.0064 0.4730 0.0329 0.0188 0.0366 
0.0984 0.0597 0.0711 0.0904 0.0110 0.0633 0.0308 0.0514 0.0022 0.0030 0.0556 0.0088 0.3708 0.0518 0.0206 0.0110 
0.1014 0.0634 0.0454 0.0422 0.0126 0.1367 0.0043 0.0604 0.0021 0.0032 0.0818 0.0120 0.3324 0.0551 0.0086 0.0383 
0.1361 0.1067 0.0573 0.0316 0.0037 0.1396 0.0065 0.0677 0.0142 0.0014 0.1078 0.0578 0.1370 0.0645 0.0085 0.0594 
0.1288 0.0820 0.1885 0.0363 0.0029 0.0796 0.0176 0.0617 0.0161 0.0027 0.1326 0.0885 0.0706 0.0642 0.0061 0.0219 
0.1317 0.0913 0.1354 0.0824 0.0067 0.0968 0.0120 0.0527 0.0062 0.0005 0.0580 0.0885 0.1455 0.0584 0.0073 0.0265 
0.1034 0.0527 0.0983 0.1015 0.0062 0.1360 0.0431 0.0545 0.0024 0.0054 0.0789 0.0236 0.1663 0.0574 0.0142 0.0561 
0.1128 0.1378 0.1477 0.1377 0.0086 0.0688 0.0061 0.0554 0.0081 0.0018 0.0818 0.0311 0.0867 0.0545 0.0179 0.0431 
0.1137 0.0633 0.0203 0.0409 0.0335 0.2733 0.0449 0.0535 0.0069 0.0109 0.0553 0.0465 0.1516 0.0663 0.0099 0.0093 
0.0853 0.0428 0.0871 0.0302 0.0085 0.0559 0.0026 0.0709 0.0040 0.0019 0.4280 0.0149 0.0971 0.0430 0.0125 0.0155 
0.0580 0.1283 0.0262 0.0649 0.0037 0.0339 0.0048 0.0304 0.0353 0.0038 0.0366 0.4934 0.0091 0.0267 0.0069 0.0380 
0.1207 0.0484 0.2603 0.1163 0.0021 0.0508 0.0180 0.0434 0.0085 0.0001 0.0452 0.0152 0.1693 0.0433 0.0139 0.0446 
0.0727 0.0638 0.3624 0.0938 0.0131 0.0708 0.0101 0.0339 0.0066 0.0002 0.0347 0.0059 0.1737 0.0414 0.0069 0.0102 
0.0764 0.0569 0.0304 0.4540 0.0133 0.0442 0.0018 0.0452 0.0006 0.0003 0.0404 0.0046 0.1887 0.0324 0.0080 0.0029 
0.0717 0.0508 0.0471 0.4289 0.0038 0.0965 0.0099 0.0415 0.0105 0.0011 0.0420 0.0125 0.0896 0.0356 0.0037 0.0545 
0.1145 0.0657 0.0489 0.1609 0.0056 0.2458 0.0054 0.0569 0.0035 0.0016 0.1089 0.0190 0.1019 0.0550 0.0022 0.0042 
0.1099 0.1874 0.0310 0.0804 0.0174 0.0960 0.0019 0.0602 0.0011 0.0035 0.0725 0.0942 0.1829 0.0540 0.0038 0.0037 
0.0690 0.0369 0.0056 0.0652 0.0137 0.0928 0.0048 0.0490 0.0016 0.0005 0.0680 0.0329 0.5106 0.0339 0.0046 0.0109 
0.0529 0.0327 0.0340 0.0104 0.0050 0.0351 0.0046 0.0303 0.0035 0.0005 0.1351 0.0644 0.5594 0.0254 0.0014 0.0053 
0.0438 0.0276 0.0008 0.0053 0.0026 0.0510 0.0010 0.0246 0.0008 0.0104 0.0319 0.1564 0.6180 0.0220 0.0014 0.0026 
0.0508 0.0296 0.0042 0.0029 0.0030 0.0312 0.0005 0.0278 0.0035 0.0013 0.0487 0.0256 0.7388 0.0270 0.0014 0.0038 
0.0521 0.0359 0.0053 0.0010 0.0008 0.0326 0.0056 0.0244 0.0018 0.0001 0.0273 0.0358 0.7360 0.0311 0.0059 0.0045 
0.0497 0.0256 0.0166 0.0006 0.0005 0.0326 0.0050 0.0246 0.0005 0.0001 0.0410 0.0113 0.7398 0.0259 0.0115 0.0149 
0.0505 0.0490 0.0123 0.0010 0.0006 0.0228 0.0026 0.0246 0.0002 0.0001 0.0278 0.0332 0.7365 0.0257 0.0032 0.0102 
0.0570 0.0257 0.0080 0.0067 0.0008 0.0332 0.0059 0.0264 0.0005 0.0001 0.0267 0.0118 0.7575 0.0299 0.0038 0.0062 
0.0510 0.0294 0.0241 0.0021 0.0014 0.0259 0.0014 0.0264 0.0001 0.0001 0.0291 0.0034 0.7626 0.0272 0.0070 0.0093 
0.0511 0.0280 0.0021 0.0166 0.0013 0.0272 0.0089 0.0251 0.0006 0.0002 0.0264 0.0048 0.7532 0.0267 0.0069 0.0211 
0.0542 0.0305 0.0152 0.0045 0.0026 0.0296 0.0005 0.0246 0.0013 0.0005 0.0272 0.0038 0.7506 0.0278 0.0067 0.0206 
0.0518 0.0268 0.0144 0.0059 0.0016 0.0345 0.0058 0.0257 0.0016 0.0003 0.0267 0.0085 0.7404 0.0246 0.0050 0.0265 
0.0497 0.0289 0.0152 0.0048 0.0030 0.0415 0.0094 0.0256 0.0003 0.0002 0.0597 0.0067 0.7190 0.0264 0.0029 0.0067 
0.0446 0.0396 0.0093 0.0035 0.0050 0.0228 0.0024 0.0248 0.0016 0.0001 0.0259 0.0866 0.6988 0.0208 0.0089 0.0056 
0.0454 0.0220 0.0037 0.0436 0.0022 0.0214 0.0083 0.0254 0.0067 0.0002 0.0297 0.0086 0.6817 0.0260 0.0094 0.0656 
0.0428 0.0256 0.0952 0.0053 0.0034 0.0302 0.0219 0.0214 0.0120 0.0001 0.0201 0.0165 0.6475 0.0193 0.0094 0.0295 
0.0433 0.0236 0.1707 0.0436 0.0030 0.0209 0.0080 0.0254 0.0026 0.0011 0.0476 0.0032 0.5662 0.0192 0.0096 0.0120 
0.0740 0.0447 0.0620 0.0644 0.0077 0.0962 0.0300 0.0414 0.0137 0.0006 0.0353 0.0563 0.3382 0.1226 0.0042 0.0086 
0.1095 0.1172 0.0276 0.1000 0.0050 0.0882 0.0083 0.0546 0.0064 0.0002 0.0623 0.0073 0.2293 0.0573 0.1019 0.0249 
0.0992 0.0776 0.1053 0.1444 0.0040 0.1104 0.0171 0.0562 0.0112 0.0193 0.0759 0.0238 0.0939 0.0487 0.0160 0.0971 
0.1760 0.1528 0.0699 0.0856 0.0109 0.1286 0.0075 0.0562 0.0101 0.0035 0.0864 0.0331 0.0811 0.0656 0.0069 0.0259 
0.1118 0.0898 0.0455 0.0372 0.0182 0.2324 0.0267 0.0567 0.0093 0.0061 0.1225 0.1018 0.0428 0.0776 0.0157 0.0059 
0.1048 0.1412 0.0398 0.0641 0.0173 0.0639 0.0070 0.0660 0.0034 0.0045 0.2840 0.0655 0.0252 0.0553 0.0305 0.0276 
0.1040 0.0567 0.0407 0.0441 0.0042 0.1757 0.0064 0.0599 0.0097 0.0042 0.0618 0.2655 0.0719 0.0489 0.0054 0.0410 
0.0871 0.0364 0.0621 0.0542 0.0019 0.0366 0.0022 0.0359 0.0077 0.0086 0.1677 0.0150 0.4232 0.0351 0.0050 0.0212 
0.0852 0.0409 0.0454 0.1345 0.0042 0.0607 0.0115 0.0382 0.0019 0.0005 0.0483 0.2422 0.2435 0.0377 0.0027 0.0027 
0.0401 0.0197 0.0209 0.0861 0.0043 0.0786 0.0006 0.0205 0.0002 0.0008 0.0281 0.0300 0.6488 0.0181 0.0006 0.0026 
0.0529 0.0316 0.0013 0.0886 0.0024 0.0508 0.0006 0.0294 0.0010 0.0013 0.0418 0.0204 0.6474 0.0263 0.0019 0.0022 
0.0567 0.0299 0.0010 0.0334 0.0024 0.0367 0.0021 0.0284 0.0014 0.0001 0.0460 0.0355 0.6920 0.0307 0.0024 0.0014 
0.0535 0.0299 0.0061 0.0078 0.0011 0.0329 0.0016 0.0273 0.0014 0.0001 0.0289 0.0319 0.7431 0.0281 0.0043 0.0019 
0.0540 0.0272 0.0027 0.0155 0.0010 0.0305 0.0029 0.0275 0.0016 0.0001 0.0302 0.0035 0.7573 0.0268 0.0058 0.0137 
0.0542 0.0265 0.0181 0.0043 0.0005 0.0350 0.0046 0.0268 0.0002 0.0001 0.0272 0.0059 0.7619 0.0267 0.0034 0.0050 
0.0562 0.0324 0.0078 0.0050 0.0005 0.0294 0.0011 0.0276 0.0008 0.0001 0.0318 0.0029 0.7677 0.0286 0.0022 0.0061 
0.0558 0.0273 0.0026 0.0099 0.0011 0.0353 0.0024 0.0273 0.0003 0.0001 0.0299 0.0105 0.7637 0.0273 0.0026 0.0040 
0.0511 0.0278 0.0089 0.0042 0.0013 0.0305 0.0040 0.0264 0.0013 0.0001 0.0332 0.0089 0.7510 0.0265 0.0081 0.0169 
0.0503 0.0286 0.0131 0.0077 0.0048 0.0249 0.0224 0.0241 0.0013 0.0001 0.0272 0.0181 0.7323 0.0313 0.0058 0.0085 
0.0559 0.0318 0.0304 0.0080 0.0067 0.0260 0.0070 0.0262 0.0014 0.0002 0.0272 0.0051 0.7268 0.0275 0.0080 0.0118 
0.0821 0.0419 0.0232 0.0192 0.0061 0.0481 0.0168 0.0431 0.0179 0.0010 0.0449 0.0083 0.3878 0.0770 0.0080 0.1747 
0.0934 0.0434 0.1249 0.0152 0.0078 0.0388 0.0644 0.0412 0.0038 0.0016 0.0375 0.0133 0.4124 0.0447 0.0292 0.0283 
0.1232 0.0652 0.0326 0.0313 0.0058 0.0922 0.0030 0.0721 0.0061 0.0216 0.0866 0.0147 0.3523 0.0585 0.0149 0.0201 
0.1243 0.0966 0.0227 0.0280 0.0179 0.0605 0.0165 0.0597 0.0260 0.0059 0.2168 0.0425 0.0522 0.2053 0.0032 0.0219 
0.1331 0.0842 0.0463 0.1096 0.0029 0.0696 0.0053 0.0581 0.0022 0.0005 0.0585 0.0567 0.0749 0.0554 0.2284 0.0142 
0.0979 0.0495 0.2157 0.0593 0.0024 0.0610 0.0008 0.0502 0.0230 0.0142 0.0631 0.0126 0.0767 0.0455 0.0051 0.2230 
0.2434 0.0720 0.1134 0.1966 0.0027 0.0631 0.0037 0.0626 0.0018 0.0001 0.0704 0.0182 0.0655 0.0636 0.0149 0.0081 
0.0949 0.0460 0.2308 0.3133 0.0062 0.0768 0.0065 0.0444 0.0013 0.0001 0.0460 0.0115 0.0652 0.0444 0.0037 0.0091 
0.0789 0.0436 0.0137 0.5296 0.0104 0.0631 0.0003 0.0390 0.0002 0.0001 0.0415 0.0011 0.1360 0.0355 0.0029 0.0042 
0.0998 0.0716 0.0048 0.1889 0.0995 0.1945 0.0152 0.0599 0.0030 0.0042 0.0540 0.0091 0.0925 0.0949 0.0037 0.0045 
0.1313 0.1597 0.0235 0.1937 0.0038 0.1088 0.0024 0.1115 0.0035 0.0002 0.0786 0.0070 0.0848 0.0626 0.0156 0.0131 
0.1302 0.0936 0.0027 0.0740 0.0072 0.1201 0.0010 0.0669 0.0182 0.0789 0.0749 0.0558 0.1773 0.0629 0.0014 0.0347 
0.1778 0.0848 0.0417 0.0398 0.0118 0.0901 0.0077 0.0942 0.0010 0.0016 0.2176 0.0222 0.1091 0.0823 0.0118 0.0065 
0.1139 0.0639 0.0427 0.0609 0.0022 0.0721 0.0016 0.0609 0.0018 0.0001 0.0789 0.1802 0.2425 0.0572 0.0155 0.0058 
0.0899 0.0503 0.0077 0.0420 0.0014 0.0557 0.0014 0.0433 0.0034 0.0011 0.0485 0.0521 0.5551 0.0414 0.0022 0.0045 
0.0711 0.0340 0.0026 0.0257 0.0006 0.0420 0.0038 0.0331 0.0003 0.0001 0.0385 0.0072 0.7030 0.0332 0.0021 0.0029 
0.0586 0.0374 0.0043 0.0053 0.0010 0.0540 0.0027 0.0294 0.0002 0.0001 0.0371 0.0091 0.7192 0.0313 0.0075 0.0030 
0.0530 0.0315 0.0024 0.0045 0.0037 0.0422 0.0005 0.0262 0.0001 0.0001 0.0466 0.0109 0.7424 0.0267 0.0048 0.0050 
0.0556 0.0518 0.0018 0.0045 0.0005 0.0267 0.0048 0.0280 0.0013 0.0001 0.0299 0.0134 0.7428 0.0260 0.0011 0.0121 
0.0553 0.0265 0.0093 0.0034 0.0003 0.0286 0.0053 0.0268 0.0013 0.0014 0.0283 0.0104 0.7604 0.0278 0.0038 0.0112 
0.0508 0.0319 0.0195 0.0002 0.0014 0.0495 0.0010 0.0252 0.0003 0.0001 0.0283 0.0091 0.7537 0.0249 0.0014 0.0029 
0.0523 0.0340 0.0006 0.0050 0.0010 0.0265 0.0021 0.0256 0.0002 0.0010 0.0478 0.0104 0.7562 0.0315 0.0010 0.0051 
0.0529 0.0343 0.0022 0.0065 0.0008 0.0246 0.0018 0.0259 0.0034 0.0001 0.0276 0.0236 0.7472 0.0324 0.0110 0.0059 
0.0519 0.0254 0.0243 0.0032 0.0005 0.0246 0.0053 0.0262 0.0010 0.0001 0.0272 0.0061 0.7369 0.0283 0.0220 0.0174 
0.0604 0.0419 0.0508 0.0034 0.0006 0.0320 0.0021 0.0310 0.0010 0.0001 0.0315 0.0021 0.6859 0.0312 0.0066 0.0200 
0.0510 0.0359 0.0264 0.0275 0.0003 0.0262 0.0058 0.0262 0.0013 0.0001 0.0281 0.0034 0.7067 0.0313 0.0093 0.0209 
0.0462 0.0225 0.0731 0.0420 0.0005 0.0238 0.0104 0.0212 0.0001 0.0001 0.0233 0.0051 0.6975 0.0236 0.0042 0.0067 
0.0538 0.0288 0.0220 0.0701 0.0040 0.0326 0.0070 0.0278 0.0006 0.0001 0.0351 0.0048 0.6624 0.0351 0.0059 0.0099 
0.0778 0.0450 0.0086 0.1668 0.0141 0.0438 0.0339 0.0393 0.0030 0.0002 0.0388 0.0240 0.3890 0.0577 0.0233 0.0348 
0.1230 0.0902 0.0280 0.0700 0.0267 0.0819 0.0166 0.0886 0.0080 0.0011 0.0596 0.0184 0.1533 0.0647 0.0594 0.1105 
0.1404 0.0471 0.0476 0.0069 0.0233 0.1666 0.0337 0.0685 0.1184 0.0089 0.0487 0.0056 0.0427 0.0759 0.0078 0.1578 
