0.1604 0.0724 0.0864 0.0594 0.0021 0.1124 0.0054 0.0605 0.0171 0.0094 0.1370 0.1505 0.0543 0.0575 0.0021 0.0131 
0.1065 0.0605 0.1760 0.0157 0.0037 0.1778 0.0073 0.0519 0.0032 0.0022 0.1058 0.1248 0.0982 0.0495 0.0070 0.0097 
0.0963 0.0522 0.0110 0.0495 0.0027 0.0535 0.0051 0.0503 0.0008 0.0003 0.2524 0.0732 0.2920 0.0476 0.0040 0.0091 
0.0404 0.0235 0.0016 0.0206 0.0022 0.0288 0.0043 0.0195 0.0016 0.0003 0.0291 0.2867 0.5117 0.0205 0.0027 0.0066 
0.0527 0.0366 0.0038 0.0145 0.0011 0.0267 0.0010 0.0262 0.0032 0.0001 0.0300 0.0240 0.7480 0.0262 0.0032 0.0027 
0.0529 0.0296 0.0324 0.0371 0.0010 0.0240 0.0029 0.0260 0.0048 0.0001 0.0240 0.0080 0.7002 0.0275 0.0046 0.0252 
0.0564 0.0271 0.0407 0.0147 0.0042 0.0824 0.0070 0.0268 0.0005 0.0001 0.0249 0.0018 0.6731 0.0276 0.0062 0.0067 
0.0495 0.1929 0.0097 0.0109 0.0003 0.0232 0.0013 0.0268 0.0006 0.0001 0.0244 0.0006 0.6251 0.0259 0.0029 0.0059 
0.0554 0.0257 0.0038 0.2491 0.0002 0.0230 0.0054 0.0236 0.0051 0.0001 0.0249 0.0021 0.5426 0.0249 0.0080 0.0062 
0.0423 0.0248 0.2998 0.0153 0.0022 0.0257 0.0077 0.0201 0.0002 0.0001 0.0211 0.0022 0.4983 0.0203 0.0073 0.0128 
0.0948 0.0634 0.0145 0.1332 0.0019 0.1073 0.0035 0.0487 0.0001 0.0001 0.0540 0.0034 0.4119 0.0465 0.0073 0.0097 
0.1297 0.0904 0.0276 0.0589 0.0169 0.0925 0.0013 0.0679 0.0006 0.0001 0.0789 0.0120 0.3548 0.0650 0.0011 0.0024 
0.1043 0.1118 0.0163 0.0784 0.0054 0.0584 0.0029 0.0704 0.0054 0.0001 0.0576 0.0307 0.3989 0.0511 0.0046 0.0037 
0.0997 0.0532 0.0211 0.1222 0.0788 0.0561 0.0401 0.0562 0.0196 0.0001 0.0602 0.0070 0.0276 0.3257 0.0064 0.0260 
0.0618 0.0521 0.2077 0.0193 0.0026 0.0305 0.0024 0.0671 0.0010 0.0001 0.0248 0.0107 0.0136 0.0256 0.4707 0.0102 
0.0481 0.0361 0.1094 0.0783 0.0018 0.0270 0.0034 0.0224 0.0716 0.0107 0.0307 0.0018 0.0035 0.0216 0.0078 0.5260 
0.4055 0.0468 0.0548 0.2603 0.0069 0.0457 0.0018 0.0465 0.0018 0.0002 0.0530 0.0093 0.0094 0.0441 0.0051 0.0089 
0.0853 0.0521 0.0336 0.0238 0.0184 0.6164 0.0016 0.0467 0.0006 0.0021 0.0427 0.0224 0.0072 0.0411 0.0013 0.0050 
0.0803 0.0446 0.0075 0.0668 0.0081 0.0402 0.0003 0.0562 0.0096 0.0006 0.6231 0.0056 0.0120 0.0404 0.0019 0.0027 
0.0398 0.1139 0.0158 0.0259 0.0021 0.0230 0.0034 0.0208 0.0153 0.0006 0.0208 0.6871 0.0050 0.0190 0.0043 0.0034 
0.0813 0.0602 0.0420 0.1827 0.0022 0.0390 0.0137 0.0382 0.0073 0.0002 0.0428 0.0019 0.2419 0.0423 0.0139 0.1903 
0.0572 0.0383 0.5815 0.0750 0.0057 0.0382 0.0099 0.0291 0.0026 0.0001 0.0287 0.0021 0.0779 0.0275 0.0105 0.0158 
0.0747 0.0577 0.2731 0.0343 0.0259 0.2932 0.0209 0.0500 0.0001 0.0013 0.0399 0.0045 0.0722 0.0393 0.0073 0.0056 
0.1094 0.0813 0.0142 0.1830 0.0054 0.0783 0.0016 0.0910 0.0096 0.0008 0.3277 0.0096 0.0280 0.0505 0.0024 0.0072 
0.1493 0.0936 0.0217 0.0910 0.0030 0.0917 0.0048 0.0658 0.0270 0.0016 0.1263 0.1790 0.0382 0.0679 0.0073 0.0318 
0.1064 0.0546 0.3572 0.0340 0.0040 0.0764 0.0091 0.0518 0.0029 0.0011 0.1094 0.0737 0.0451 0.0508 0.0056 0.0179 
0.1366 0.1063 0.0909 0.0553 0.0050 0.1080 0.0072 0.0716 0.0026 0.0001 0.0863 0.0660 0.1588 0.0684 0.0152 0.0219 
0.0933 0.0517 0.0246 0.0395 0.0077 0.1719 0.0118 0.0490 0.0040 0.0010 0.1017 0.0369 0.3345 0.0473 0.0088 0.0165 
0.0914 0.0788 0.0407 0.0137 0.0144 0.0460 0.0332 0.0478 0.0002 0.0003 0.0607 0.0540 0.4576 0.0447 0.0040 0.0125 
0.0879 0.0709 0.0168 0.0152 0.0026 0.0575 0.0054 0.0601 0.0038 0.0014 0.0470 0.0396 0.5340 0.0411 0.0123 0.0045 
0.0856 0.0588 0.0351 0.0010 0.0486 0.0831 0.0385 0.0541 0.0339 0.0016 0.0538 0.0113 0.0444 0.4055 0.0121 0.0326 
0.0495 0.0631 0.0658 0.0057 0.0034 0.0220 0.0048 0.0505 0.0056 0.0001 0.0401 0.0225 0.0257 0.0222 0.6116 0.0075 
0.0578 0.0426 0.0510 0.0094 0.0011 0.0442 0.0075 0.0295 0.0321 0.0462 0.0337 0.0281 0.0283 0.0316 0.0027 0.5541 
0.3569 0.0455 0.1642 0.0225 0.0006 0.0629 0.0013 0.0473 0.0024 0.0019 0.1585 0.0157 0.0537 0.0476 0.0113 0.0077 
0.0721 0.3196 0.0636 0.0171 0.0086 0.1545 0.0021 0.0360 0.0019 0.0008 0.0393 0.1846 0.0428 0.0355 0.0058 0.0158 
0.1232 0.0709 0.0185 0.1329 0.0022 0.1018 0.0026 0.0700 0.0008 0.0013 0.2543 0.0065 0.1181 0.0625 0.0072 0.0273 
0.0834 0.0621 0.1989 0.0064 0.0021 0.0896 0.0042 0.0402 0.0073 0.0002 0.0775 0.2557 0.1195 0.0412 0.0034 0.0085 
0.0825 0.1360 0.0053 0.0037 0.0021 0.1233 0.0026 0.0394 0.0014 0.0011 0.0461 0.1241 0.3843 0.0385 0.0024 0.0072 
0.0762 0.0444 0.0080 0.0246 0.0002 0.0355 0.0014 0.0371 0.0016 0.0001 0.1037 0.0083 0.6065 0.0372 0.0038 0.0117 
0.0636 0.0313 0.1411 0.0444 0.0005 0.0294 0.0035 0.0297 0.0042 0.0001 0.0302 0.0845 0.5018 0.0308 0.0026 0.0026 
0.0537 0.0252 0.0179 0.0754 0.0013 0.0278 0.0005 0.0251 0.0001 0.0001 0.0238 0.0010 0.7187 0.0256 0.0029 0.0014 
0.0559 0.0458 0.0043 0.0730 0.0035 0.0318 0.0016 0.0273 0.0003 0.0001 0.0281 0.0005 0.6958 0.0275 0.0019 0.0029 
0.0535 0.0348 0.0021 0.1248 0.0016 0.0382 0.0013 0.0272 0.0002 0.0001 0.0283 0.0016 0.6524 0.0276 0.0019 0.0046 
0.0677 0.0546 0.0401 0.0278 0.0014 0.0404 0.0010 0.0339 0.0037 0.0001 0.0340 0.0026 0.6571 0.0327 0.0016 0.0016 
0.0581 0.0319 0.0121 0.0819 0.0037 0.0385 0.0011 0.0331 0.0024 0.0001 0.0348 0.0029 0.6414 0.0289 0.0051 0.0240 
0.0508 0.0363 0.0438 0.1152 0.0022 0.0343 0.0027 0.0238 0.0035 0.0001 0.0268 0.0117 0.6059 0.0230 0.0006 0.0195 
0.0468 0.0232 0.0133 0.0992 0.0018 0.0692 0.0011 0.0248 0.0006 0.0001 0.0371 0.0102 0.6439 0.0227 0.0005 0.0058 
0.0505 0.0639 0.0262 0.0387 0.0043 0.0268 0.0037 0.0262 0.0035 0.0001 0.0474 0.0158 0.6582 0.0283 0.0014 0.0051 
0.0489 0.0278 0.0088 0.3066 0.0067 0.0267 0.0134 0.0262 0.0037 0.0001 0.0249 0.0169 0.0195 0.4346 0.0110 0.0244 
0.0318 0.0189 0.1486 0.0626 0.0016 0.0401 0.0099 0.0212 0.0018 0.0002 0.0153 0.0016 0.0117 0.0177 0.6081 0.0089 
0.0540 0.0998 0.0254 0.1069 0.0018 0.0270 0.0021 0.0276 0.0153 0.0042 0.0283 0.0016 0.0093 0.0268 0.0064 0.5636 
0.3125 0.0412 0.0310 0.4657 0.0034 0.0276 0.0030 0.0260 0.0026 0.0001 0.0318 0.0038 0.0131 0.0283 0.0048 0.0051 
0.0323 0.0235 0.4522 0.3533 0.0056 0.0217 0.0014 0.0192 0.0021 0.0001 0.0259 0.0037 0.0134 0.0160 0.0109 0.0190 
0.0476 0.0311 0.1102 0.6769 0.0080 0.0318 0.0046 0.0220 0.0032 0.0003 0.0243 0.0067 0.0073 0.0201 0.0027 0.0030 
0.0380 0.0612 0.0067 0.3605 0.0053 0.4379 0.0005 0.0248 0.0013 0.0026 0.0278 0.0057 0.0037 0.0187 0.0019 0.0035 
0.0666 0.0516 0.0070 0.0554 0.0061 0.2354 0.0013 0.0351 0.0046 0.0061 0.4528 0.0342 0.0064 0.0313 0.0019 0.0042 
0.0225 0.0264 0.0022 0.0257 0.0038 0.0169 0.0008 0.0145 0.0061 0.0006 0.2865 0.5739 0.0078 0.0101 0.0002 0.0019 
0.0439 0.0313 0.0030 0.0439 0.0013 0.0259 0.0038 0.0203 0.0045 0.0002 0.0291 0.3004 0.4520 0.0201 0.0089 0.0113 
0.0534 0.0294 0.0256 0.0149 0.0024 0.0294 0.0046 0.0264 0.0032 0.0002 0.0312 0.0173 0.7011 0.0319 0.0155 0.0137 
0.0610 0.0423 0.0417 0.0193 0.0019 0.0326 0.0054 0.0308 0.0034 0.0002 0.0289 0.0220 0.6575 0.0323 0.0126 0.0080 
0.0966 0.0556 0.0299 0.0602 0.0016 0.0546 0.0117 0.0457 0.0115 0.0006 0.0476 0.0018 0.3967 0.0463 0.0109 0.1287 
0.1155 0.0580 0.1811 0.0131 0.0013 0.1131 0.0086 0.0474 0.0010 0.0001 0.0516 0.0029 0.3405 0.0482 0.0069 0.0110 
0.1350 0.1312 0.2053 0.0396 0.0018 0.0605 0.0153 0.0685 0.0013 0.0002 0.0760 0.0086 0.1733 0.0617 0.0133 0.0085 
0.1096 0.0554 0.0094 0.0669 0.0765 0.2004 0.0719 0.0559 0.0042 0.0002 0.0550 0.0197 0.1785 0.0628 0.0066 0.0272 
0.1265 0.0653 0.0859 0.0073 0.0072 0.0954 0.0016 0.1169 0.0005 0.0001 0.2425 0.0069 0.1696 0.0601 0.0064 0.0078 
0.0767 0.0492 0.0046 0.0142 0.0027 0.0462 0.0005 0.0406 0.0086 0.0310 0.0594 0.3239 0.2995 0.0379 0.0005 0.0046 
0.0819 0.0351 0.0024 0.0120 0.0048 0.0318 0.0026 0.0275 0.0061 0.0002 0.0321 0.0335 0.6991 0.0265 0.0037 0.0008 
0.0546 0.0281 0.0198 0.0077 0.0003 0.0316 0.0027 0.0275 0.0005 0.0001 0.0438 0.0069 0.7397 0.0272 0.0018 0.0078 
0.0546 0.0299 0.0091 0.0040 0.0018 0.0495 0.0008 0.0267 0.0002 0.0001 0.0294 0.0422 0.7167 0.0268 0.0026 0.0059 
0.0535 0.0479 0.0053 0.0053 0.0016 0.0307 0.0022 0.0308 0.0006 0.0001 0.0291 0.0054 0.7541 0.0268 0.0037 0.0030 
0.0527 0.0300 0.0048 0.0152 0.0011 0.0289 0.0027 0.0272 0.0027 0.0001 0.0311 0.0043 0.7425 0.0267 0.0035 0.0267 
0.0540 0.0336 0.0379 0.0077 0.0027 0.0283 0.0078 0.0252 0.0005 0.0001 0.0283 0.0083 0.7266 0.0254 0.0045 0.0094 
0.0559 0.0345 0.0393 0.0065 0.0014 0.0404 0.0099 0.0288 0.0001 0.0002 0.0315 0.0058 0.6655 0.0685 0.0016 0.0102 
0.0674 0.0390 0.0097 0.0171 0.0021 0.0331 0.0018 0.0342 0.0018 0.0005 0.0575 0.0107 0.6275 0.0415 0.0390 0.0173 
0.0797 0.0444 0.0901 0.0307 0.0096 0.0489 0.1300 0.0415 0.0188 0.0005 0.0412 0.0473 0.1091 0.1348 0.0136 0.1599 
0.1129 0.0767 0.0355 0.0355 0.0107 0.0617 0.0452 0.0740 0.0040 0.0001 0.0583 0.0107 0.0556 0.0626 0.2871 0.0696 
0.1294 0.0387 0.0828 0.0046 0.0208 0.0757 0.0184 0.0556 0.0748 0.0431 0.0423 0.0059 0.0435 0.0783 0.0051 0.2810 
