0.0808 0.0524 0.2361 0.3792 0.0050 0.0342 0.0118 0.0332 0.0273 0.0016 0.0452 0.0216 0.0345 0.0275 0.0019 0.0078 
0.0844 0.0446 0.0294 0.0411 0.0102 0.5439 0.0077 0.0452 0.0131 0.0115 0.0540 0.0192 0.0449 0.0393 0.0043 0.0073 
0.0901 0.0458 0.0091 0.0272 0.0061 0.0533 0.0011 0.0460 0.0078 0.0035 0.6077 0.0120 0.0457 0.0379 0.0018 0.0050 
0.0466 0.0372 0.0029 0.0201 0.0034 0.0393 0.0013 0.0235 0.0073 0.0022 0.0537 0.7187 0.0157 0.0238 0.0019 0.0024 
0.0487 0.0270 0.0099 0.0153 0.0021 0.0241 0.0016 0.0243 0.0013 0.0008 0.0473 0.1033 0.6606 0.0240 0.0016 0.0081 
0.0511 0.0262 0.0062 0.0145 0.0024 0.0359 0.0022 0.0265 0.0013 0.0001 0.0260 0.0497 0.7204 0.0251 0.0040 0.0083 
0.0538 0.0286 0.0051 0.0059 0.0029 0.0369 0.0048 0.0281 0.0006 0.0001 0.0323 0.0059 0.7602 0.0278 0.0038 0.0032 
0.0543 0.0312 0.0016 0.0058 0.0006 0.0284 0.0018 0.0316 0.0011 0.0001 0.0272 0.0208 0.7629 0.0268 0.0038 0.0021 
0.0538 0.0324 0.0011 0.0096 0.0010 0.0270 0.0018 0.0264 0.0141 0.0002 0.0268 0.0048 0.7605 0.0278 0.0019 0.0109 
0.0565 0.0270 0.0126 0.0043 0.0006 0.0265 0.0011 0.0275 0.0003 0.0001 0.0289 0.0037 0.7690 0.0345 0.0050 0.0024 
0.0534 0.0291 0.0225 0.0040 0.0005 0.0257 0.0021 0.0262 0.0005 0.0001 0.0272 0.0059 0.7650 0.0294 0.0059 0.0029 
0.0556 0.0262 0.0026 0.0315 0.0022 0.0251 0.0021 0.0260 0.0008 0.0001 0.0276 0.0029 0.7644 0.0260 0.0046 0.0026 
0.0505 0.0246 0.0032 0.0110 0.0010 0.0585 0.0026 0.0272 0.0003 0.0001 0.0256 0.0056 0.7481 0.0252 0.0043 0.0126 
0.0529 0.0340 0.0018 0.0057 0.0029 0.0358 0.0042 0.0260 0.0008 0.0001 0.0345 0.0056 0.7593 0.0267 0.0051 0.0048 
0.0516 0.0601 0.0042 0.0101 0.0006 0.0219 0.0008 0.0257 0.0013 0.0001 0.0284 0.0125 0.7460 0.0264 0.0034 0.0073 
0.0484 0.0228 0.0104 0.0088 0.0003 0.0272 0.0120 0.0236 0.0038 0.0001 0.0248 0.0120 0.7402 0.0249 0.0080 0.0329 
0.0391 0.0257 0.0462 0.0032 0.0054 0.0294 0.0139 0.0198 0.0018 0.0001 0.0268 0.0073 0.7121 0.0283 0.0050 0.0361 
0.0586 0.0294 0.0867 0.0097 0.0104 0.0252 0.0666 0.0287 0.0005 0.0002 0.0273 0.0203 0.5501 0.0390 0.0321 0.0152 
0.0727 0.0415 0.1805 0.0059 0.0014 0.0577 0.0094 0.0505 0.0051 0.0016 0.0380 0.0117 0.2847 0.0398 0.0561 0.1433 
0.1251 0.0711 0.0423 0.0078 0.0046 0.0949 0.0214 0.0601 0.0236 0.0075 0.0817 0.0165 0.1747 0.0702 0.0235 0.1750 
0.0820 0.2245 0.0506 0.0110 0.0056 0.0896 0.0051 0.0622 0.0014 0.0011 0.2198 0.0537 0.0880 0.0593 0.0086 0.0374 
0.0776 0.2295 0.2124 0.0244 0.0021 0.0458 0.0115 0.0401 0.0059 0.0010 0.0497 0.1667 0.0356 0.0348 0.0166 0.0462 
0.0829 0.0498 0.4407 0.0938 0.0034 0.0623 0.0142 0.0415 0.0014 0.0003 0.0474 0.0230 0.0623 0.0415 0.0032 0.0321 
0.1030 0.0569 0.0947 0.0265 0.0569 0.3132 0.0057 0.0527 0.0002 0.0018 0.1008 0.0188 0.1083 0.0516 0.0062 0.0027 
0.0989 0.0722 0.0141 0.0468 0.0073 0.0561 0.0022 0.0842 0.0011 0.0011 0.2046 0.1471 0.2078 0.0486 0.0018 0.0061 
0.0704 0.0355 0.0008 0.0280 0.0026 0.1247 0.0046 0.0393 0.0297 0.0019 0.0468 0.2108 0.3648 0.0332 0.0030 0.0038 
0.0575 0.0284 0.0097 0.0051 0.0026 0.0238 0.0034 0.0243 0.0022 0.0002 0.1352 0.0150 0.6622 0.0228 0.0034 0.0042 
0.0272 0.0254 0.0073 0.0037 0.0035 0.0319 0.0035 0.0141 0.0003 0.0002 0.0144 0.2187 0.6296 0.0134 0.0030 0.0038 
0.0531 0.0281 0.0042 0.0056 0.0019 0.0268 0.0010 0.0300 0.0022 0.0002 0.0440 0.0034 0.7548 0.0251 0.0029 0.0168 
0.0468 0.0311 0.0027 0.0010 0.0010 0.0473 0.0030 0.0260 0.0105 0.0011 0.0257 0.0326 0.7312 0.0233 0.0016 0.0150 
0.0529 0.0259 0.0029 0.0014 0.0014 0.0289 0.0078 0.0260 0.0005 0.0011 0.0613 0.0077 0.7460 0.0272 0.0056 0.0034 
0.0455 0.0255 0.0096 0.0010 0.0005 0.0224 0.0026 0.0217 0.0010 0.0002 0.0303 0.0963 0.7129 0.0222 0.0026 0.0059 
0.0531 0.0257 0.0042 0.0053 0.0005 0.0300 0.0016 0.0254 0.0022 0.0003 0.0294 0.0224 0.7576 0.0305 0.0013 0.0105 
0.0542 0.0272 0.0062 0.0021 0.0013 0.0321 0.0016 0.0280 0.0003 0.0001 0.0321 0.0083 0.7693 0.0284 0.0072 0.0018 
0.0511 0.0326 0.0030 0.0022 0.0013 0.0299 0.0018 0.0264 0.0005 0.0001 0.0356 0.0181 0.7589 0.0289 0.0050 0.0050 
0.0561 0.0272 0.0042 0.0040 0.0008 0.0254 0.0026 0.0272 0.0019 0.0001 0.0300 0.0187 0.7655 0.0284 0.0059 0.0024 
0.0526 0.0252 0.0072 0.0026 0.0013 0.0324 0.0050 0.0257 0.0016 0.0001 0.0292 0.0077 0.7511 0.0348 0.0069 0.0169 
0.0455 0.0244 0.0319 0.0038 0.0040 0.0222 0.0633 0.0224 0.0010 0.0001 0.0235 0.0043 0.6995 0.0299 0.0085 0.0160 
0.0740 0.0425 0.0738 0.0080 0.0043 0.0288 0.0182 0.0320 0.0011 0.0002 0.0342 0.0062 0.4958 0.0662 0.0524 0.0623 
0.0823 0.0387 0.0412 0.0021 0.0072 0.0990 0.0556 0.0396 0.0099 0.0034 0.0412 0.0126 0.2923 0.1795 0.0257 0.0698 
0.1232 0.0551 0.0358 0.0166 0.0024 0.0514 0.0030 0.0730 0.0024 0.0073 0.2689 0.0061 0.0753 0.0604 0.1727 0.0463 
0.0928 0.2005 0.0294 0.0227 0.0021 0.0591 0.0032 0.0427 0.0396 0.0054 0.0476 0.1160 0.0391 0.0436 0.0051 0.2511 
0.2575 0.0712 0.2605 0.0893 0.0077 0.0436 0.0037 0.0364 0.0027 0.0010 0.0471 0.0125 0.0658 0.0382 0.0099 0.0530 
0.0661 0.0355 0.4133 0.0561 0.0083 0.2431 0.0118 0.0326 0.0010 0.0010 0.0334 0.0232 0.0294 0.0329 0.0051 0.0073 
0.1043 0.1493 0.0200 0.3392 0.0037 0.0850 0.0043 0.0567 0.0021 0.0001 0.1366 0.0096 0.0284 0.0505 0.0042 0.0062 
0.0655 0.0558 0.0174 0.5291 0.0016 0.0500 0.0034 0.0324 0.0061 0.0026 0.0395 0.1438 0.0102 0.0310 0.0075 0.0042 
0.0888 0.0458 0.1149 0.4391 0.0043 0.0503 0.0048 0.0423 0.0014 0.0001 0.0511 0.0075 0.1000 0.0414 0.0035 0.0048 
0.0642 0.0350 0.0468 0.4857 0.0126 0.0661 0.0018 0.0371 0.0005 0.0001 0.0345 0.0137 0.1604 0.0313 0.0046 0.0057 
0.1048 0.0578 0.0061 0.2139 0.0070 0.1677 0.0008 0.0625 0.0018 0.0006 0.0882 0.0080 0.2192 0.0559 0.0011 0.0046 
0.1332 0.0992 0.0169 0.0936 0.0035 0.1038 0.0006 0.0655 0.0067 0.0024 0.0988 0.0640 0.2387 0.0648 0.0040 0.0043 
0.1074 0.1245 0.0236 0.2115 0.0019 0.0697 0.0089 0.0519 0.0037 0.0005 0.0575 0.0264 0.2387 0.0514 0.0083 0.0141 
0.1056 0.0546 0.1888 0.1024 0.0030 0.0743 0.0062 0.0522 0.0003 0.0002 0.0580 0.0105 0.2525 0.0588 0.0147 0.0179 
0.1094 0.1426 0.1056 0.1691 0.0022 0.0604 0.0042 0.0567 0.0005 0.0001 0.0541 0.0094 0.1803 0.0548 0.0252 0.0256 
0.0844 0.0428 0.0519 0.4854 0.0037 0.0586 0.0034 0.0406 0.0024 0.0006 0.0470 0.0018 0.1029 0.0396 0.0075 0.0275 
0.1067 0.0572 0.1883 0.3550 0.0034 0.0586 0.0024 0.0510 0.0006 0.0001 0.0589 0.0081 0.0466 0.0481 0.0038 0.0112 
0.0789 0.0564 0.0179 0.4529 0.0038 0.1227 0.0035 0.0441 0.0053 0.0002 0.0529 0.0315 0.0791 0.0391 0.0050 0.0069 
0.1093 0.0762 0.0141 0.1809 0.0249 0.0769 0.0029 0.0559 0.0021 0.0001 0.1515 0.0240 0.2098 0.0558 0.0011 0.0147 
0.1032 0.0685 0.0244 0.1022 0.0118 0.1380 0.0211 0.0607 0.0040 0.0016 0.0660 0.1029 0.2129 0.0639 0.0064 0.0123 
0.1013 0.1554 0.0478 0.1361 0.0037 0.0489 0.0165 0.0567 0.0157 0.0016 0.0593 0.0204 0.1235 0.0524 0.0345 0.1265 
0.0901 0.0406 0.0493 0.0447 0.0238 0.1378 0.1378 0.0399 0.0080 0.0086 0.0383 0.0267 0.2641 0.0449 0.0097 0.0358 
0.0847 0.0476 0.0728 0.0291 0.0096 0.0792 0.0019 0.0685 0.0006 0.0024 0.3888 0.0089 0.1388 0.0406 0.0093 0.0172 
0.0585 0.4027 0.0153 0.1374 0.0018 0.0316 0.0093 0.0291 0.0607 0.0013 0.0288 0.1639 0.0112 0.0243 0.0081 0.0161 
0.0882 0.0482 0.3709 0.2533 0.0038 0.0335 0.0105 0.0310 0.0030 0.0002 0.0398 0.0046 0.0586 0.0310 0.0040 0.0193 
0.0816 0.0441 0.2607 0.0385 0.0308 0.3311 0.0034 0.0444 0.0005 0.0032 0.0473 0.0137 0.0479 0.0379 0.0097 0.0053 
0.0839 0.0832 0.0216 0.1984 0.0056 0.0492 0.0050 0.0634 0.0086 0.0005 0.3543 0.0145 0.0585 0.0415 0.0019 0.0099 
0.0912 0.0466 0.0115 0.2181 0.0030 0.0591 0.0073 0.0412 0.0430 0.0010 0.0441 0.3081 0.0767 0.0403 0.0034 0.0054 
0.0871 0.0396 0.1089 0.1316 0.0011 0.0409 0.0034 0.0380 0.0026 0.0035 0.0487 0.0070 0.4209 0.0371 0.0083 0.0212 
0.0863 0.0465 0.0420 0.2141 0.0006 0.0733 0.0019 0.0414 0.0011 0.0010 0.0428 0.0152 0.3859 0.0433 0.0024 0.0021 
0.0401 0.0203 0.0174 0.1845 0.0011 0.0334 0.0014 0.0185 0.0011 0.0001 0.0259 0.0046 0.6271 0.0188 0.0053 0.0005 
0.0343 0.0382 0.0002 0.2187 0.0026 0.0252 0.0011 0.0168 0.0001 0.0001 0.0220 0.0120 0.6075 0.0161 0.0022 0.0034 
0.0358 0.0198 0.0030 0.2150 0.0011 0.0172 0.0005 0.0172 0.0003 0.0001 0.0232 0.0073 0.6366 0.0177 0.0016 0.0037 
0.0570 0.0278 0.0188 0.0759 0.0018 0.0335 0.0019 0.0280 0.0002 0.0003 0.0305 0.0121 0.6821 0.0273 0.0019 0.0008 
0.0534 0.0331 0.0030 0.0369 0.0070 0.0393 0.0014 0.0294 0.0005 0.0001 0.0276 0.0037 0.7325 0.0257 0.0026 0.0038 
0.0467 0.0259 0.0008 0.0280 0.0010 0.0708 0.0014 0.0273 0.0005 0.0001 0.0395 0.0042 0.7260 0.0248 0.0008 0.0027 
0.0433 0.1326 0.0137 0.0054 0.0008 0.0212 0.0006 0.0201 0.0032 0.0001 0.0222 0.0193 0.6872 0.0220 0.0006 0.0077 
0.0529 0.0337 0.0065 0.0208 0.0016 0.0327 0.0022 0.0257 0.0006 0.0003 0.0272 0.0040 0.7540 0.0254 0.0042 0.0081 
0.0438 0.0256 0.0554 0.0115 0.0005 0.0249 0.0042 0.0230 0.0003 0.0001 0.0292 0.0042 0.6994 0.0236 0.0042 0.0505 
0.0494 0.0275 0.0324 0.0661 0.0005 0.0248 0.0099 0.0233 0.0010 0.0001 0.0252 0.0201 0.6765 0.0259 0.0046 0.0129 
0.0517 0.0262 0.0287 0.1075 0.0003 0.0219 0.0035 0.0235 0.0001 0.0001 0.0254 0.0026 0.6750 0.0233 0.0035 0.0070 
0.0682 0.0363 0.0153 0.1580 0.0053 0.0628 0.0214 0.0371 0.0048 0.0001 0.0323 0.0077 0.4216 0.0383 0.0147 0.0762 
0.1187 0.0863 0.0289 0.1927 0.0203 0.1158 0.0104 0.0649 0.0038 0.0001 0.0577 0.0069 0.1448 0.0700 0.0262 0.0529 
0.1415 0.0911 0.0291 0.0430 0.0363 0.1545 0.0195 0.0907 0.0826 0.0032 0.0712 0.0035 0.1013 0.0898 0.0081 0.0347 
