0.0331 0.0249 0.1358 0.3081 0.0976 0.0256 0.1434 0.0284 0.0096 0.0037 0.0827 0.0316 0.0465 0.0241 0.0013 0.0037 
0.0983 0.0478 0.0789 0.0639 0.0051 0.3690 0.0019 0.1306 0.0021 0.0048 0.0475 0.0276 0.0686 0.0444 0.0059 0.0037 
0.0706 0.0262 0.0046 0.1131 0.0083 0.0283 0.0003 0.0307 0.0674 0.0730 0.4585 0.0086 0.0762 0.0262 0.0032 0.0050 
0.0436 0.0230 0.0008 0.0393 0.0027 0.0236 0.0010 0.0228 0.0105 0.0003 0.0316 0.6217 0.1564 0.0204 0.0016 0.0005 
0.0602 0.0318 0.0006 0.0158 0.0016 0.0463 0.0021 0.0311 0.0035 0.0011 0.0334 0.0458 0.6855 0.0286 0.0091 0.0034 
0.0492 0.0926 0.0046 0.0093 0.0029 0.0300 0.0013 0.0246 0.0010 0.0001 0.0259 0.0077 0.7039 0.0287 0.0062 0.0123 
0.0618 0.0329 0.0180 0.0056 0.0014 0.0318 0.0113 0.0323 0.0002 0.0001 0.0332 0.0053 0.7189 0.0302 0.0110 0.0062 
0.0543 0.0311 0.0340 0.0003 0.0046 0.0430 0.0110 0.0267 0.0026 0.0002 0.0319 0.0037 0.6855 0.0286 0.0057 0.0367 
0.0625 0.0446 0.0157 0.0013 0.0008 0.0268 0.0027 0.0275 0.0013 0.0002 0.0441 0.0142 0.6935 0.0291 0.0265 0.0093 
0.0527 0.0477 0.0784 0.0043 0.0005 0.0311 0.0200 0.0265 0.0050 0.0003 0.0275 0.0105 0.5730 0.0249 0.0145 0.0830 
0.0425 0.0281 0.0561 0.0011 0.0034 0.0893 0.0663 0.0244 0.0008 0.0008 0.0337 0.0045 0.5909 0.0252 0.0171 0.0160 
0.0515 0.0642 0.0243 0.0021 0.0010 0.0329 0.0125 0.0401 0.0001 0.0001 0.1082 0.0332 0.5888 0.0243 0.0062 0.0110 
0.0591 0.0335 0.0062 0.0621 0.0010 0.0295 0.0211 0.0351 0.0152 0.0003 0.0476 0.1171 0.5081 0.0311 0.0088 0.0241 
0.0864 0.0522 0.1481 0.0203 0.0457 0.0398 0.1257 0.0423 0.0053 0.0001 0.0431 0.0179 0.1584 0.1145 0.0589 0.0414 
0.0979 0.0449 0.3423 0.0276 0.0035 0.0931 0.0180 0.0973 0.0003 0.0003 0.0470 0.0045 0.0599 0.0433 0.0839 0.0363 
0.0899 0.0591 0.1645 0.0019 0.0105 0.1781 0.0115 0.0476 0.0404 0.1620 0.0920 0.0329 0.0395 0.0473 0.0088 0.0141 
0.1161 0.0674 0.0037 0.1043 0.0153 0.0529 0.0027 0.0958 0.0073 0.0005 0.2631 0.1115 0.0511 0.1006 0.0042 0.0034 
0.1367 0.0620 0.0248 0.0085 0.0035 0.0954 0.0203 0.0692 0.0201 0.0011 0.0706 0.2657 0.0816 0.0599 0.0660 0.0147 
0.1273 0.0834 0.0682 0.0061 0.0224 0.0680 0.0418 0.0645 0.0157 0.0046 0.0977 0.0292 0.0569 0.2493 0.0112 0.0537 
0.0791 0.0382 0.0572 0.0179 0.0067 0.0380 0.0407 0.0404 0.0010 0.0016 0.0350 0.0169 0.0367 0.0740 0.5083 0.0083 
0.0641 0.0331 0.0291 0.0139 0.0011 0.0665 0.0101 0.0377 0.0150 0.0741 0.0420 0.0040 0.0304 0.0334 0.0142 0.5315 
0.2911 0.0930 0.0086 0.0163 0.0385 0.0954 0.0324 0.0828 0.0091 0.0355 0.0981 0.0265 0.0422 0.0997 0.0120 0.0189 
0.1203 0.3404 0.0599 0.0479 0.0029 0.0553 0.0101 0.0663 0.0019 0.0003 0.0784 0.0292 0.0343 0.0561 0.0842 0.0125 
0.0754 0.0407 0.1640 0.2165 0.0026 0.1009 0.0059 0.0406 0.0489 0.0699 0.0506 0.0438 0.0489 0.0409 0.0110 0.0394 
0.1003 0.0356 0.4586 0.0669 0.0097 0.0529 0.0008 0.0375 0.0001 0.0024 0.1161 0.0115 0.0599 0.0351 0.0080 0.0045 
0.0641 0.0621 0.0042 0.0388 0.0037 0.4578 0.0030 0.0398 0.0014 0.0013 0.0356 0.2064 0.0367 0.0294 0.0112 0.0045 
0.0889 0.0881 0.0053 0.0300 0.0710 0.0484 0.0115 0.0483 0.0094 0.0010 0.3615 0.0121 0.1493 0.0537 0.0110 0.0105 
0.0751 0.0534 0.0209 0.0302 0.0043 0.0411 0.0061 0.0697 0.0018 0.0002 0.0403 0.5213 0.0689 0.0328 0.0168 0.0174 
0.0870 0.0607 0.0091 0.0070 0.0128 0.0660 0.0235 0.0517 0.0460 0.0113 0.0580 0.0166 0.2357 0.1827 0.0133 0.1185 
0.1342 0.0617 0.0896 0.0195 0.0059 0.0604 0.0059 0.0570 0.0072 0.0005 0.0768 0.0123 0.3259 0.0602 0.0754 0.0075 
0.0996 0.0723 0.0572 0.0224 0.0032 0.0652 0.0222 0.0463 0.0083 0.0187 0.0556 0.0481 0.3239 0.0476 0.0112 0.0984 
0.1228 0.0473 0.0530 0.0233 0.0070 0.0701 0.0038 0.0465 0.0056 0.0040 0.0623 0.0232 0.4519 0.0492 0.0141 0.0160 
0.1211 0.0748 0.1341 0.0395 0.0030 0.0682 0.0081 0.0610 0.0080 0.0029 0.0903 0.0233 0.1421 0.0694 0.0145 0.1397 
0.1023 0.1054 0.3676 0.0955 0.0027 0.0435 0.0099 0.0419 0.0058 0.0011 0.0441 0.0398 0.0687 0.0441 0.0093 0.0184 
0.0842 0.0401 0.0192 0.0110 0.0072 0.5823 0.0051 0.0387 0.0014 0.0078 0.0415 0.0123 0.0949 0.0385 0.0021 0.0137 
0.0895 0.0452 0.0050 0.0128 0.0040 0.0442 0.0018 0.0462 0.0006 0.0022 0.6492 0.0107 0.0216 0.0527 0.0030 0.0113 
0.0498 0.0358 0.0117 0.0312 0.0010 0.0235 0.0026 0.0241 0.0061 0.0005 0.0284 0.7364 0.0169 0.0257 0.0043 0.0021 
0.0483 0.0230 0.0415 0.0302 0.0022 0.0276 0.0024 0.0233 0.0030 0.0003 0.0227 0.0088 0.7181 0.0235 0.0040 0.0209 
0.0602 0.0311 0.0240 0.0252 0.0018 0.0733 0.0046 0.0292 0.0003 0.0001 0.0276 0.0014 0.6756 0.0292 0.0029 0.0136 
0.0566 0.0978 0.0102 0.0264 0.0008 0.0284 0.0013 0.0281 0.0011 0.0001 0.0281 0.0043 0.6841 0.0278 0.0035 0.0016 
0.0498 0.0319 0.0121 0.1207 0.0006 0.0243 0.0043 0.0254 0.0057 0.0001 0.0267 0.0034 0.6600 0.0241 0.0077 0.0034 
0.0743 0.0431 0.0623 0.0920 0.0013 0.0428 0.0093 0.0367 0.0016 0.0001 0.0385 0.0050 0.5302 0.0390 0.0064 0.0179 
0.0671 0.0347 0.0597 0.0257 0.0934 0.0751 0.0101 0.0324 0.0002 0.0002 0.0401 0.0086 0.5101 0.0332 0.0050 0.0045 
0.1104 0.0792 0.0446 0.0372 0.1863 0.0527 0.0419 0.0827 0.0003 0.0002 0.0628 0.0094 0.0780 0.1949 0.0062 0.0133 
0.0760 0.0428 0.0403 0.1332 0.0032 0.0307 0.0081 0.0832 0.0581 0.0030 0.0375 0.0097 0.0618 0.0385 0.3556 0.0181 
0.0586 0.0305 0.1115 0.0037 0.1137 0.0321 0.0545 0.0264 0.0356 0.2257 0.0335 0.0200 0.0772 0.0294 0.0040 0.1436 
0.2519 0.1388 0.0081 0.0570 0.0508 0.0788 0.0101 0.1732 0.0008 0.0019 0.0786 0.0121 0.0569 0.0688 0.0050 0.0072 
0.0928 0.0475 0.1139 0.0337 0.0244 0.1090 0.0129 0.0949 0.0871 0.1320 0.0629 0.0590 0.0722 0.0452 0.0070 0.0054 
0.1602 0.3045 0.0051 0.0949 0.0040 0.0492 0.0040 0.0645 0.0708 0.0077 0.0567 0.0321 0.0566 0.0497 0.0193 0.0206 
0.0740 0.0348 0.0979 0.4190 0.0075 0.0367 0.0281 0.0350 0.0752 0.0107 0.0391 0.0297 0.0508 0.0367 0.0144 0.0102 
0.0987 0.0444 0.0519 0.0460 0.1637 0.3087 0.0077 0.0506 0.0013 0.0120 0.0684 0.0089 0.0513 0.0570 0.0171 0.0123 
0.1083 0.0654 0.0780 0.0890 0.0110 0.0702 0.0011 0.1571 0.0072 0.0109 0.1876 0.0489 0.0770 0.0518 0.0184 0.0182 
0.0936 0.0738 0.0050 0.1471 0.0099 0.0969 0.0040 0.0565 0.1102 0.0251 0.0684 0.1685 0.0831 0.0439 0.0065 0.0075 
0.2258 0.1013 0.0575 0.0197 0.0081 0.1349 0.0043 0.0711 0.0206 0.0013 0.0756 0.0385 0.1371 0.0630 0.0088 0.0324 
0.0998 0.1602 0.2129 0.0265 0.0655 0.0398 0.0925 0.0441 0.0192 0.0016 0.0454 0.0088 0.1073 0.0484 0.0083 0.0198 
0.0704 0.0431 0.1656 0.0021 0.0040 0.4522 0.0027 0.0810 0.0051 0.0019 0.0393 0.0102 0.0556 0.0345 0.0252 0.0070 
0.0866 0.0422 0.0344 0.0048 0.0008 0.0379 0.0013 0.0375 0.0332 0.0816 0.5494 0.0133 0.0142 0.0372 0.0056 0.0200 
0.0893 0.0550 0.0158 0.0238 0.0018 0.0195 0.0005 0.0192 0.0054 0.0013 0.0404 0.6932 0.0120 0.0193 0.0010 0.0026 
0.0715 0.0340 0.0086 0.0195 0.0027 0.0725 0.0043 0.0334 0.0006 0.0011 0.0358 0.0503 0.6246 0.0338 0.0022 0.0049 
0.0542 0.0270 0.0024 0.0134 0.0019 0.0412 0.0006 0.0296 0.0006 0.0001 0.0893 0.0046 0.7030 0.0275 0.0027 0.0021 
0.0260 0.0241 0.0003 0.0034 0.0013 0.0144 0.0006 0.0133 0.0011 0.0001 0.0126 0.2649 0.6233 0.0129 0.0010 0.0010 
0.0556 0.0270 0.0003 0.0083 0.0006 0.0395 0.0011 0.0292 0.0021 0.0003 0.0300 0.0073 0.7667 0.0270 0.0021 0.0029 
0.0546 0.0302 0.0056 0.0002 0.0003 0.0295 0.0040 0.0272 0.0014 0.0001 0.0327 0.0067 0.7694 0.0295 0.0016 0.0072 
0.0578 0.0289 0.0048 0.0003 0.0003 0.0271 0.0027 0.0275 0.0001 0.0001 0.0291 0.0131 0.7720 0.0286 0.0053 0.0026 
0.0564 0.0278 0.0102 0.0002 0.0002 0.0283 0.0042 0.0284 0.0006 0.0001 0.0291 0.0022 0.7749 0.0288 0.0046 0.0043 
0.0578 0.0278 0.0021 0.0002 0.0002 0.0300 0.0027 0.0279 0.0008 0.0001 0.0316 0.0043 0.7726 0.0313 0.0040 0.0069 
0.0553 0.0329 0.0089 0.0001 0.0003 0.0302 0.0054 0.0272 0.0001 0.0001 0.0339 0.0042 0.7623 0.0280 0.0037 0.0080 
0.0521 0.0540 0.0128 0.0003 0.0003 0.0243 0.0073 0.0251 0.0001 0.0001 0.0278 0.0117 0.7267 0.0295 0.0067 0.0217 
0.0597 0.0292 0.0952 0.0174 0.0014 0.0284 0.0121 0.0291 0.0029 0.0001 0.0276 0.0080 0.4257 0.0641 0.0409 0.1581 
0.0875 0.0526 0.0912 0.0184 0.0085 0.0558 0.0682 0.0490 0.0064 0.0001 0.0449 0.0112 0.1307 0.0482 0.1556 0.1720 
0.1540 0.0548 0.0712 0.0101 0.0233 0.0767 0.0599 0.0664 0.0326 0.0024 0.0519 0.0019 0.0762 0.0709 0.0054 0.2423 
