0.1535 0.0716 0.0891 0.1485 0.0011 0.1116 0.0050 0.0634 0.0109 0.0026 0.1433 0.0481 0.0759 0.0632 0.0026 0.0097 
0.1292 0.0797 0.1843 0.1016 0.0027 0.0693 0.0101 0.0647 0.0043 0.0010 0.1035 0.0653 0.1083 0.0632 0.0057 0.0070 
0.0722 0.0380 0.0158 0.0390 0.2096 0.0693 0.1867 0.0399 0.0001 0.0005 0.0409 0.0530 0.1853 0.0374 0.0070 0.0053 
0.0906 0.0525 0.0030 0.0265 0.0035 0.0693 0.0008 0.1717 0.0002 0.0008 0.0738 0.0022 0.4445 0.0449 0.0037 0.0120 
0.0748 0.0351 0.0011 0.0019 0.0029 0.0778 0.0010 0.0380 0.0460 0.0976 0.0735 0.1443 0.3624 0.0347 0.0045 0.0045 
0.0767 0.0511 0.0141 0.0002 0.0018 0.0351 0.0014 0.0358 0.0056 0.0002 0.0728 0.0487 0.6110 0.0353 0.0081 0.0021 
0.0658 0.0345 0.0026 0.0018 0.0010 0.0367 0.0016 0.0331 0.0014 0.0001 0.0353 0.0655 0.6796 0.0339 0.0034 0.0042 
0.0684 0.0356 0.0220 0.0001 0.0006 0.0419 0.0010 0.0332 0.0002 0.0001 0.0356 0.0058 0.7173 0.0332 0.0030 0.0024 
0.0588 0.0382 0.0026 0.0003 0.0003 0.0286 0.0014 0.0302 0.0002 0.0001 0.0343 0.0069 0.7586 0.0291 0.0069 0.0038 
0.0612 0.0292 0.0064 0.0014 0.0003 0.0332 0.0032 0.0312 0.0006 0.0001 0.0318 0.0109 0.7426 0.0310 0.0054 0.0117 
0.0605 0.0302 0.0107 0.0006 0.0005 0.0262 0.0024 0.0287 0.0016 0.0001 0.0308 0.0075 0.7576 0.0287 0.0067 0.0073 
0.0599 0.0279 0.0064 0.0019 0.0010 0.0302 0.0053 0.0279 0.0013 0.0005 0.0337 0.0030 0.7627 0.0279 0.0016 0.0088 
0.0583 0.0296 0.0136 0.0006 0.0024 0.0264 0.0003 0.0280 0.0005 0.0001 0.0361 0.0077 0.7583 0.0289 0.0034 0.0061 
0.0722 0.0395 0.0064 0.0030 0.0089 0.0412 0.0078 0.0366 0.0024 0.0002 0.0372 0.0323 0.0989 0.5986 0.0064 0.0085 
0.0498 0.0418 0.0050 0.0022 0.0016 0.0294 0.0062 0.0281 0.0002 0.0001 0.0287 0.0056 0.0484 0.0246 0.7225 0.0061 
0.0577 0.0482 0.0118 0.0016 0.0003 0.0332 0.0069 0.0270 0.0141 0.0029 0.0318 0.0038 0.0463 0.0249 0.0045 0.6850 
0.5340 0.0626 0.0529 0.0056 0.0011 0.0558 0.0081 0.0577 0.0029 0.0002 0.0631 0.0075 0.0703 0.0629 0.0032 0.0121 
0.1061 0.0564 0.1225 0.0018 0.0026 0.4156 0.0069 0.0554 0.0006 0.0003 0.0596 0.0112 0.0935 0.0542 0.0097 0.0037 
0.0855 0.0417 0.0173 0.0107 0.0022 0.0470 0.0013 0.0438 0.0006 0.0013 0.5311 0.0088 0.1548 0.0419 0.0038 0.0083 
0.0519 0.0351 0.0010 0.0086 0.0029 0.0244 0.0005 0.0267 0.0005 0.0001 0.0359 0.6296 0.1542 0.0256 0.0011 0.0021 
0.0508 0.0241 0.0005 0.0021 0.0072 0.0516 0.0037 0.0296 0.0058 0.0002 0.0264 0.0206 0.7439 0.0275 0.0043 0.0019 
0.0519 0.0559 0.0057 0.0001 0.0010 0.0273 0.0006 0.0268 0.0034 0.0001 0.0287 0.0067 0.7529 0.0259 0.0038 0.0094 
0.0548 0.0268 0.0035 0.0006 0.0006 0.0292 0.0026 0.0270 0.0072 0.0030 0.0308 0.0168 0.7585 0.0273 0.0011 0.0101 
0.0511 0.0666 0.0270 0.0001 0.0013 0.0205 0.0024 0.0232 0.0013 0.0001 0.0216 0.0054 0.7293 0.0244 0.0131 0.0129 
0.0679 0.0399 0.0093 0.0045 0.0077 0.0356 0.0374 0.0342 0.0013 0.0001 0.0323 0.0021 0.1073 0.5752 0.0115 0.0342 
0.0465 0.0340 0.0567 0.0013 0.0003 0.0174 0.0105 0.0276 0.0008 0.0001 0.0184 0.0019 0.0621 0.0212 0.6911 0.0102 
0.0462 0.0174 0.0978 0.0165 0.0003 0.0153 0.0099 0.0163 0.0220 0.0013 0.0260 0.0008 0.0342 0.0163 0.0113 0.6683 
0.4923 0.0497 0.0915 0.0131 0.0024 0.0983 0.0200 0.0487 0.0013 0.0001 0.0495 0.0163 0.0419 0.0494 0.0016 0.0243 
0.1091 0.2678 0.0596 0.0289 0.0043 0.3005 0.0053 0.0598 0.0001 0.0014 0.0556 0.0037 0.0356 0.0546 0.0050 0.0088 
0.0692 0.0372 0.0407 0.3212 0.0026 0.0425 0.0014 0.0399 0.0077 0.0001 0.3623 0.0065 0.0198 0.0335 0.0081 0.0072 
0.0620 0.0366 0.1117 0.1813 0.0058 0.0312 0.0018 0.0275 0.0038 0.0006 0.0321 0.4537 0.0177 0.0273 0.0019 0.0051 
0.0850 0.0428 0.0337 0.3529 0.0035 0.0962 0.0027 0.0419 0.0002 0.0006 0.0468 0.0123 0.2250 0.0398 0.0069 0.0097 
0.0998 0.0797 0.0581 0.0591 0.0172 0.0813 0.0029 0.0529 0.0008 0.0005 0.0837 0.0113 0.3964 0.0498 0.0018 0.0048 
0.1047 0.1010 0.0099 0.0706 0.0051 0.1520 0.0032 0.0852 0.0010 0.0014 0.0612 0.0722 0.2744 0.0518 0.0026 0.0038 
0.1239 0.0808 0.0099 0.2204 0.0019 0.0597 0.0125 0.0652 0.0204 0.0001 0.1035 0.0078 0.1945 0.0585 0.0150 0.0259 
0.1280 0.0666 0.1984 0.0511 0.0115 0.0629 0.0312 0.0625 0.0304 0.0008 0.0753 0.0821 0.1256 0.0629 0.0045 0.0062 
0.1056 0.0470 0.0329 0.0080 0.3675 0.0542 0.1158 0.0518 0.0002 0.0029 0.0559 0.0104 0.0599 0.0751 0.0059 0.0070 
0.0714 0.0652 0.0803 0.0046 0.0043 0.0557 0.0008 0.3614 0.0042 0.0010 0.0426 0.0038 0.0553 0.0379 0.1996 0.0118 
0.0645 0.0423 0.0056 0.0260 0.0046 0.0530 0.0064 0.0356 0.3847 0.0594 0.0444 0.0101 0.0717 0.0361 0.0035 0.1519 
0.3190 0.2933 0.0260 0.0126 0.0040 0.0714 0.0086 0.0458 0.0050 0.0005 0.0657 0.0192 0.0618 0.0439 0.0094 0.0137 
0.0601 0.2722 0.3109 0.0323 0.0045 0.0275 0.0141 0.0307 0.0032 0.0006 0.0449 0.0264 0.0283 0.0262 0.0102 0.1080 
0.0145 0.0165 0.5011 0.3526 0.0018 0.0115 0.0208 0.0072 0.0037 0.0002 0.0091 0.0222 0.0168 0.0080 0.0034 0.0109 
0.0469 0.0244 0.3477 0.3248 0.0093 0.1201 0.0093 0.0241 0.0005 0.0057 0.0308 0.0073 0.0195 0.0216 0.0038 0.0042 
0.0765 0.0447 0.0054 0.0334 0.0131 0.5081 0.0013 0.0502 0.0013 0.0051 0.1685 0.0426 0.0088 0.0350 0.0019 0.0042 
0.0652 0.0372 0.0002 0.0331 0.0045 0.0343 0.0008 0.0366 0.0069 0.0040 0.5903 0.1371 0.0134 0.0326 0.0021 0.0019 
0.0428 0.0299 0.0003 0.0061 0.0011 0.0228 0.0018 0.0228 0.0053 0.0008 0.0268 0.7121 0.1022 0.0204 0.0034 0.0013 
0.0545 0.0287 0.0048 0.0021 0.0003 0.0311 0.0040 0.0267 0.0046 0.0001 0.0291 0.0083 0.7572 0.0315 0.0040 0.0133 
0.0569 0.0270 0.0128 0.0003 0.0002 0.0401 0.0032 0.0257 0.0002 0.0001 0.0292 0.0048 0.7594 0.0270 0.0091 0.0043 
0.0534 0.0324 0.0217 0.0001 0.0008 0.0265 0.0032 0.0264 0.0001 0.0001 0.0292 0.0099 0.7645 0.0256 0.0051 0.0016 
0.0545 0.0268 0.0008 0.0021 0.0003 0.0355 0.0019 0.0284 0.0005 0.0001 0.0283 0.0123 0.7646 0.0265 0.0035 0.0142 
0.0544 0.0299 0.0134 0.0005 0.0006 0.0260 0.0045 0.0251 0.0018 0.0001 0.0378 0.0065 0.7492 0.0273 0.0016 0.0216 
0.0526 0.0302 0.0099 0.0002 0.0006 0.0441 0.0016 0.0241 0.0002 0.0001 0.0327 0.0224 0.7490 0.0259 0.0030 0.0035 
0.0442 0.0636 0.0145 0.0003 0.0010 0.0198 0.0091 0.0220 0.0014 0.0001 0.0260 0.0065 0.7227 0.0227 0.0054 0.0407 
0.0612 0.0353 0.0091 0.0042 0.0040 0.0297 0.0928 0.0299 0.0014 0.0001 0.0286 0.0168 0.0805 0.5582 0.0121 0.0363 
0.0388 0.0286 0.0770 0.0059 0.0003 0.0168 0.0104 0.0233 0.0008 0.0001 0.0192 0.0019 0.0676 0.0198 0.6683 0.0214 
0.0363 0.0131 0.1852 0.0545 0.0002 0.0104 0.0061 0.0120 0.0086 0.0008 0.0147 0.0013 0.0385 0.0134 0.0085 0.5966 
0.4050 0.0407 0.1762 0.1529 0.0008 0.0428 0.0078 0.0390 0.0016 0.0001 0.0398 0.0035 0.0305 0.0411 0.0050 0.0136 
0.0934 0.0655 0.0113 0.0402 0.0057 0.5897 0.0022 0.0471 0.0001 0.0018 0.0492 0.0035 0.0286 0.0460 0.0077 0.0081 
0.0856 0.0554 0.0038 0.0399 0.0085 0.0690 0.0003 0.0522 0.0006 0.0005 0.6143 0.0075 0.0126 0.0417 0.0008 0.0072 
0.0444 0.0710 0.0152 0.0385 0.0022 0.0272 0.0016 0.0270 0.0080 0.0003 0.0321 0.6909 0.0160 0.0209 0.0040 0.0006 
0.1064 0.0569 0.0201 0.0720 0.0032 0.0601 0.0120 0.0518 0.0018 0.0001 0.0653 0.0241 0.4289 0.0524 0.0171 0.0281 
0.0912 0.0653 0.2575 0.0166 0.0067 0.0578 0.0201 0.0484 0.0026 0.0001 0.0658 0.0176 0.2793 0.0454 0.0123 0.0133 
0.0979 0.0599 0.0923 0.0077 0.2551 0.0605 0.0936 0.0542 0.0005 0.0001 0.0503 0.0126 0.0946 0.0850 0.0149 0.0209 
0.0765 0.0538 0.1511 0.0350 0.0102 0.0328 0.0355 0.1511 0.0030 0.0010 0.0324 0.0051 0.0845 0.0475 0.2214 0.0590 
0.0612 0.0449 0.1664 0.0115 0.0136 0.0613 0.0081 0.0468 0.1444 0.1040 0.0276 0.0206 0.0449 0.0302 0.0062 0.2083 
0.2086 0.1174 0.0299 0.0030 0.0345 0.2021 0.0145 0.0746 0.0914 0.0058 0.0617 0.0161 0.0425 0.0637 0.0021 0.0321 
