0.0970 0.0521 0.0687 0.0848 0.0235 0.2127 0.0168 0.0535 0.0197 0.1010 0.1039 0.0197 0.0419 0.0518 0.0054 0.0478 
0.0877 0.0919 0.3065 0.0363 0.0019 0.0637 0.0040 0.0572 0.0069 0.0013 0.2161 0.0337 0.0169 0.0340 0.0038 0.0380 
0.0979 0.0896 0.0409 0.2940 0.0080 0.0655 0.0153 0.0484 0.0486 0.0021 0.0609 0.1525 0.0158 0.0460 0.0034 0.0112 
0.0995 0.0639 0.0994 0.0577 0.0081 0.4003 0.0075 0.0513 0.0042 0.0061 0.0621 0.0289 0.0487 0.0470 0.0107 0.0046 
0.0998 0.0819 0.0401 0.0802 0.0057 0.0875 0.0037 0.0521 0.0016 0.0035 0.4232 0.0297 0.0188 0.0471 0.0016 0.0235 
0.0548 0.0494 0.0113 0.0117 0.0050 0.1024 0.0030 0.0275 0.0053 0.0081 0.0524 0.6120 0.0267 0.0262 0.0026 0.0018 
0.0749 0.0492 0.0201 0.0201 0.0064 0.0390 0.0021 0.0388 0.0035 0.0003 0.2297 0.0649 0.4019 0.0407 0.0046 0.0037 
0.0417 0.0212 0.0061 0.0573 0.0024 0.0321 0.0110 0.0254 0.0029 0.0001 0.0208 0.3766 0.3696 0.0193 0.0077 0.0059 
0.0532 0.0260 0.0209 0.0094 0.0021 0.0468 0.0018 0.0283 0.0038 0.0001 0.0280 0.0051 0.7370 0.0262 0.0022 0.0091 
0.0578 0.0348 0.0070 0.0078 0.0016 0.0398 0.0045 0.0284 0.0054 0.0011 0.0315 0.0096 0.7332 0.0296 0.0029 0.0050 
0.0605 0.0476 0.0171 0.0134 0.0018 0.0316 0.0053 0.0302 0.0014 0.0002 0.0335 0.0144 0.6986 0.0324 0.0078 0.0042 
0.1220 0.0636 0.0851 0.0468 0.0022 0.0612 0.0065 0.0634 0.0043 0.0003 0.0623 0.0149 0.2765 0.1206 0.0216 0.0487 
0.0990 0.0489 0.1471 0.0383 0.0022 0.0508 0.0096 0.0476 0.0016 0.0001 0.0494 0.0050 0.2310 0.0492 0.2036 0.0168 
0.0712 0.0398 0.1589 0.1556 0.0045 0.0345 0.0163 0.0356 0.0035 0.0002 0.0371 0.0051 0.0578 0.0426 0.0171 0.3202 
0.1452 0.0593 0.1027 0.3676 0.0045 0.0622 0.0176 0.0590 0.0005 0.0002 0.0601 0.0056 0.0225 0.0574 0.0275 0.0083 
0.0663 0.0610 0.2839 0.3698 0.0027 0.0476 0.0019 0.0327 0.0040 0.0016 0.0347 0.0029 0.0137 0.0305 0.0061 0.0406 
0.0668 0.0287 0.0513 0.6953 0.0045 0.0339 0.0018 0.0270 0.0043 0.0003 0.0339 0.0121 0.0115 0.0240 0.0021 0.0027 
0.0773 0.0409 0.0032 0.0998 0.0171 0.6013 0.0008 0.0423 0.0002 0.0024 0.0426 0.0243 0.0067 0.0370 0.0021 0.0021 
0.0815 0.0478 0.0018 0.0230 0.0109 0.0682 0.0005 0.0502 0.0067 0.0002 0.6234 0.0139 0.0228 0.0401 0.0026 0.0066 
0.0420 0.0737 0.0013 0.0259 0.0016 0.0225 0.0016 0.0225 0.0085 0.0002 0.0275 0.7019 0.0475 0.0211 0.0010 0.0014 
0.0589 0.0305 0.0192 0.0307 0.0013 0.0265 0.0062 0.0273 0.0070 0.0001 0.0276 0.0089 0.6989 0.0272 0.0093 0.0204 
0.0596 0.0329 0.0663 0.0083 0.0061 0.0371 0.0184 0.0289 0.0003 0.0001 0.0283 0.0051 0.6613 0.0334 0.0045 0.0097 
0.0623 0.0374 0.0550 0.0158 0.0008 0.0343 0.0013 0.0391 0.0001 0.0001 0.0312 0.0026 0.6639 0.0308 0.0192 0.0064 
0.1021 0.0527 0.0219 0.1049 0.0003 0.0444 0.0078 0.0462 0.0212 0.0002 0.0516 0.0030 0.2353 0.0463 0.0107 0.2514 
0.1295 0.0433 0.3360 0.1147 0.0024 0.0474 0.0051 0.0401 0.0008 0.0001 0.0439 0.0038 0.1751 0.0409 0.0050 0.0120 
0.0854 0.0545 0.0273 0.0062 0.0081 0.6080 0.0010 0.0479 0.0001 0.0010 0.0462 0.0053 0.0553 0.0423 0.0034 0.0085 
0.0872 0.0513 0.0034 0.0131 0.0045 0.0660 0.0010 0.0511 0.0018 0.0001 0.6203 0.0123 0.0377 0.0431 0.0018 0.0057 
0.0513 0.0450 0.0026 0.0163 0.0034 0.0241 0.0010 0.0260 0.0088 0.0005 0.0406 0.7145 0.0390 0.0249 0.0001 0.0021 
0.0546 0.0248 0.0037 0.0137 0.0016 0.0324 0.0022 0.0291 0.0014 0.0002 0.0267 0.0225 0.7483 0.0281 0.0051 0.0056 
0.0502 0.0254 0.0126 0.0035 0.0016 0.0337 0.0037 0.0259 0.0006 0.0005 0.0418 0.0069 0.7556 0.0278 0.0059 0.0043 
0.0508 0.0393 0.0013 0.0131 0.0014 0.0225 0.0018 0.0246 0.0024 0.0001 0.0262 0.0374 0.7433 0.0268 0.0024 0.0069 
0.0569 0.0257 0.0010 0.0161 0.0008 0.0345 0.0024 0.0281 0.0013 0.0001 0.0270 0.0056 0.7631 0.0296 0.0062 0.0018 
0.0498 0.0313 0.0128 0.0005 0.0008 0.0486 0.0024 0.0273 0.0016 0.0001 0.0270 0.0029 0.7500 0.0283 0.0072 0.0097 
0.0511 0.0414 0.0022 0.0037 0.0053 0.0251 0.0205 0.0260 0.0006 0.0001 0.0259 0.0046 0.7448 0.0339 0.0045 0.0105 
0.0573 0.0321 0.0141 0.0011 0.0016 0.0366 0.0046 0.0291 0.0006 0.0005 0.0294 0.0035 0.6975 0.0398 0.0249 0.0273 
0.0535 0.0276 0.0462 0.0027 0.0038 0.0300 0.0078 0.0267 0.0078 0.0010 0.0412 0.0089 0.0601 0.3137 0.0321 0.3368 
0.0586 0.0292 0.1398 0.0066 0.0018 0.0299 0.0201 0.0302 0.0018 0.0002 0.0390 0.0526 0.0625 0.0278 0.4847 0.0153 
0.0721 0.0463 0.1471 0.0227 0.0005 0.0217 0.0158 0.0240 0.0107 0.0008 0.0288 0.0069 0.0137 0.0217 0.0105 0.5566 
0.2125 0.0355 0.4834 0.0676 0.0021 0.0395 0.0152 0.0283 0.0045 0.0008 0.0294 0.0128 0.0217 0.0327 0.0053 0.0089 
0.0831 0.0626 0.0147 0.0030 0.0093 0.6573 0.0032 0.0435 0.0003 0.0021 0.0542 0.0059 0.0104 0.0412 0.0040 0.0053 
0.0839 0.0554 0.0042 0.0165 0.0019 0.0396 0.0010 0.0516 0.0005 0.0027 0.6553 0.0299 0.0045 0.0427 0.0019 0.0085 
0.0506 0.0337 0.0209 0.0157 0.0006 0.0235 0.0011 0.0241 0.0163 0.0001 0.0334 0.7427 0.0088 0.0240 0.0026 0.0021 
0.0529 0.0251 0.0165 0.0120 0.0014 0.0272 0.0030 0.0252 0.0010 0.0002 0.0295 0.0134 0.7550 0.0265 0.0035 0.0077 
0.0540 0.0307 0.0153 0.0040 0.0016 0.0351 0.0006 0.0273 0.0001 0.0001 0.0289 0.0080 0.7587 0.0278 0.0035 0.0045 
0.0545 0.0280 0.0027 0.0110 0.0008 0.0332 0.0030 0.0281 0.0005 0.0001 0.0305 0.0128 0.7627 0.0272 0.0022 0.0027 
0.0608 0.0308 0.0011 0.0072 0.0010 0.0307 0.0008 0.0284 0.0006 0.0002 0.0319 0.0073 0.7608 0.0281 0.0018 0.0085 
0.0551 0.0284 0.0034 0.0058 0.0029 0.0318 0.0054 0.0278 0.0006 0.0001 0.0316 0.0128 0.7613 0.0281 0.0034 0.0018 
0.0564 0.0332 0.0097 0.0018 0.0008 0.0275 0.0005 0.0294 0.0002 0.0001 0.0318 0.0078 0.7639 0.0296 0.0032 0.0045 
0.0610 0.0305 0.0045 0.0073 0.0005 0.0315 0.0065 0.0311 0.0067 0.0001 0.0303 0.0104 0.7274 0.0299 0.0070 0.0153 
0.0674 0.0343 0.0145 0.0045 0.0005 0.0335 0.0037 0.0334 0.0010 0.0001 0.0391 0.0026 0.7146 0.0350 0.0061 0.0101 
0.0644 0.0316 0.0399 0.0077 0.0011 0.0300 0.0029 0.0299 0.0011 0.0001 0.0342 0.0070 0.7021 0.0294 0.0078 0.0110 
0.0730 0.0374 0.0112 0.0120 0.0112 0.0717 0.0034 0.0383 0.0002 0.0001 0.0377 0.0030 0.6101 0.0816 0.0019 0.0075 
0.0816 0.0554 0.0147 0.0069 0.0019 0.0430 0.0018 0.0474 0.0021 0.0001 0.0423 0.0086 0.5474 0.0427 0.0936 0.0107 
0.0623 0.0355 0.0056 0.0267 0.0093 0.0490 0.0173 0.0310 0.0077 0.0147 0.0369 0.0069 0.5957 0.0318 0.0070 0.0628 
0.1378 0.0446 0.0447 0.0045 0.0032 0.0466 0.0043 0.0430 0.0006 0.0002 0.0385 0.0187 0.5541 0.0390 0.0040 0.0163 
0.0597 0.0371 0.0136 0.0056 0.0056 0.1308 0.0113 0.0292 0.0177 0.0037 0.0353 0.0147 0.5835 0.0280 0.0054 0.0187 
0.0442 0.0375 0.0246 0.0021 0.0045 0.0406 0.0026 0.0297 0.0005 0.0003 0.2411 0.0123 0.5193 0.0212 0.0128 0.0067 
0.0436 0.0403 0.0476 0.0075 0.0014 0.0217 0.0045 0.0217 0.0051 0.0001 0.0382 0.3600 0.3676 0.0187 0.0014 0.0206 
0.0487 0.0241 0.0527 0.0174 0.0006 0.0299 0.0040 0.0233 0.0011 0.0006 0.0276 0.0295 0.7114 0.0241 0.0013 0.0035 
0.0500 0.0284 0.0241 0.0085 0.0080 0.0272 0.0089 0.0243 0.0008 0.0003 0.0343 0.0121 0.7259 0.0299 0.0099 0.0073 
0.0487 0.0252 0.0011 0.0484 0.0037 0.0248 0.0018 0.0300 0.0001 0.0002 0.0428 0.0188 0.7149 0.0249 0.0093 0.0054 
0.0543 0.0270 0.0061 0.0201 0.0018 0.0243 0.0034 0.0272 0.0219 0.0003 0.0246 0.0203 0.6759 0.0254 0.0048 0.0628 
0.0601 0.0281 0.0366 0.0181 0.0019 0.0286 0.0093 0.0288 0.0021 0.0001 0.0288 0.0038 0.7164 0.0276 0.0051 0.0048 
0.0604 0.0369 0.1021 0.0141 0.0014 0.0468 0.0042 0.0324 0.0034 0.0002 0.0427 0.0038 0.6113 0.0299 0.0038 0.0067 
0.0914 0.0490 0.0096 0.1149 0.0014 0.0586 0.0051 0.0465 0.0038 0.0001 0.0572 0.0339 0.4591 0.0494 0.0054 0.0147 
0.0828 0.0427 0.0246 0.0339 0.0107 0.0566 0.0018 0.0383 0.0021 0.0001 0.0401 0.0185 0.5988 0.0364 0.0094 0.0035 
0.0623 0.0398 0.0093 0.0310 0.0053 0.0806 0.0034 0.0465 0.0014 0.0005 0.0428 0.0048 0.6214 0.0303 0.0054 0.0153 
0.0824 0.0717 0.0145 0.0133 0.0054 0.0581 0.0054 0.0410 0.0163 0.0003 0.0541 0.0201 0.5636 0.0441 0.0022 0.0072 
0.0705 0.0564 0.0336 0.0166 0.0016 0.0425 0.0050 0.0351 0.0059 0.0005 0.0375 0.0436 0.6038 0.0332 0.0077 0.0066 
0.0553 0.0307 0.0366 0.0222 0.0013 0.0377 0.0097 0.0315 0.0045 0.0002 0.0393 0.0074 0.6355 0.0278 0.0123 0.0481 
0.0625 0.0340 0.0839 0.0105 0.0013 0.0449 0.0073 0.0323 0.0026 0.0001 0.0422 0.0252 0.5958 0.0390 0.0054 0.0131 
0.0669 0.0708 0.1417 0.0307 0.0038 0.0326 0.0083 0.0350 0.0070 0.0006 0.0332 0.0244 0.4786 0.0407 0.0141 0.0115 
0.1185 0.0511 0.0716 0.0936 0.0121 0.1000 0.0351 0.0578 0.0137 0.0001 0.0546 0.0137 0.1706 0.0628 0.0209 0.1236 
0.1778 0.0514 0.2187 0.0182 0.0246 0.0640 0.0343 0.0610 0.0319 0.0006 0.0601 0.0064 0.0751 0.0949 0.0117 0.0693 
