0.1129 0.0688 0.0872 0.2185 0.0030 0.0893 0.0176 0.0618 0.0086 0.0105 0.1265 0.0319 0.0709 0.0554 0.0053 0.0316 
0.1267 0.0761 0.0778 0.0738 0.0391 0.0904 0.0807 0.0614 0.0249 0.0010 0.1326 0.0542 0.0625 0.0745 0.0051 0.0193 
0.1179 0.0810 0.0930 0.1537 0.0083 0.0986 0.0037 0.0864 0.0010 0.0048 0.0962 0.0923 0.0696 0.0620 0.0224 0.0093 
0.1069 0.1403 0.0236 0.1141 0.0019 0.1345 0.0067 0.0546 0.0997 0.0096 0.0623 0.0187 0.0244 0.0537 0.0158 0.1332 
0.1639 0.0471 0.1955 0.3201 0.0029 0.0369 0.0129 0.0401 0.0022 0.0019 0.0599 0.0112 0.0420 0.0398 0.0099 0.0137 
0.0706 0.0829 0.0473 0.0035 0.0056 0.5716 0.0010 0.0401 0.0006 0.0008 0.0366 0.0415 0.0273 0.0358 0.0062 0.0286 
0.0883 0.0438 0.0065 0.0081 0.0024 0.0647 0.0021 0.0442 0.0016 0.0026 0.6351 0.0158 0.0246 0.0430 0.0064 0.0107 
0.0438 0.0628 0.0259 0.0048 0.0013 0.0220 0.0013 0.0209 0.0043 0.0006 0.0652 0.7101 0.0118 0.0214 0.0008 0.0030 
0.0465 0.0236 0.0030 0.0091 0.0013 0.0294 0.0019 0.0219 0.0005 0.0011 0.0225 0.1735 0.6375 0.0219 0.0022 0.0040 
0.0527 0.0264 0.0086 0.0029 0.0018 0.0289 0.0003 0.0278 0.0005 0.0001 0.0586 0.0034 0.7529 0.0284 0.0046 0.0024 
0.0430 0.0275 0.0006 0.0043 0.0008 0.0206 0.0048 0.0212 0.0008 0.0001 0.0216 0.1199 0.7056 0.0217 0.0045 0.0032 
0.0594 0.0304 0.0001 0.0078 0.0008 0.0396 0.0038 0.0267 0.0022 0.0001 0.0286 0.0035 0.7628 0.0281 0.0030 0.0034 
0.0534 0.0289 0.0118 0.0008 0.0005 0.0281 0.0056 0.0272 0.0018 0.0002 0.0304 0.0072 0.7629 0.0288 0.0056 0.0070 
0.0471 0.0257 0.0302 0.0016 0.0024 0.0232 0.0287 0.0232 0.0002 0.0001 0.0268 0.0070 0.7425 0.0256 0.0045 0.0115 
0.0581 0.0303 0.0115 0.0032 0.0003 0.0254 0.0024 0.0297 0.0003 0.0001 0.0294 0.0094 0.7555 0.0281 0.0080 0.0083 
0.0490 0.0249 0.0078 0.0123 0.0003 0.0240 0.0048 0.0243 0.0064 0.0002 0.0260 0.0051 0.5810 0.0307 0.0102 0.1930 
0.0600 0.0302 0.2132 0.0102 0.0019 0.0318 0.0498 0.0289 0.0011 0.0001 0.0348 0.0121 0.4324 0.0586 0.0211 0.0139 
0.1224 0.1058 0.0778 0.0417 0.0070 0.0570 0.0174 0.0553 0.0027 0.0003 0.0605 0.0097 0.2014 0.0597 0.0666 0.1145 
0.0731 0.0353 0.0249 0.0265 0.0372 0.0527 0.0366 0.0369 0.0019 0.0128 0.1188 0.0240 0.0305 0.4585 0.0030 0.0273 
0.0546 0.0727 0.0316 0.0192 0.0006 0.0372 0.0013 0.1131 0.0065 0.0011 0.0396 0.0136 0.0252 0.0315 0.5471 0.0050 
0.0368 0.0551 0.0067 0.0716 0.0014 0.0310 0.0046 0.0190 0.1496 0.0118 0.0455 0.0236 0.0219 0.0181 0.0030 0.5002 
0.4315 0.0828 0.1272 0.0612 0.0014 0.0548 0.0081 0.0481 0.0019 0.0002 0.0570 0.0193 0.0284 0.0486 0.0086 0.0208 
0.0368 0.0270 0.5797 0.1545 0.0059 0.0636 0.0059 0.0208 0.0011 0.0013 0.0379 0.0136 0.0214 0.0187 0.0040 0.0078 
0.0717 0.0901 0.0042 0.0657 0.0147 0.5507 0.0075 0.0430 0.0006 0.0010 0.0403 0.0502 0.0158 0.0351 0.0035 0.0059 
0.0784 0.0390 0.0008 0.0313 0.0022 0.0725 0.0043 0.0559 0.0026 0.0003 0.6233 0.0117 0.0324 0.0385 0.0030 0.0037 
0.0423 0.0312 0.0030 0.0037 0.0032 0.0259 0.0040 0.0203 0.0133 0.0037 0.0700 0.7061 0.0514 0.0200 0.0008 0.0013 
0.0404 0.0252 0.0008 0.0037 0.0006 0.0225 0.0062 0.0196 0.0029 0.0003 0.0204 0.1206 0.7118 0.0214 0.0016 0.0018 
0.0529 0.0291 0.0219 0.0003 0.0002 0.0276 0.0073 0.0262 0.0026 0.0003 0.0297 0.0043 0.7612 0.0265 0.0069 0.0030 
0.0564 0.0332 0.0083 0.0026 0.0006 0.0267 0.0019 0.0276 0.0001 0.0001 0.0300 0.0026 0.7718 0.0278 0.0018 0.0089 
0.0570 0.0296 0.0142 0.0078 0.0005 0.0260 0.0014 0.0289 0.0001 0.0001 0.0292 0.0040 0.7684 0.0289 0.0027 0.0014 
0.0543 0.0286 0.0109 0.0366 0.0034 0.0257 0.0054 0.0276 0.0005 0.0001 0.0308 0.0016 0.7123 0.0533 0.0045 0.0046 
0.0626 0.0312 0.0176 0.0540 0.0026 0.0327 0.0011 0.0316 0.0003 0.0001 0.0304 0.0059 0.6518 0.0332 0.0412 0.0040 
0.0636 0.0323 0.0046 0.0714 0.0035 0.0328 0.0005 0.0308 0.0037 0.0058 0.0393 0.0010 0.6267 0.0318 0.0104 0.0419 
0.0992 0.0534 0.0035 0.0374 0.0256 0.0802 0.0085 0.0486 0.0010 0.0005 0.0490 0.0185 0.4791 0.0497 0.0043 0.0417 
0.1176 0.0642 0.0265 0.0415 0.0045 0.0626 0.0022 0.0620 0.0018 0.0008 0.0658 0.0062 0.3596 0.0673 0.0946 0.0228 
0.1283 0.0864 0.0826 0.0232 0.0013 0.0877 0.0117 0.0653 0.0516 0.0050 0.0684 0.0208 0.1061 0.0657 0.0260 0.1701 
0.1971 0.0752 0.3116 0.0404 0.0026 0.0444 0.0045 0.0370 0.0094 0.0005 0.0500 0.0128 0.0755 0.0382 0.0137 0.0872 
0.0890 0.0483 0.0326 0.0171 0.0094 0.4771 0.0019 0.0412 0.0006 0.0032 0.0611 0.0580 0.0984 0.0403 0.0018 0.0200 
0.0808 0.0468 0.0128 0.0350 0.0077 0.0425 0.0011 0.0457 0.0010 0.0021 0.5861 0.0391 0.0489 0.0435 0.0019 0.0051 
0.0476 0.0273 0.0032 0.0351 0.0027 0.0286 0.0019 0.0232 0.0037 0.0006 0.0404 0.6783 0.0807 0.0225 0.0011 0.0030 
0.0503 0.0260 0.0169 0.0109 0.0024 0.0498 0.0027 0.0278 0.0030 0.0002 0.0272 0.0415 0.7065 0.0256 0.0021 0.0070 
0.0537 0.0287 0.0081 0.0133 0.0016 0.0444 0.0030 0.0305 0.0010 0.0001 0.0342 0.0050 0.7405 0.0270 0.0053 0.0038 
0.0538 0.0441 0.0077 0.0038 0.0011 0.0423 0.0030 0.0291 0.0022 0.0001 0.0268 0.0369 0.7191 0.0251 0.0035 0.0016 
0.0625 0.0399 0.0021 0.0315 0.0006 0.0299 0.0053 0.0310 0.0093 0.0001 0.0318 0.0050 0.7070 0.0313 0.0030 0.0101 
0.0826 0.0419 0.0583 0.0187 0.0003 0.0377 0.0053 0.0390 0.0069 0.0001 0.0385 0.0034 0.5942 0.0462 0.0105 0.0168 
0.0460 0.0219 0.2139 0.0089 0.0008 0.0241 0.0081 0.0203 0.0006 0.0001 0.0212 0.0008 0.5922 0.0212 0.0142 0.0058 
0.0617 0.0353 0.0310 0.0115 0.0070 0.0427 0.0042 0.0356 0.0008 0.0001 0.0363 0.0024 0.6833 0.0302 0.0069 0.0113 
0.0759 0.0714 0.0080 0.0310 0.0014 0.0580 0.0112 0.0463 0.0019 0.0001 0.0415 0.0097 0.5161 0.0476 0.0062 0.0739 
0.1242 0.0856 0.2427 0.0514 0.0019 0.0545 0.0091 0.0551 0.0126 0.0001 0.0615 0.0093 0.2110 0.0588 0.0110 0.0113 
0.0714 0.0304 0.3398 0.0027 0.0037 0.2813 0.0489 0.0275 0.0077 0.0002 0.0329 0.0120 0.0907 0.0278 0.0073 0.0158 
0.1088 0.0979 0.0789 0.0141 0.0350 0.0540 0.0136 0.0609 0.0008 0.0006 0.2861 0.0115 0.0804 0.1283 0.0037 0.0256 
0.0923 0.0510 0.0091 0.0093 0.0027 0.1072 0.0078 0.0784 0.0112 0.0035 0.0487 0.0657 0.0460 0.0478 0.4139 0.0054 
0.0399 0.0304 0.0070 0.0054 0.0105 0.0212 0.0254 0.0204 0.0073 0.0129 0.2364 0.0177 0.0551 0.1935 0.0018 0.3149 
0.1222 0.1233 0.0105 0.0051 0.0016 0.0324 0.0075 0.0177 0.0104 0.0010 0.0174 0.0318 0.0324 0.0187 0.5656 0.0024 
0.0385 0.0216 0.1641 0.0144 0.0010 0.0319 0.0030 0.0174 0.0211 0.0166 0.0358 0.0046 0.0435 0.0168 0.0107 0.5591 
0.2971 0.0692 0.2912 0.0117 0.0027 0.0522 0.0035 0.0476 0.0006 0.0002 0.0655 0.0350 0.0458 0.0470 0.0064 0.0243 
0.0949 0.0548 0.3994 0.1583 0.0027 0.0601 0.0051 0.0455 0.0003 0.0011 0.0522 0.0051 0.0626 0.0436 0.0030 0.0112 
0.0845 0.0473 0.0230 0.0050 0.0048 0.6286 0.0032 0.0433 0.0002 0.0005 0.0559 0.0177 0.0404 0.0412 0.0021 0.0024 
0.0892 0.0455 0.0029 0.0152 0.0029 0.0414 0.0013 0.0452 0.0006 0.0003 0.6537 0.0211 0.0334 0.0420 0.0014 0.0038 
0.0454 0.0275 0.0018 0.0118 0.0019 0.0203 0.0005 0.0222 0.0056 0.0008 0.0243 0.7229 0.0909 0.0216 0.0013 0.0014 
0.0551 0.0259 0.0214 0.0067 0.0008 0.0260 0.0032 0.0275 0.0006 0.0003 0.0296 0.0064 0.7607 0.0276 0.0034 0.0048 
0.0548 0.0403 0.0056 0.0013 0.0019 0.0318 0.0034 0.0270 0.0013 0.0001 0.0268 0.0059 0.7610 0.0300 0.0064 0.0026 
0.0562 0.0294 0.0013 0.0062 0.0008 0.0267 0.0016 0.0300 0.0005 0.0001 0.0326 0.0042 0.7652 0.0286 0.0109 0.0059 
0.0586 0.0275 0.0010 0.0035 0.0005 0.0304 0.0070 0.0280 0.0022 0.0001 0.0300 0.0105 0.7649 0.0278 0.0030 0.0053 
0.0615 0.0281 0.0058 0.0018 0.0002 0.0267 0.0026 0.0286 0.0013 0.0001 0.0334 0.0075 0.7629 0.0302 0.0053 0.0045 
0.0524 0.0305 0.0147 0.0005 0.0026 0.0304 0.0179 0.0251 0.0014 0.0001 0.0256 0.0034 0.7543 0.0296 0.0072 0.0048 
0.0580 0.0320 0.0184 0.0024 0.0006 0.0228 0.0024 0.0278 0.0001 0.0001 0.0280 0.0030 0.7388 0.0256 0.0211 0.0195 
0.0733 0.0345 0.0347 0.0105 0.0013 0.0358 0.0073 0.0339 0.0288 0.0006 0.0328 0.0072 0.4629 0.0922 0.0091 0.1352 
0.1094 0.0385 0.1746 0.0099 0.0018 0.0364 0.0145 0.0366 0.0005 0.0001 0.0446 0.0038 0.2913 0.0414 0.1854 0.0113 
0.0901 0.0538 0.0532 0.0073 0.0286 0.1230 0.0720 0.0449 0.0021 0.0070 0.0580 0.0147 0.2767 0.0565 0.0070 0.1050 
0.1283 0.0623 0.0037 0.0161 0.0343 0.0688 0.0192 0.0778 0.0022 0.0027 0.2832 0.0305 0.0634 0.1882 0.0121 0.0070 
0.0700 0.0498 0.0371 0.0153 0.0021 0.0411 0.0038 0.0751 0.0137 0.0094 0.0398 0.0567 0.0372 0.0371 0.4665 0.0452 
0.0984 0.0543 0.0356 0.0304 0.0046 0.0451 0.0096 0.0406 0.0880 0.0257 0.0409 0.0137 0.0751 0.0409 0.0096 0.3874 
0.4030 0.0569 0.0914 0.0842 0.0099 0.0578 0.0062 0.0553 0.0021 0.0019 0.0840 0.0165 0.0618 0.0557 0.0046 0.0088 
0.0915 0.0485 0.4027 0.0838 0.0029 0.1006 0.0032 0.0553 0.0056 0.0016 0.0580 0.0466 0.0172 0.0490 0.0115 0.0219 
0.0807 0.0706 0.1805 0.3707 0.0040 0.0604 0.0030 0.0414 0.0101 0.0013 0.0626 0.0169 0.0328 0.0401 0.0086 0.0163 
0.0961 0.0607 0.0268 0.0592 0.0048 0.5303 0.0027 0.0468 0.0006 0.0024 0.0540 0.0316 0.0243 0.0447 0.0034 0.0115 
0.0935 0.0459 0.0283 0.0145 0.0019 0.0825 0.0024 0.0471 0.0008 0.0010 0.5552 0.0336 0.0310 0.0449 0.0088 0.0086 
0.0534 0.0494 0.0065 0.0551 0.0014 0.0262 0.0008 0.0272 0.0021 0.0001 0.0518 0.6521 0.0436 0.0264 0.0008 0.0034 
0.0463 0.0209 0.0030 0.0819 0.0018 0.0251 0.0003 0.0219 0.0003 0.0002 0.0216 0.0629 0.6875 0.0216 0.0014 0.0032 
0.0551 0.0268 0.0046 0.0056 0.0048 0.0589 0.0002 0.0273 0.0001 0.0001 0.0364 0.0027 0.7449 0.0281 0.0034 0.0011 
0.0562 0.0447 0.0005 0.0121 0.0034 0.0267 0.0005 0.0294 0.0010 0.0001 0.0318 0.0355 0.7238 0.0294 0.0035 0.0018 
0.0564 0.0280 0.0001 0.0190 0.0011 0.0275 0.0051 0.0292 0.0021 0.0001 0.0276 0.0067 0.7590 0.0276 0.0077 0.0029 
0.0500 0.0369 0.0066 0.0002 0.0003 0.0452 0.0083 0.0270 0.0024 0.0001 0.0268 0.0043 0.7385 0.0316 0.0081 0.0139 
0.0533 0.0327 0.0195 0.0013 0.0013 0.0294 0.0062 0.0267 0.0011 0.0001 0.0329 0.0030 0.7482 0.0263 0.0102 0.0080 
0.0486 0.0283 0.0315 0.0005 0.0034 0.0252 0.0102 0.0254 0.0005 0.0001 0.0294 0.0141 0.7058 0.0251 0.0021 0.0503 
0.0917 0.0447 0.1078 0.0112 0.0003 0.0423 0.0086 0.0462 0.0032 0.0001 0.0530 0.0094 0.4212 0.0765 0.0113 0.0727 
0.0717 0.0396 0.3619 0.0195 0.0008 0.0348 0.0034 0.0334 0.0067 0.0011 0.0372 0.0259 0.2579 0.0371 0.0505 0.0185 
0.0866 0.0567 0.0837 0.0093 0.0118 0.2749 0.1050 0.0404 0.0013 0.0014 0.0407 0.0094 0.1444 0.0403 0.0093 0.0848 
0.0922 0.0588 0.0457 0.0161 0.0550 0.0460 0.0532 0.0511 0.0005 0.0001 0.1463 0.0065 0.0460 0.3435 0.0067 0.0324 
0.0840 0.0532 0.0152 0.0089 0.0037 0.0607 0.0334 0.0738 0.0324 0.0042 0.0452 0.0492 0.0476 0.0450 0.4353 0.0081 
0.0554 0.0275 0.0517 0.0125 0.0126 0.0267 0.0369 0.0305 0.0241 0.0417 0.1810 0.0366 0.0380 0.0979 0.0021 0.3249 
0.2260 0.0821 0.0561 0.0121 0.0021 0.0483 0.0042 0.0547 0.0189 0.0016 0.0449 0.0288 0.0377 0.0455 0.3237 0.0134 
0.0564 0.0281 0.0923 0.1043 0.0018 0.0353 0.0030 0.0238 0.0307 0.0209 0.0487 0.0053 0.0382 0.0227 0.0038 0.4846 
0.3097 0.0692 0.1759 0.0989 0.0133 0.0604 0.0099 0.0575 0.0006 0.0001 0.0596 0.0300 0.0321 0.0666 0.0104 0.0059 
0.0914 0.0629 0.2326 0.3081 0.0107 0.0864 0.0021 0.0553 0.0003 0.0011 0.0462 0.0091 0.0348 0.0438 0.0104 0.0050 
0.0732 0.0693 0.0027 0.0562 0.0109 0.5807 0.0034 0.0387 0.0121 0.0062 0.0519 0.0050 0.0395 0.0340 0.0056 0.0107 
0.0906 0.0359 0.0011 0.0254 0.0040 0.0463 0.0040 0.0508 0.0065 0.0010 0.5922 0.0275 0.0763 0.0348 0.0022 0.0013 
0.0465 0.0604 0.0038 0.0091 0.0038 0.0240 0.0032 0.0248 0.0102 0.0016 0.0265 0.7136 0.0474 0.0219 0.0008 0.0024 
0.0529 0.0260 0.0027 0.0447 0.0003 0.0241 0.0024 0.0267 0.0045 0.0008 0.0316 0.0128 0.7340 0.0284 0.0019 0.0061 
0.0589 0.0302 0.0626 0.0043 0.0014 0.0310 0.0026 0.0267 0.0040 0.0001 0.0267 0.0080 0.7047 0.0278 0.0078 0.0034 
0.0634 0.0388 0.0153 0.0137 0.0029 0.0302 0.0008 0.0310 0.0002 0.0001 0.0326 0.0011 0.7232 0.0324 0.0078 0.0067 
0.0631 0.0299 0.0081 0.0315 0.0002 0.0329 0.0080 0.0327 0.0005 0.0001 0.0299 0.0045 0.7215 0.0291 0.0050 0.0035 
0.0759 0.0561 0.0045 0.0358 0.0006 0.0383 0.0065 0.0374 0.0050 0.0001 0.0415 0.0022 0.6361 0.0387 0.0048 0.0168 
0.0810 0.0430 0.0468 0.1149 0.0173 0.0374 0.0320 0.0404 0.0034 0.0001 0.0385 0.0054 0.4597 0.0436 0.0256 0.0112 
0.1107 0.0673 0.1559 0.0609 0.0075 0.0684 0.0201 0.0813 0.0038 0.0001 0.0534 0.0038 0.1626 0.0628 0.0484 0.0933 
0.1473 0.0449 0.0230 0.0358 0.0264 0.1357 0.0085 0.0591 0.0912 0.0284 0.0518 0.0038 0.0711 0.0954 0.0083 0.1692 
