0.1004 0.0399 0.1444 0.3283 0.0051 0.0891 0.0067 0.0422 0.0133 0.0078 0.0901 0.0493 0.0402 0.0367 0.0014 0.0050 
0.0823 0.1634 0.1505 0.0554 0.0050 0.2765 0.0089 0.0457 0.0105 0.0035 0.0580 0.0315 0.0535 0.0395 0.0053 0.0107 
0.0859 0.0426 0.0072 0.0805 0.0105 0.0640 0.0073 0.0444 0.0057 0.0008 0.5093 0.0217 0.0690 0.0420 0.0035 0.0053 
0.0656 0.0516 0.0091 0.0399 0.0038 0.0478 0.0010 0.0404 0.0024 0.0027 0.0823 0.5740 0.0343 0.0345 0.0013 0.0093 
0.0653 0.0588 0.0037 0.0390 0.0016 0.0367 0.0013 0.0331 0.0054 0.0022 0.0353 0.1587 0.5001 0.0346 0.0046 0.0196 
0.0489 0.0268 0.0327 0.0174 0.0029 0.0530 0.0029 0.0243 0.0021 0.0002 0.0343 0.0133 0.7045 0.0238 0.0035 0.0094 
0.0569 0.0412 0.0118 0.0176 0.0029 0.0310 0.0030 0.0268 0.0006 0.0003 0.0350 0.0144 0.7050 0.0374 0.0026 0.0136 
0.0498 0.0241 0.0112 0.0618 0.0005 0.0281 0.0016 0.0236 0.0030 0.0001 0.0249 0.0289 0.7097 0.0254 0.0059 0.0014 
0.0519 0.0284 0.0420 0.0137 0.0026 0.0296 0.0040 0.0260 0.0027 0.0002 0.0286 0.0056 0.7240 0.0254 0.0053 0.0099 
0.0525 0.0307 0.0014 0.0433 0.0011 0.0402 0.0019 0.0268 0.0003 0.0001 0.0265 0.0056 0.7296 0.0264 0.0032 0.0105 
0.0586 0.0415 0.0072 0.0220 0.0021 0.0399 0.0037 0.0288 0.0003 0.0001 0.0305 0.0038 0.7278 0.0280 0.0034 0.0026 
0.0525 0.0356 0.0166 0.0364 0.0011 0.0259 0.0046 0.0272 0.0019 0.0001 0.0299 0.0056 0.7302 0.0249 0.0050 0.0027 
0.0484 0.0252 0.0200 0.0439 0.0003 0.0312 0.0096 0.0259 0.0027 0.0001 0.0292 0.0085 0.7200 0.0265 0.0037 0.0051 
0.0505 0.0372 0.0275 0.0720 0.0034 0.0267 0.0067 0.0244 0.0022 0.0001 0.0280 0.0134 0.6550 0.0401 0.0067 0.0064 
0.0601 0.0399 0.0289 0.0890 0.0059 0.0364 0.0065 0.0299 0.0005 0.0002 0.0339 0.0058 0.5818 0.0342 0.0313 0.0158 
0.0906 0.0567 0.0487 0.0369 0.0198 0.0854 0.0150 0.0462 0.0054 0.0032 0.0540 0.0101 0.1910 0.0930 0.0070 0.2370 
0.1519 0.0927 0.0575 0.0181 0.0294 0.1077 0.0915 0.0730 0.0064 0.0046 0.0768 0.0208 0.1112 0.0789 0.0502 0.0294 
0.1396 0.1145 0.0636 0.0455 0.0030 0.0918 0.0070 0.1091 0.0018 0.0326 0.1077 0.0289 0.1275 0.0688 0.0105 0.0481 
0.1588 0.1312 0.0633 0.0486 0.0021 0.1104 0.0070 0.0666 0.0716 0.0321 0.1102 0.0428 0.0524 0.0719 0.0144 0.0166 
0.1397 0.1027 0.1039 0.1224 0.0021 0.0908 0.0046 0.0623 0.0035 0.0026 0.1598 0.0511 0.0705 0.0636 0.0062 0.0142 
0.1181 0.0807 0.1658 0.0732 0.0045 0.1371 0.0048 0.0569 0.0005 0.0021 0.0677 0.1499 0.0741 0.0556 0.0029 0.0062 
0.0904 0.0466 0.0366 0.2256 0.0011 0.0602 0.0010 0.0476 0.0002 0.0014 0.1115 0.0273 0.2963 0.0468 0.0029 0.0045 
0.0722 0.0377 0.0313 0.2126 0.0027 0.0406 0.0016 0.0359 0.0013 0.0001 0.0412 0.1570 0.3236 0.0358 0.0050 0.0016 
0.0321 0.0152 0.0104 0.2181 0.0014 0.0404 0.0014 0.0161 0.0002 0.0001 0.0198 0.0050 0.6182 0.0147 0.0042 0.0030 
0.0505 0.0323 0.0027 0.1393 0.0011 0.0312 0.0010 0.0249 0.0005 0.0001 0.0299 0.0056 0.6493 0.0244 0.0010 0.0066 
0.0554 0.0305 0.0029 0.0380 0.0195 0.0451 0.0056 0.0275 0.0001 0.0002 0.0313 0.0128 0.6984 0.0289 0.0026 0.0014 
0.0511 0.0609 0.0029 0.0296 0.0013 0.0254 0.0006 0.0452 0.0003 0.0002 0.0353 0.0058 0.6925 0.0270 0.0149 0.0072 
0.0794 0.0467 0.0064 0.0244 0.0177 0.0462 0.0281 0.0433 0.0506 0.0008 0.0419 0.0176 0.0781 0.4974 0.0078 0.0136 
0.0586 0.0329 0.0720 0.0121 0.0032 0.0214 0.0032 0.0219 0.0005 0.0001 0.0228 0.0024 0.0300 0.0219 0.6859 0.0112 
0.0623 0.0319 0.0703 0.0248 0.0018 0.0506 0.0042 0.0367 0.0065 0.0190 0.0406 0.0078 0.0418 0.0294 0.0070 0.5652 
0.4014 0.0703 0.0206 0.0332 0.0037 0.0899 0.0045 0.0700 0.0072 0.0001 0.0933 0.0115 0.1061 0.0669 0.0104 0.0110 
0.1147 0.2400 0.0768 0.0653 0.0045 0.1005 0.0056 0.0609 0.0053 0.0010 0.0703 0.0438 0.1323 0.0559 0.0035 0.0197 
0.1311 0.1178 0.0744 0.2028 0.0027 0.0878 0.0042 0.0621 0.0104 0.0003 0.0789 0.0241 0.0817 0.0627 0.0112 0.0477 
0.1139 0.0597 0.1611 0.0329 0.0120 0.1410 0.0232 0.0567 0.0026 0.0010 0.0830 0.0540 0.1737 0.0637 0.0069 0.0147 
0.1352 0.1015 0.0380 0.1078 0.0066 0.0757 0.0027 0.0880 0.0014 0.0013 0.1102 0.0915 0.1374 0.0650 0.0160 0.0216 
0.1217 0.0693 0.0329 0.1662 0.0061 0.0950 0.0350 0.0591 0.0220 0.0021 0.0616 0.0628 0.1658 0.0553 0.0133 0.0319 
0.0762 0.0379 0.3873 0.0599 0.0018 0.0473 0.0026 0.0348 0.0016 0.0002 0.0478 0.0107 0.2416 0.0336 0.0056 0.0113 
0.1130 0.0649 0.0224 0.0336 0.0056 0.3504 0.0037 0.0527 0.0034 0.0024 0.0548 0.0312 0.2000 0.0508 0.0042 0.0072 
0.0487 0.0286 0.0177 0.0740 0.0014 0.0275 0.0010 0.0278 0.0010 0.0002 0.2573 0.0032 0.4826 0.0241 0.0034 0.0016 
0.0534 0.0352 0.0070 0.0189 0.0013 0.0765 0.0022 0.0270 0.0010 0.0006 0.0291 0.4955 0.2197 0.0267 0.0040 0.0019 
0.0545 0.0351 0.0075 0.0155 0.0030 0.0300 0.0013 0.0273 0.0002 0.0001 0.0730 0.0038 0.7051 0.0278 0.0085 0.0073 
0.0540 0.0342 0.0248 0.0254 0.0026 0.0259 0.0021 0.0276 0.0003 0.0001 0.0265 0.0452 0.6917 0.0251 0.0010 0.0139 
0.0607 0.0286 0.0232 0.0073 0.0008 0.0447 0.0042 0.0323 0.0013 0.0003 0.0359 0.0040 0.7117 0.0297 0.0065 0.0088 
0.0586 0.0345 0.0230 0.0120 0.0013 0.0393 0.0035 0.0294 0.0013 0.0001 0.0511 0.0091 0.6950 0.0302 0.0026 0.0091 
0.0716 0.0422 0.0013 0.0297 0.0029 0.0280 0.0053 0.0302 0.0010 0.0001 0.0358 0.0343 0.6727 0.0299 0.0085 0.0070 
0.0802 0.0415 0.0094 0.0093 0.0123 0.0537 0.0110 0.0423 0.0011 0.0014 0.0481 0.0091 0.0759 0.5949 0.0027 0.0072 
0.0385 0.0273 0.0096 0.0086 0.0035 0.0214 0.0008 0.0240 0.0006 0.0001 0.0235 0.0029 0.1436 0.0251 0.6657 0.0051 
0.0666 0.0353 0.0224 0.0133 0.0014 0.0369 0.0019 0.0419 0.0112 0.0083 0.0419 0.0224 0.1029 0.0327 0.0069 0.5542 
0.3641 0.0621 0.0216 0.0081 0.0070 0.0704 0.0078 0.0616 0.0091 0.0001 0.0648 0.0099 0.2383 0.0592 0.0093 0.0065 
0.1206 0.0775 0.2704 0.0331 0.0080 0.0740 0.0407 0.0693 0.0032 0.0001 0.0711 0.0078 0.1110 0.0903 0.0120 0.0112 
0.1501 0.0786 0.0503 0.1399 0.0026 0.0864 0.0125 0.0746 0.0042 0.0001 0.0829 0.0206 0.1896 0.0698 0.0283 0.0099 
0.1284 0.0639 0.0321 0.0636 0.0851 0.0823 0.0492 0.0605 0.0208 0.0053 0.0780 0.0099 0.0597 0.1772 0.0051 0.0789 
0.1363 0.0628 0.0669 0.0205 0.0030 0.0768 0.0081 0.2312 0.0014 0.0016 0.0681 0.0387 0.0490 0.0716 0.1575 0.0064 
0.1067 0.0679 0.0550 0.0406 0.0045 0.0802 0.0037 0.0550 0.1468 0.0874 0.0661 0.0168 0.0701 0.0527 0.0149 0.1318 
0.2946 0.1862 0.0797 0.0912 0.0045 0.0569 0.0035 0.0553 0.0057 0.0024 0.0592 0.0275 0.0463 0.0565 0.0064 0.0241 
0.0550 0.0534 0.4843 0.2131 0.0083 0.0318 0.0096 0.0244 0.0019 0.0035 0.0276 0.0069 0.0361 0.0246 0.0093 0.0102 
0.0739 0.0410 0.2435 0.3623 0.0134 0.0759 0.0027 0.0420 0.0008 0.0029 0.0506 0.0050 0.0351 0.0361 0.0059 0.0088 
0.0513 0.0296 0.0212 0.5665 0.0105 0.1513 0.0010 0.0296 0.0043 0.0013 0.0741 0.0222 0.0118 0.0212 0.0022 0.0018 
0.0639 0.0598 0.0369 0.5721 0.0027 0.0439 0.0030 0.0318 0.0094 0.0002 0.0574 0.0686 0.0173 0.0294 0.0013 0.0024 
0.0741 0.0326 0.0230 0.5972 0.0035 0.0478 0.0038 0.0327 0.0061 0.0014 0.0383 0.0311 0.0703 0.0297 0.0062 0.0021 
0.0882 0.0530 0.0567 0.4613 0.0075 0.0874 0.0019 0.0473 0.0011 0.0002 0.0511 0.0086 0.0704 0.0417 0.0046 0.0188 
0.0866 0.0566 0.0353 0.4831 0.0177 0.0618 0.0040 0.0489 0.0061 0.0006 0.0722 0.0058 0.0638 0.0436 0.0042 0.0097 
0.1243 0.1173 0.0176 0.1446 0.0096 0.2818 0.0014 0.0663 0.0026 0.0026 0.0665 0.0404 0.0420 0.0617 0.0058 0.0158 
0.1241 0.1056 0.0160 0.0612 0.0149 0.1070 0.0056 0.0636 0.0067 0.0045 0.3032 0.0123 0.0804 0.0759 0.0062 0.0129 
0.1208 0.0885 0.0732 0.0529 0.0091 0.0938 0.0026 0.0629 0.0070 0.0005 0.1093 0.1906 0.0864 0.0588 0.0359 0.0078 
0.0728 0.0422 0.0391 0.0925 0.0034 0.0383 0.0042 0.0385 0.0043 0.0019 0.0546 0.0540 0.4602 0.0342 0.0129 0.0470 
0.0847 0.0395 0.0327 0.0994 0.0085 0.0406 0.0021 0.0353 0.0065 0.0005 0.0363 0.0372 0.5251 0.0364 0.0043 0.0110 
0.0605 0.0347 0.0497 0.1073 0.0091 0.0439 0.0046 0.0319 0.0014 0.0002 0.0323 0.0093 0.5787 0.0299 0.0038 0.0027 
0.0706 0.0430 0.0355 0.1540 0.0024 0.0454 0.0042 0.0447 0.0037 0.0002 0.0395 0.0104 0.4970 0.0364 0.0078 0.0054 
0.0554 0.0281 0.0160 0.2872 0.0022 0.0270 0.0030 0.0292 0.0070 0.0006 0.0308 0.0072 0.4653 0.0272 0.0080 0.0056 
0.0693 0.0329 0.0823 0.1715 0.0112 0.0441 0.0117 0.0401 0.0043 0.0002 0.0318 0.0101 0.4306 0.0345 0.0128 0.0128 
0.1187 0.0617 0.0256 0.2286 0.0182 0.0845 0.0275 0.0692 0.0179 0.0001 0.0578 0.0065 0.1749 0.0607 0.0204 0.0280 
0.1670 0.0606 0.0157 0.1290 0.0436 0.1061 0.0123 0.0852 0.0801 0.0021 0.0639 0.0032 0.0861 0.0793 0.0067 0.0591 
