0.1015 0.0649 0.2146 0.1433 0.0045 0.1358 0.0061 0.0578 0.0280 0.0126 0.1117 0.0086 0.0483 0.0438 0.0029 0.0157 
0.1447 0.1161 0.0152 0.1049 0.0097 0.2192 0.0065 0.0586 0.0238 0.0254 0.1198 0.0509 0.0361 0.0503 0.0040 0.0148 
0.1126 0.0553 0.0478 0.1417 0.0046 0.0781 0.0053 0.0625 0.0045 0.0024 0.2508 0.1265 0.0431 0.0526 0.0030 0.0093 
0.0589 0.0708 0.0363 0.3335 0.0048 0.0335 0.0026 0.0297 0.0149 0.0081 0.0415 0.2024 0.1192 0.0291 0.0027 0.0120 
0.0798 0.0425 0.0067 0.0703 0.0086 0.2065 0.0099 0.0359 0.0013 0.0026 0.0355 0.0663 0.3932 0.0353 0.0043 0.0014 
0.0427 0.0225 0.0169 0.0650 0.0032 0.0361 0.0018 0.0236 0.0022 0.0001 0.3179 0.0037 0.4299 0.0214 0.0072 0.0058 
0.0366 0.0302 0.0034 0.0364 0.0027 0.0288 0.0010 0.0203 0.0045 0.0021 0.0201 0.5701 0.2193 0.0173 0.0034 0.0040 
0.0494 0.0264 0.0050 0.0069 0.0038 0.0588 0.0107 0.0276 0.0006 0.0014 0.0267 0.0134 0.7310 0.0252 0.0083 0.0048 
0.0530 0.0359 0.0054 0.0032 0.0008 0.0287 0.0034 0.0284 0.0008 0.0002 0.0482 0.0085 0.7440 0.0270 0.0038 0.0086 
0.0513 0.0299 0.0038 0.0029 0.0005 0.0276 0.0026 0.0248 0.0026 0.0024 0.0268 0.0550 0.7358 0.0241 0.0038 0.0062 
0.0524 0.0265 0.0254 0.0064 0.0005 0.0254 0.0018 0.0257 0.0011 0.0001 0.0324 0.0043 0.7551 0.0292 0.0024 0.0115 
0.0583 0.0275 0.0110 0.0085 0.0006 0.0259 0.0013 0.0268 0.0001 0.0001 0.0286 0.0112 0.7621 0.0286 0.0056 0.0040 
0.0525 0.0267 0.0243 0.0073 0.0014 0.0390 0.0024 0.0259 0.0001 0.0001 0.0289 0.0059 0.7550 0.0268 0.0021 0.0019 
0.0551 0.0273 0.0002 0.0083 0.0030 0.0385 0.0010 0.0291 0.0003 0.0001 0.0307 0.0093 0.7662 0.0262 0.0029 0.0022 
0.0517 0.0262 0.0003 0.0048 0.0008 0.0315 0.0019 0.0313 0.0008 0.0002 0.0359 0.0110 0.7563 0.0264 0.0032 0.0177 
0.0540 0.0304 0.0059 0.0005 0.0010 0.0312 0.0029 0.0260 0.0011 0.0001 0.0308 0.0187 0.7637 0.0268 0.0027 0.0043 
0.0578 0.0350 0.0057 0.0013 0.0003 0.0260 0.0027 0.0268 0.0018 0.0001 0.0300 0.0061 0.7724 0.0278 0.0026 0.0038 
0.0519 0.0257 0.0220 0.0010 0.0003 0.0299 0.0042 0.0259 0.0006 0.0001 0.0267 0.0077 0.7580 0.0267 0.0056 0.0141 
0.0513 0.0328 0.0094 0.0010 0.0011 0.0379 0.0085 0.0254 0.0002 0.0001 0.0278 0.0067 0.7528 0.0292 0.0045 0.0117 
0.0519 0.0516 0.0086 0.0061 0.0008 0.0230 0.0030 0.0262 0.0008 0.0001 0.0300 0.0078 0.7469 0.0260 0.0139 0.0035 
0.0463 0.0219 0.0128 0.0069 0.0018 0.0310 0.0217 0.0230 0.0053 0.0006 0.0249 0.0096 0.7230 0.0235 0.0037 0.0441 
0.0688 0.0390 0.0399 0.0037 0.0085 0.0378 0.0212 0.0359 0.0018 0.0001 0.0339 0.0083 0.5575 0.0533 0.0064 0.0842 
0.0527 0.0339 0.0495 0.0120 0.0022 0.0518 0.0305 0.0313 0.0019 0.0040 0.0307 0.0070 0.5757 0.0262 0.0756 0.0150 
0.0845 0.1529 0.0567 0.0514 0.0013 0.0326 0.0045 0.0339 0.0204 0.0050 0.0444 0.0121 0.1824 0.0332 0.0125 0.2722 
0.1305 0.0473 0.0192 0.0744 0.0059 0.1690 0.0287 0.0460 0.0059 0.0010 0.0442 0.0583 0.2968 0.0553 0.0096 0.0080 
0.0922 0.0497 0.1526 0.0513 0.0061 0.0682 0.0018 0.0516 0.0011 0.0002 0.3611 0.0024 0.0957 0.0428 0.0129 0.0104 
0.0680 0.1393 0.0180 0.1302 0.0078 0.0549 0.0080 0.0385 0.0062 0.0006 0.0449 0.4185 0.0137 0.0348 0.0078 0.0086 
0.1239 0.0703 0.1418 0.1145 0.0045 0.0680 0.0030 0.0581 0.0065 0.0005 0.0613 0.0216 0.2272 0.0586 0.0225 0.0176 
0.0979 0.0575 0.1755 0.0708 0.0054 0.1062 0.0069 0.0511 0.0144 0.0024 0.0789 0.0153 0.1909 0.0538 0.0185 0.0545 
0.1340 0.0867 0.0179 0.0786 0.0396 0.0717 0.0460 0.0628 0.0050 0.0005 0.1022 0.0319 0.2324 0.0626 0.0142 0.0137 
0.1256 0.0698 0.0286 0.0617 0.0236 0.0963 0.0163 0.0760 0.0016 0.0027 0.0842 0.0430 0.1968 0.1435 0.0062 0.0241 
0.1289 0.1385 0.1073 0.0942 0.0005 0.0518 0.0043 0.0551 0.0564 0.0069 0.0556 0.0249 0.0511 0.0545 0.1131 0.0569 
0.0864 0.0313 0.3788 0.1580 0.0032 0.0476 0.0120 0.0292 0.0094 0.0292 0.0294 0.0182 0.0412 0.0304 0.0091 0.0866 
0.1181 0.0513 0.1719 0.0709 0.0145 0.2508 0.0072 0.0524 0.0001 0.0035 0.1332 0.0083 0.0546 0.0505 0.0064 0.0062 
0.0749 0.1123 0.0040 0.3507 0.0101 0.0629 0.0011 0.0493 0.0010 0.0024 0.1640 0.0979 0.0254 0.0370 0.0027 0.0043 
0.0784 0.0748 0.0032 0.3304 0.0072 0.1160 0.0064 0.0452 0.0026 0.0005 0.0447 0.1995 0.0441 0.0366 0.0053 0.0053 
0.1083 0.0570 0.0232 0.0280 0.0113 0.1882 0.0185 0.0569 0.0056 0.0010 0.1190 0.0305 0.2804 0.0554 0.0109 0.0059 
0.0861 0.0672 0.0086 0.0315 0.0024 0.0502 0.0016 0.0513 0.0022 0.0008 0.0807 0.1717 0.3865 0.0428 0.0035 0.0129 
0.0585 0.0468 0.0273 0.0161 0.0021 0.0607 0.0050 0.0270 0.0053 0.0022 0.0324 0.0761 0.6035 0.0254 0.0061 0.0054 
0.0628 0.0526 0.1861 0.0193 0.0005 0.0264 0.0125 0.0280 0.0027 0.0001 0.0403 0.0042 0.4914 0.0272 0.0077 0.0387 
0.0844 0.0431 0.0671 0.0198 0.0022 0.1561 0.0248 0.0419 0.0003 0.0021 0.0433 0.0276 0.4248 0.0436 0.0088 0.0101 
0.0870 0.0474 0.0436 0.0057 0.0014 0.0561 0.0008 0.0460 0.0003 0.0013 0.1749 0.0022 0.4613 0.0412 0.0070 0.0236 
0.0728 0.0414 0.0035 0.0046 0.0014 0.1067 0.0014 0.0350 0.0024 0.0027 0.0605 0.4362 0.1886 0.0351 0.0018 0.0057 
0.0612 0.0316 0.0048 0.0013 0.0011 0.0299 0.0011 0.0287 0.0005 0.0002 0.1412 0.0364 0.6277 0.0284 0.0032 0.0027 
0.0334 0.0190 0.0034 0.0019 0.0013 0.0184 0.0019 0.0166 0.0003 0.0001 0.0252 0.2232 0.6302 0.0184 0.0027 0.0043 
0.0550 0.0286 0.0065 0.0029 0.0010 0.0267 0.0008 0.0270 0.0024 0.0001 0.0280 0.0169 0.7687 0.0278 0.0042 0.0038 
0.0554 0.0267 0.0022 0.0043 0.0005 0.0347 0.0053 0.0267 0.0014 0.0001 0.0268 0.0066 0.7656 0.0288 0.0030 0.0121 
0.0586 0.0305 0.0094 0.0019 0.0005 0.0308 0.0043 0.0273 0.0002 0.0002 0.0278 0.0027 0.7667 0.0295 0.0054 0.0042 
0.0526 0.0308 0.0299 0.0053 0.0002 0.0243 0.0027 0.0262 0.0011 0.0001 0.0284 0.0019 0.7596 0.0276 0.0053 0.0043 
0.0577 0.0265 0.0150 0.0203 0.0005 0.0280 0.0027 0.0260 0.0008 0.0001 0.0265 0.0050 0.7532 0.0264 0.0046 0.0070 
0.0532 0.0299 0.0131 0.0161 0.0010 0.0339 0.0011 0.0273 0.0001 0.0001 0.0286 0.0018 0.7545 0.0308 0.0045 0.0046 
0.0519 0.0409 0.0022 0.1190 0.0005 0.0235 0.0081 0.0248 0.0013 0.0001 0.0262 0.0034 0.6455 0.0273 0.0099 0.0157 
0.0486 0.0248 0.0355 0.1144 0.0046 0.0446 0.0096 0.0233 0.0011 0.0006 0.0254 0.0034 0.6146 0.0238 0.0053 0.0205 
0.1096 0.0610 0.0623 0.0738 0.0157 0.0575 0.0109 0.0575 0.0016 0.0005 0.0797 0.0128 0.3310 0.0835 0.0064 0.0363 
0.1273 0.0663 0.0235 0.0484 0.0493 0.1268 0.1212 0.0687 0.0051 0.0030 0.0778 0.0323 0.1476 0.0751 0.0188 0.0089 
0.1568 0.1321 0.0594 0.0311 0.0064 0.0808 0.0034 0.1230 0.0089 0.0142 0.1346 0.0180 0.0902 0.0781 0.0418 0.0209 
0.1225 0.0823 0.0163 0.0243 0.0188 0.1562 0.0260 0.0631 0.0724 0.0513 0.0634 0.1128 0.0703 0.0800 0.0104 0.0299 
0.1748 0.0931 0.0227 0.0268 0.0153 0.0914 0.0498 0.0946 0.0042 0.0037 0.1809 0.0192 0.0826 0.0925 0.0262 0.0222 
0.1073 0.1134 0.1321 0.0463 0.0069 0.0532 0.0228 0.0629 0.0771 0.0097 0.0781 0.0626 0.0353 0.0950 0.0313 0.0658 
0.1284 0.0514 0.1790 0.0486 0.0257 0.0722 0.0858 0.0521 0.0110 0.0361 0.0533 0.0527 0.0854 0.0757 0.0265 0.0160 
0.1255 0.0669 0.1380 0.0845 0.0150 0.0946 0.0332 0.0811 0.0094 0.0120 0.0858 0.0185 0.0521 0.1107 0.0457 0.0270 
0.1022 0.0746 0.0093 0.1786 0.0045 0.1375 0.0177 0.0519 0.0466 0.0842 0.0650 0.0206 0.0688 0.0460 0.0671 0.0252 
0.1233 0.0781 0.0559 0.0808 0.0094 0.0724 0.0085 0.0551 0.0089 0.0476 0.1928 0.0633 0.0815 0.0573 0.0040 0.0610 
0.1589 0.0960 0.0602 0.1267 0.0050 0.0808 0.0196 0.0663 0.0051 0.0050 0.0772 0.0941 0.0700 0.0781 0.0280 0.0291 
0.1013 0.0497 0.1941 0.1083 0.0136 0.0969 0.0243 0.0517 0.0093 0.0045 0.0815 0.0350 0.1541 0.0511 0.0078 0.0169 
0.1301 0.1555 0.1374 0.1524 0.0016 0.0711 0.0024 0.0633 0.0045 0.0016 0.0637 0.0489 0.0837 0.0637 0.0037 0.0165 
0.0868 0.0598 0.1080 0.4657 0.0013 0.0561 0.0050 0.0407 0.0246 0.0018 0.0430 0.0069 0.0315 0.0427 0.0139 0.0125 
0.0438 0.0304 0.5173 0.2466 0.0008 0.0246 0.0032 0.0195 0.0003 0.0001 0.0208 0.0029 0.0551 0.0204 0.0035 0.0110 
0.0599 0.0323 0.0446 0.6861 0.0019 0.0324 0.0008 0.0292 0.0003 0.0001 0.0343 0.0019 0.0399 0.0288 0.0037 0.0038 
0.0586 0.0334 0.0118 0.6965 0.0022 0.0401 0.0010 0.0294 0.0006 0.0001 0.0299 0.0040 0.0601 0.0288 0.0024 0.0014 
0.0885 0.0471 0.0035 0.3103 0.0200 0.2683 0.0035 0.0446 0.0001 0.0002 0.0478 0.0046 0.1090 0.0436 0.0051 0.0040 
0.0909 0.0482 0.0034 0.0538 0.1875 0.1103 0.0019 0.0508 0.0001 0.0006 0.2649 0.0070 0.1286 0.0481 0.0016 0.0024 
0.0757 0.0848 0.0094 0.0364 0.0032 0.0398 0.0010 0.1247 0.0011 0.0019 0.0492 0.3442 0.1827 0.0369 0.0061 0.0029 
0.0938 0.0476 0.0027 0.0206 0.0070 0.0856 0.0019 0.0473 0.0960 0.0046 0.0556 0.0289 0.4196 0.0457 0.0097 0.0334 
0.1075 0.0454 0.0179 0.0022 0.0048 0.0470 0.0043 0.0446 0.0003 0.0002 0.0837 0.0112 0.5733 0.0414 0.0105 0.0058 
0.0656 0.0540 0.0217 0.0016 0.0112 0.0422 0.0254 0.0332 0.0002 0.0003 0.0351 0.0859 0.5601 0.0431 0.0069 0.0134 
0.0605 0.0399 0.0024 0.0158 0.0065 0.0294 0.0050 0.0316 0.0013 0.0003 0.0562 0.0077 0.6489 0.0372 0.0522 0.0050 
0.0451 0.0252 0.0284 0.0069 0.0011 0.0216 0.0016 0.0225 0.0042 0.0021 0.0224 0.0308 0.5766 0.0224 0.0075 0.1817 
0.0669 0.0240 0.0078 0.0061 0.0042 0.0391 0.0086 0.0246 0.0035 0.0125 0.0267 0.0081 0.7202 0.0276 0.0123 0.0078 
0.0482 0.0589 0.0131 0.0128 0.0022 0.0268 0.0019 0.0262 0.0010 0.0002 0.0746 0.0164 0.6827 0.0243 0.0030 0.0077 
0.0631 0.0289 0.0018 0.0938 0.0013 0.0387 0.0030 0.0294 0.0038 0.0005 0.0339 0.0823 0.5788 0.0280 0.0024 0.0105 
0.0519 0.0291 0.0347 0.0073 0.0016 0.0468 0.0016 0.0272 0.0002 0.0002 0.0294 0.0086 0.7252 0.0291 0.0045 0.0027 
0.0484 0.0609 0.0051 0.0288 0.0010 0.0238 0.0011 0.0252 0.0014 0.0001 0.0299 0.0115 0.7321 0.0238 0.0051 0.0021 
0.0466 0.0228 0.0120 0.0586 0.0011 0.0246 0.0072 0.0244 0.0016 0.0002 0.0257 0.0101 0.7319 0.0236 0.0061 0.0035 
0.0479 0.0311 0.0315 0.0204 0.0008 0.0318 0.0072 0.0254 0.0014 0.0001 0.0241 0.0067 0.6533 0.0500 0.0145 0.0540 
0.0784 0.0411 0.0351 0.0720 0.0059 0.0377 0.0227 0.0359 0.0005 0.0001 0.0401 0.0029 0.5371 0.0387 0.0366 0.0155 
0.1059 0.0558 0.0606 0.0097 0.0246 0.1139 0.0134 0.0535 0.0008 0.0027 0.0769 0.0034 0.3009 0.1143 0.0171 0.0465 
0.1466 0.1264 0.0628 0.0139 0.0075 0.0859 0.0026 0.0856 0.0070 0.0014 0.0885 0.0304 0.1324 0.0987 0.0554 0.0548 
0.1359 0.0732 0.0607 0.0142 0.0037 0.1281 0.0032 0.0719 0.0088 0.0339 0.0872 0.0372 0.1971 0.0660 0.0391 0.0398 
0.1516 0.1136 0.0264 0.0184 0.0115 0.0891 0.0040 0.0653 0.0072 0.0040 0.1390 0.0240 0.1971 0.0626 0.0048 0.0815 
0.1539 0.0979 0.0676 0.0467 0.0059 0.0794 0.0046 0.0634 0.0048 0.0003 0.1026 0.1829 0.0984 0.0761 0.0056 0.0099 
0.1039 0.0572 0.2248 0.0371 0.0061 0.1066 0.0150 0.0550 0.0046 0.0014 0.0647 0.0652 0.1626 0.0578 0.0142 0.0238 
0.1103 0.0894 0.1948 0.0918 0.0048 0.0567 0.0238 0.0541 0.0053 0.0001 0.0607 0.0179 0.1868 0.0519 0.0180 0.0337 
0.1233 0.0570 0.1297 0.2121 0.0091 0.0837 0.0313 0.0583 0.0038 0.0080 0.0666 0.0096 0.1322 0.0553 0.0105 0.0094 
0.1288 0.0728 0.0393 0.0450 0.1249 0.1272 0.0158 0.0711 0.0030 0.0037 0.0928 0.0147 0.1150 0.1259 0.0056 0.0144 
0.1374 0.0772 0.0206 0.1137 0.0053 0.0752 0.0054 0.1398 0.0046 0.0010 0.1300 0.0264 0.1080 0.0657 0.0832 0.0065 
0.1277 0.0860 0.0459 0.0502 0.0026 0.0968 0.0019 0.0641 0.0754 0.0212 0.0821 0.0542 0.0751 0.0625 0.0021 0.1524 
0.1390 0.0724 0.0441 0.0185 0.0176 0.1176 0.0035 0.0519 0.0030 0.0085 0.0580 0.0382 0.3631 0.0516 0.0070 0.0059 
0.0947 0.0671 0.0681 0.0278 0.0113 0.0794 0.0058 0.0562 0.0008 0.0005 0.1815 0.0185 0.3276 0.0486 0.0029 0.0093 
0.1011 0.0583 0.0232 0.0374 0.0037 0.0751 0.0053 0.0553 0.0078 0.0014 0.0737 0.2301 0.2694 0.0506 0.0032 0.0045 
0.0601 0.0329 0.0182 0.0433 0.0026 0.0318 0.0026 0.0291 0.0065 0.0002 0.0476 0.0331 0.6431 0.0312 0.0081 0.0097 
0.0508 0.0238 0.0364 0.0505 0.0026 0.0270 0.0088 0.0240 0.0019 0.0001 0.0238 0.0382 0.6734 0.0235 0.0054 0.0101 
0.0511 0.0244 0.0272 0.0336 0.0011 0.0451 0.0019 0.0246 0.0021 0.0001 0.0259 0.0029 0.7167 0.0254 0.0043 0.0137 
0.0561 0.0361 0.0177 0.0451 0.0034 0.0326 0.0085 0.0252 0.0019 0.0003 0.0291 0.0067 0.6864 0.0399 0.0045 0.0066 
0.0532 0.0439 0.0176 0.0393 0.0014 0.0422 0.0026 0.0260 0.0002 0.0002 0.0252 0.0107 0.6801 0.0257 0.0284 0.0032 
0.0613 0.0414 0.0129 0.0687 0.0008 0.0390 0.0034 0.0311 0.0043 0.0002 0.0466 0.0035 0.5604 0.0359 0.0145 0.0760 
0.0701 0.0363 0.0471 0.0604 0.0014 0.0403 0.0034 0.0291 0.0006 0.0001 0.0340 0.0171 0.5963 0.0369 0.0123 0.0149 
0.0554 0.0329 0.0944 0.0626 0.0018 0.0287 0.0024 0.0260 0.0002 0.0001 0.0323 0.0089 0.6092 0.0262 0.0113 0.0077 
0.0375 0.0205 0.0091 0.1743 0.0085 0.0403 0.0062 0.0192 0.0001 0.0001 0.0195 0.0048 0.6289 0.0189 0.0040 0.0085 
0.0532 0.0326 0.0149 0.0891 0.0018 0.0518 0.0013 0.0305 0.0001 0.0001 0.0278 0.0080 0.6521 0.0256 0.0034 0.0083 
0.0462 0.0236 0.0027 0.0307 0.0021 0.0649 0.0021 0.0228 0.0019 0.0043 0.0743 0.0088 0.6864 0.0249 0.0018 0.0026 
0.0465 0.0428 0.0083 0.0198 0.0034 0.0280 0.0005 0.0236 0.0005 0.0001 0.0337 0.0740 0.6903 0.0228 0.0024 0.0035 
0.0463 0.0240 0.0045 0.0494 0.0022 0.0240 0.0061 0.0235 0.0008 0.0002 0.0299 0.0230 0.7345 0.0227 0.0042 0.0050 
0.0495 0.0267 0.0185 0.0056 0.0019 0.0399 0.0013 0.0262 0.0001 0.0002 0.0264 0.0150 0.7494 0.0280 0.0045 0.0070 
0.0494 0.0315 0.0022 0.0057 0.0024 0.0425 0.0061 0.0257 0.0008 0.0001 0.0310 0.0083 0.7548 0.0262 0.0043 0.0093 
0.0527 0.0358 0.0021 0.0118 0.0008 0.0233 0.0016 0.0256 0.0008 0.0003 0.0418 0.0172 0.7523 0.0246 0.0013 0.0080 
0.0428 0.0212 0.0211 0.0121 0.0018 0.0252 0.0014 0.0217 0.0030 0.0003 0.0193 0.0318 0.6924 0.0730 0.0077 0.0251 
0.0534 0.0281 0.0620 0.0093 0.0027 0.0329 0.0037 0.0267 0.0005 0.0001 0.0344 0.0026 0.6423 0.0308 0.0645 0.0064 
0.0583 0.0687 0.0407 0.0323 0.0011 0.0278 0.0016 0.0315 0.0021 0.0001 0.0299 0.0110 0.6215 0.0299 0.0050 0.0388 
0.0874 0.0390 0.0043 0.1206 0.0027 0.0581 0.0115 0.0399 0.0016 0.0011 0.0426 0.0046 0.5220 0.0430 0.0089 0.0126 
0.0792 0.0700 0.2438 0.0455 0.0018 0.0380 0.0201 0.0442 0.0030 0.0001 0.0519 0.0058 0.2339 0.0471 0.0228 0.0930 
0.1067 0.0502 0.0944 0.1583 0.1465 0.0746 0.0907 0.0511 0.0011 0.0014 0.0540 0.0184 0.0783 0.0561 0.0096 0.0086 
0.0703 0.0468 0.0481 0.0067 0.4271 0.0526 0.0147 0.0848 0.0005 0.0021 0.0831 0.0050 0.0240 0.1198 0.0091 0.0054 
0.0772 0.1026 0.0268 0.0543 0.0040 0.0465 0.0032 0.3487 0.0403 0.0097 0.0435 0.0121 0.0312 0.0356 0.1486 0.0158 
0.0714 0.0518 0.0454 0.0297 0.0094 0.0530 0.0046 0.0380 0.3487 0.0754 0.0527 0.0350 0.0233 0.0332 0.0022 0.1260 
0.3838 0.0789 0.1348 0.0923 0.0097 0.0513 0.0064 0.0487 0.0032 0.0003 0.0666 0.0275 0.0380 0.0428 0.0075 0.0083 
0.0658 0.0340 0.1260 0.1517 0.0854 0.1283 0.1837 0.0382 0.0096 0.0010 0.0401 0.0513 0.0214 0.0510 0.0056 0.0070 
0.1060 0.1298 0.0476 0.1808 0.0229 0.0540 0.0088 0.1087 0.0091 0.0011 0.0481 0.0339 0.0345 0.0567 0.1426 0.0155 
0.0626 0.0380 0.0292 0.2350 0.0160 0.0786 0.0147 0.0550 0.0990 0.0856 0.0361 0.0430 0.0319 0.0375 0.0065 0.1312 
0.1982 0.0799 0.0281 0.0129 0.0462 0.2083 0.0105 0.0621 0.1233 0.0110 0.0535 0.0181 0.0403 0.0812 0.0062 0.0201 
