0.1412 0.0789 0.0443 0.1364 0.0032 0.0847 0.0072 0.0588 0.0404 0.0495 0.1521 0.0321 0.0564 0.0617 0.0024 0.0506 
0.1173 0.0591 0.2677 0.0316 0.0075 0.1396 0.0059 0.0470 0.0051 0.0030 0.0620 0.1032 0.0947 0.0439 0.0064 0.0059 
0.1123 0.0575 0.0628 0.0566 0.0502 0.0836 0.0511 0.0679 0.0011 0.0016 0.2013 0.0345 0.1477 0.0569 0.0058 0.0091 
0.0871 0.0792 0.0042 0.1138 0.0059 0.0524 0.0022 0.0614 0.0058 0.0008 0.0487 0.2147 0.2738 0.0425 0.0018 0.0058 
0.0580 0.0439 0.0054 0.0527 0.0026 0.0502 0.0021 0.0280 0.0181 0.0212 0.0310 0.0251 0.6220 0.0260 0.0051 0.0086 
0.0663 0.0481 0.0478 0.0670 0.0029 0.0318 0.0038 0.0321 0.0022 0.0001 0.0345 0.0050 0.6090 0.0304 0.0051 0.0142 
0.0853 0.0471 0.1348 0.1637 0.0029 0.0511 0.0089 0.0422 0.0045 0.0001 0.0442 0.0165 0.3117 0.0524 0.0134 0.0212 
0.1181 0.0612 0.0649 0.2010 0.0029 0.0684 0.0035 0.0548 0.0011 0.0001 0.0540 0.0099 0.2722 0.0569 0.0246 0.0067 
0.0968 0.0577 0.0275 0.2710 0.0053 0.0772 0.0064 0.0495 0.0026 0.0011 0.0513 0.0061 0.2571 0.0492 0.0118 0.0296 
0.1395 0.0746 0.0181 0.2620 0.0107 0.0823 0.0112 0.0679 0.0053 0.0008 0.0708 0.0131 0.1380 0.0663 0.0174 0.0222 
0.0859 0.1260 0.0676 0.3760 0.0042 0.0452 0.0144 0.0481 0.0110 0.0001 0.0503 0.0134 0.0489 0.0407 0.0163 0.0519 
0.0692 0.0316 0.2489 0.4222 0.0040 0.0575 0.0102 0.0284 0.0083 0.0013 0.0313 0.0085 0.0166 0.0281 0.0064 0.0275 
0.0711 0.0550 0.3147 0.2495 0.0061 0.1465 0.0050 0.0331 0.0022 0.0010 0.0297 0.0115 0.0278 0.0284 0.0112 0.0073 
0.0653 0.1016 0.0083 0.0858 0.0759 0.4530 0.0085 0.0361 0.0027 0.0018 0.0757 0.0251 0.0142 0.0316 0.0035 0.0109 
0.0684 0.0529 0.0152 0.0594 0.0236 0.0476 0.0030 0.0537 0.0019 0.0018 0.5386 0.0740 0.0157 0.0348 0.0059 0.0035 
0.0449 0.0396 0.0251 0.0366 0.0018 0.0334 0.0006 0.0351 0.0123 0.0185 0.0334 0.6315 0.0588 0.0219 0.0016 0.0050 
0.0508 0.0278 0.0053 0.0070 0.0029 0.1070 0.0030 0.0232 0.0184 0.0035 0.0249 0.0318 0.6592 0.0212 0.0072 0.0067 
0.0340 0.0165 0.0029 0.0042 0.0008 0.0361 0.0026 0.0157 0.0010 0.0001 0.2255 0.0040 0.6376 0.0149 0.0014 0.0030 
0.0187 0.0650 0.0243 0.0021 0.0003 0.0075 0.0013 0.0085 0.0026 0.0001 0.0099 0.3693 0.4740 0.0102 0.0029 0.0037 
0.0513 0.0251 0.0046 0.0391 0.0011 0.0280 0.0010 0.0254 0.0003 0.0001 0.0297 0.0038 0.7585 0.0256 0.0051 0.0016 
0.0493 0.0275 0.0297 0.0043 0.0008 0.0323 0.0043 0.0260 0.0002 0.0001 0.0281 0.0067 0.7520 0.0265 0.0032 0.0093 
0.0527 0.0267 0.0006 0.0206 0.0024 0.0347 0.0053 0.0262 0.0001 0.0001 0.0296 0.0065 0.7588 0.0294 0.0026 0.0040 
0.0537 0.0444 0.0043 0.0040 0.0018 0.0265 0.0045 0.0267 0.0010 0.0001 0.0284 0.0064 0.7493 0.0260 0.0067 0.0165 
0.0843 0.0455 0.0236 0.0339 0.0040 0.0414 0.0286 0.0433 0.0054 0.0008 0.0518 0.0064 0.1772 0.4038 0.0134 0.0366 
0.0382 0.0193 0.1357 0.0091 0.0008 0.0193 0.0067 0.0193 0.0006 0.0001 0.0185 0.0096 0.1381 0.0195 0.5534 0.0118 
0.0740 0.0358 0.0196 0.0129 0.0043 0.0554 0.0043 0.0340 0.0037 0.0073 0.0487 0.0035 0.1037 0.0321 0.0113 0.5492 
0.3156 0.0620 0.0302 0.0204 0.0345 0.0652 0.0134 0.0751 0.0008 0.0003 0.0837 0.0128 0.1088 0.1583 0.0056 0.0134 
0.1220 0.1621 0.2320 0.0123 0.0051 0.0800 0.0043 0.0683 0.0026 0.0006 0.0522 0.0417 0.0608 0.0524 0.0878 0.0156 
0.1279 0.0642 0.0075 0.0059 0.0072 0.2319 0.0042 0.0678 0.0137 0.0815 0.1170 0.0147 0.1376 0.0650 0.0038 0.0500 
0.1089 0.0444 0.0096 0.0051 0.0030 0.0452 0.0006 0.0430 0.0046 0.0008 0.4704 0.1180 0.1032 0.0383 0.0010 0.0038 
0.0529 0.0438 0.0035 0.0101 0.0018 0.0287 0.0016 0.0252 0.0042 0.0021 0.0347 0.6834 0.0775 0.0262 0.0014 0.0030 
0.0557 0.0294 0.0294 0.0112 0.0006 0.0278 0.0016 0.0286 0.0014 0.0001 0.0286 0.0112 0.7363 0.0291 0.0037 0.0056 
0.0514 0.0254 0.0473 0.0206 0.0010 0.0265 0.0029 0.0241 0.0013 0.0001 0.0248 0.0069 0.7369 0.0246 0.0037 0.0029 
0.0521 0.0243 0.0072 0.0844 0.0014 0.0260 0.0010 0.0243 0.0002 0.0001 0.0252 0.0037 0.7239 0.0228 0.0022 0.0014 
0.0483 0.0249 0.0027 0.1010 0.0006 0.0273 0.0024 0.0244 0.0005 0.0001 0.0268 0.0056 0.7049 0.0251 0.0024 0.0032 
0.0558 0.0289 0.0026 0.0388 0.0035 0.0372 0.0067 0.0273 0.0005 0.0001 0.0289 0.0059 0.7254 0.0318 0.0040 0.0029 
0.0553 0.0423 0.0035 0.0484 0.0013 0.0246 0.0008 0.0284 0.0002 0.0001 0.0286 0.0024 0.7102 0.0264 0.0217 0.0061 
0.0629 0.0312 0.0107 0.1387 0.0070 0.0315 0.0088 0.0327 0.0065 0.0013 0.0319 0.0053 0.5163 0.0855 0.0038 0.0259 
0.1040 0.0533 0.0953 0.0537 0.0026 0.0701 0.0048 0.0527 0.0003 0.0001 0.0497 0.0050 0.3861 0.0513 0.0647 0.0067 
0.0877 0.0546 0.0235 0.0677 0.0037 0.0725 0.0096 0.0471 0.0021 0.0155 0.0655 0.0038 0.4192 0.0420 0.0040 0.0815 
0.1577 0.1683 0.0193 0.1322 0.0139 0.0465 0.0067 0.0500 0.0069 0.0005 0.0564 0.0176 0.1611 0.0539 0.0189 0.0903 
0.0788 0.0388 0.0412 0.0395 0.1591 0.0625 0.2738 0.0401 0.0006 0.0026 0.0419 0.0220 0.0730 0.1040 0.0051 0.0171 
0.0812 0.0423 0.1519 0.0308 0.0222 0.0420 0.0067 0.3291 0.0002 0.0113 0.1383 0.0089 0.0430 0.0406 0.0484 0.0030 
0.0807 0.0441 0.0105 0.1080 0.0048 0.0585 0.0013 0.0455 0.1457 0.0387 0.0575 0.2642 0.0703 0.0395 0.0016 0.0292 
0.2136 0.0419 0.0013 0.0597 0.0037 0.0605 0.0061 0.0435 0.0051 0.0494 0.0609 0.0257 0.3641 0.0415 0.0158 0.0073 
0.0844 0.0551 0.0227 0.0195 0.0048 0.0582 0.0048 0.0425 0.0024 0.0001 0.0700 0.0329 0.5506 0.0425 0.0032 0.0067 
0.0642 0.0401 0.0048 0.0264 0.0038 0.0444 0.0016 0.0348 0.0018 0.0027 0.0345 0.0463 0.6604 0.0284 0.0013 0.0043 
0.0527 0.0268 0.0187 0.0179 0.0010 0.0725 0.0008 0.0291 0.0053 0.0006 0.0329 0.0069 0.7026 0.0264 0.0016 0.0043 
0.0570 0.0331 0.0086 0.0046 0.0016 0.0372 0.0005 0.0265 0.0008 0.0003 0.0454 0.0168 0.7331 0.0302 0.0013 0.0030 
0.0511 0.0388 0.0086 0.0040 0.0006 0.0289 0.0008 0.0254 0.0005 0.0001 0.0276 0.0382 0.7396 0.0252 0.0059 0.0048 
0.0546 0.0276 0.0029 0.0118 0.0003 0.0268 0.0021 0.0260 0.0011 0.0001 0.0350 0.0035 0.7652 0.0288 0.0021 0.0123 
0.0625 0.0275 0.0080 0.0027 0.0005 0.0334 0.0037 0.0262 0.0005 0.0001 0.0262 0.0120 0.7586 0.0296 0.0045 0.0045 
0.0550 0.0332 0.0086 0.0050 0.0024 0.0288 0.0014 0.0273 0.0001 0.0001 0.0345 0.0026 0.7657 0.0270 0.0058 0.0030 
0.0545 0.0289 0.0027 0.0180 0.0013 0.0284 0.0014 0.0303 0.0003 0.0001 0.0275 0.0117 0.7581 0.0265 0.0029 0.0077 
0.0532 0.0271 0.0086 0.0326 0.0010 0.0270 0.0013 0.0256 0.0024 0.0001 0.0324 0.0032 0.7448 0.0289 0.0011 0.0110 
0.0498 0.0251 0.0190 0.0616 0.0008 0.0227 0.0005 0.0243 0.0002 0.0003 0.0255 0.0104 0.7321 0.0241 0.0027 0.0010 
0.0457 0.0246 0.0056 0.1078 0.0010 0.0273 0.0067 0.0233 0.0008 0.0001 0.0233 0.0014 0.7005 0.0240 0.0061 0.0019 
0.0419 0.0225 0.0038 0.1451 0.0010 0.0233 0.0018 0.0209 0.0001 0.0001 0.0229 0.0029 0.6818 0.0224 0.0043 0.0058 
0.0476 0.0246 0.0045 0.2524 0.0016 0.0220 0.0013 0.0228 0.0005 0.0001 0.0273 0.0034 0.5548 0.0235 0.0043 0.0096 
0.0831 0.0415 0.0158 0.1075 0.0403 0.0599 0.0238 0.0430 0.0002 0.0006 0.0473 0.0027 0.3587 0.1642 0.0078 0.0035 
0.1251 0.0749 0.0238 0.0257 0.0142 0.0665 0.0040 0.0842 0.0019 0.0001 0.0719 0.0064 0.1655 0.0706 0.2499 0.0153 
0.1162 0.0598 0.0027 0.0093 0.0444 0.0783 0.0578 0.0562 0.0129 0.1077 0.0888 0.0286 0.0663 0.1863 0.0045 0.0802 
0.0855 0.0375 0.0161 0.0149 0.0029 0.0324 0.0021 0.0679 0.0003 0.0064 0.0743 0.0091 0.0315 0.0350 0.5790 0.0051 
0.0486 0.0950 0.0201 0.0144 0.0019 0.0395 0.0053 0.0256 0.1156 0.0061 0.0374 0.0343 0.0259 0.0251 0.0075 0.4978 
0.4455 0.0383 0.0886 0.0637 0.0032 0.0430 0.0026 0.0383 0.0029 0.0008 0.0509 0.0262 0.1424 0.0390 0.0059 0.0086 
0.0673 0.0340 0.5570 0.0497 0.0022 0.0847 0.0054 0.0353 0.0006 0.0005 0.0564 0.0214 0.0420 0.0342 0.0053 0.0040 
0.0765 0.0514 0.0196 0.5713 0.0038 0.0511 0.0014 0.0402 0.0010 0.0003 0.0478 0.0363 0.0564 0.0366 0.0021 0.0042 
0.0892 0.0518 0.0008 0.0511 0.0075 0.5448 0.0019 0.0438 0.0019 0.0018 0.0471 0.0206 0.0826 0.0425 0.0034 0.0093 
0.0829 0.0422 0.0032 0.0110 0.0058 0.0513 0.0013 0.0452 0.0003 0.0003 0.5559 0.0078 0.1432 0.0419 0.0034 0.0043 
0.0332 0.0259 0.0054 0.0022 0.0010 0.0169 0.0008 0.0174 0.0045 0.0005 0.0190 0.6150 0.2371 0.0166 0.0026 0.0019 
0.0556 0.0276 0.0034 0.0070 0.0006 0.0292 0.0053 0.0275 0.0014 0.0001 0.0299 0.0088 0.7640 0.0284 0.0022 0.0091 
0.0538 0.0278 0.0157 0.0013 0.0010 0.0351 0.0029 0.0278 0.0001 0.0001 0.0304 0.0072 0.7619 0.0273 0.0050 0.0029 
0.0531 0.0289 0.0066 0.0029 0.0006 0.0294 0.0043 0.0275 0.0001 0.0001 0.0355 0.0089 0.7625 0.0292 0.0040 0.0067 
0.0588 0.0281 0.0027 0.0129 0.0008 0.0254 0.0021 0.0262 0.0014 0.0001 0.0291 0.0125 0.7635 0.0283 0.0014 0.0070 
0.0558 0.0270 0.0046 0.0042 0.0018 0.0304 0.0021 0.0275 0.0014 0.0006 0.0276 0.0077 0.7626 0.0273 0.0113 0.0081 
0.0529 0.0292 0.0120 0.0034 0.0034 0.0289 0.0133 0.0281 0.0005 0.0001 0.0332 0.0030 0.7414 0.0313 0.0043 0.0152 
0.0663 0.0318 0.0131 0.0113 0.0026 0.0291 0.0006 0.0315 0.0013 0.0003 0.0297 0.0147 0.7102 0.0315 0.0105 0.0155 
0.0749 0.0367 0.0374 0.0053 0.0016 0.0580 0.0070 0.0377 0.0117 0.0006 0.0377 0.0054 0.5459 0.0479 0.0089 0.0832 
0.0669 0.0433 0.1687 0.0136 0.0027 0.0356 0.0070 0.0321 0.0026 0.0001 0.0490 0.0075 0.4646 0.0350 0.0257 0.0457 
0.1015 0.0511 0.1639 0.0193 0.0026 0.0749 0.0254 0.0438 0.0022 0.0006 0.0422 0.0286 0.3528 0.0447 0.0069 0.0395 
0.0977 0.0794 0.2028 0.1404 0.0021 0.0417 0.0032 0.0446 0.0107 0.0005 0.0803 0.0050 0.1651 0.0447 0.0222 0.0596 
0.0978 0.0495 0.0332 0.1693 0.0137 0.2732 0.0292 0.0431 0.0035 0.0019 0.0422 0.0399 0.1227 0.0506 0.0069 0.0232 
0.0721 0.0340 0.1903 0.0939 0.0043 0.0593 0.0018 0.0479 0.0006 0.0005 0.3517 0.0018 0.1011 0.0334 0.0037 0.0037 
0.0628 0.0685 0.0064 0.0714 0.0034 0.1439 0.0008 0.0356 0.0144 0.0037 0.0335 0.4984 0.0217 0.0296 0.0024 0.0035 
0.0928 0.0522 0.0061 0.1925 0.0021 0.0516 0.0019 0.0481 0.0061 0.0001 0.1271 0.0051 0.3598 0.0458 0.0034 0.0054 
0.0985 0.0901 0.0594 0.0870 0.0026 0.0506 0.0018 0.0497 0.0014 0.0001 0.0530 0.1107 0.3360 0.0497 0.0043 0.0051 
0.0458 0.0233 0.0458 0.1971 0.0006 0.0278 0.0032 0.0224 0.0005 0.0001 0.0270 0.0030 0.5726 0.0232 0.0054 0.0024 
0.0594 0.0304 0.0153 0.1262 0.0016 0.0417 0.0075 0.0297 0.0013 0.0001 0.0331 0.0073 0.6026 0.0327 0.0048 0.0065 
0.0684 0.0449 0.0061 0.2390 0.0572 0.0323 0.0343 0.0335 0.0005 0.0001 0.0316 0.0094 0.3685 0.0436 0.0163 0.0144 
0.0943 0.0756 0.0171 0.1938 0.0211 0.0588 0.0107 0.1184 0.0037 0.0001 0.0470 0.0062 0.1726 0.0542 0.0868 0.0399 
0.1019 0.0369 0.0378 0.0160 0.0292 0.1508 0.0271 0.0535 0.1951 0.0105 0.0374 0.0040 0.0469 0.0787 0.0064 0.1677 
