0.1495 0.0688 0.0411 0.0409 0.0006 0.1043 0.0077 0.0668 0.0037 0.0016 0.2026 0.1141 0.1254 0.0642 0.0024 0.0064 
0.1225 0.0860 0.0212 0.0460 0.0005 0.0709 0.0112 0.0618 0.0030 0.0006 0.1599 0.0840 0.2606 0.0604 0.0053 0.0059 
0.0963 0.0535 0.0433 0.0725 0.0008 0.0478 0.0035 0.0481 0.0008 0.0001 0.1302 0.0403 0.4064 0.0494 0.0027 0.0046 
0.0534 0.0256 0.0094 0.0537 0.0010 0.0296 0.0003 0.0257 0.0002 0.0001 0.0265 0.0131 0.7339 0.0264 0.0008 0.0008 
0.0529 0.0283 0.0024 0.0366 0.0037 0.0286 0.0002 0.0278 0.0003 0.0001 0.0276 0.0035 0.7548 0.0268 0.0043 0.0024 
0.0503 0.0267 0.0002 0.0511 0.0046 0.0470 0.0026 0.0265 0.0002 0.0002 0.0265 0.0043 0.7264 0.0284 0.0016 0.0035 
0.0593 0.0315 0.0053 0.0050 0.0016 0.0326 0.0006 0.0307 0.0027 0.0001 0.0331 0.0064 0.7534 0.0311 0.0030 0.0038 
0.0527 0.0273 0.0038 0.0046 0.0016 0.0313 0.0010 0.0280 0.0035 0.0008 0.0339 0.0158 0.7530 0.0272 0.0058 0.0097 
0.0546 0.0307 0.0038 0.0016 0.0038 0.0471 0.0057 0.0295 0.0011 0.0001 0.0321 0.0142 0.7018 0.0669 0.0021 0.0050 
0.0607 0.0356 0.0056 0.0013 0.0008 0.0270 0.0048 0.0292 0.0013 0.0001 0.0308 0.0088 0.7067 0.0340 0.0471 0.0064 
0.0526 0.0254 0.0318 0.0029 0.0013 0.0227 0.0080 0.0244 0.0073 0.0035 0.0276 0.0061 0.6905 0.0260 0.0045 0.0653 
0.1293 0.0351 0.0518 0.0147 0.0029 0.0332 0.0137 0.0377 0.0021 0.0001 0.0350 0.0048 0.3128 0.0388 0.0168 0.2714 
0.0382 0.0163 0.3377 0.0153 0.0053 0.0458 0.0307 0.0182 0.0010 0.0019 0.0188 0.0046 0.4347 0.0165 0.0054 0.0096 
0.1155 0.2285 0.0468 0.0562 0.0085 0.0652 0.0016 0.0639 0.0026 0.0035 0.0736 0.0088 0.2108 0.0602 0.0040 0.0505 
0.0859 0.0442 0.0040 0.0128 0.0091 0.4225 0.0077 0.0409 0.0125 0.0024 0.0462 0.0613 0.1925 0.0406 0.0141 0.0035 
0.0895 0.0721 0.0312 0.0037 0.0035 0.0649 0.0010 0.0491 0.0072 0.0013 0.5360 0.0128 0.0524 0.0486 0.0037 0.0233 
0.0661 0.1129 0.0133 0.0217 0.0011 0.0268 0.0051 0.0275 0.0080 0.0005 0.0270 0.6208 0.0209 0.0283 0.0077 0.0123 
0.0411 0.0304 0.3570 0.0380 0.0010 0.0177 0.0105 0.0182 0.0040 0.0001 0.0204 0.0027 0.3974 0.0190 0.0144 0.0283 
0.0452 0.0222 0.2263 0.0957 0.0018 0.0287 0.0123 0.0195 0.0006 0.0001 0.0198 0.0062 0.4886 0.0192 0.0061 0.0078 
0.0709 0.0351 0.0460 0.1995 0.0016 0.0367 0.0059 0.0401 0.0005 0.0001 0.0404 0.0022 0.4700 0.0329 0.0040 0.0142 
0.0797 0.0393 0.0035 0.1984 0.0058 0.1390 0.0054 0.0393 0.0050 0.0003 0.0451 0.0067 0.3841 0.0382 0.0081 0.0021 
0.0851 0.0502 0.0029 0.0067 0.0387 0.2506 0.0110 0.0505 0.0003 0.0027 0.1196 0.0112 0.3107 0.0422 0.0152 0.0024 
0.0550 0.0351 0.0027 0.0019 0.1884 0.0294 0.0219 0.0377 0.0018 0.0010 0.1956 0.1115 0.1334 0.1797 0.0006 0.0043 
0.0559 0.0410 0.0011 0.0102 0.0008 0.0222 0.0016 0.0938 0.0081 0.0003 0.0268 0.0987 0.1366 0.0238 0.4771 0.0019 
0.0470 0.0216 0.0393 0.0056 0.0003 0.0176 0.0030 0.0212 0.0754 0.0126 0.0262 0.0067 0.1382 0.0200 0.0081 0.5571 
0.4856 0.0492 0.0601 0.0069 0.0030 0.0492 0.0080 0.0474 0.0046 0.0001 0.0497 0.0121 0.1597 0.0497 0.0077 0.0072 
0.0770 0.0492 0.4625 0.0302 0.0056 0.0390 0.0061 0.0420 0.0016 0.0001 0.0414 0.0040 0.1313 0.0490 0.0198 0.0414 
0.1247 0.0618 0.0310 0.3777 0.0072 0.0904 0.0059 0.0632 0.0038 0.0006 0.0628 0.0121 0.0482 0.0594 0.0254 0.0256 
0.1048 0.0930 0.0444 0.0097 0.0379 0.3903 0.0235 0.0545 0.0048 0.0032 0.0562 0.0126 0.0753 0.0522 0.0048 0.0328 
0.0979 0.1150 0.0390 0.0121 0.0065 0.0653 0.0150 0.0677 0.0073 0.0021 0.4653 0.0129 0.0337 0.0419 0.0032 0.0149 
0.0623 0.1747 0.1576 0.0104 0.0016 0.0561 0.0155 0.0329 0.0656 0.0035 0.0527 0.2893 0.0088 0.0324 0.0192 0.0174 
0.0909 0.0524 0.4266 0.0230 0.0022 0.0396 0.0220 0.0420 0.0067 0.0003 0.0607 0.0688 0.0722 0.0369 0.0069 0.0487 
0.1401 0.0708 0.1374 0.0417 0.0040 0.2018 0.0125 0.0657 0.0051 0.0008 0.0740 0.0262 0.1082 0.0630 0.0083 0.0404 
0.1217 0.0573 0.0375 0.0243 0.0043 0.0981 0.0040 0.0585 0.0045 0.0062 0.3416 0.0105 0.1423 0.0551 0.0216 0.0125 
0.0837 0.0714 0.0327 0.0454 0.0112 0.0395 0.0216 0.0428 0.0016 0.0003 0.0919 0.3914 0.1128 0.0438 0.0026 0.0075 
0.0540 0.0244 0.0051 0.1503 0.0010 0.0268 0.0029 0.0264 0.0030 0.0001 0.0235 0.0602 0.5728 0.0254 0.0155 0.0088 
0.0554 0.0224 0.1115 0.0406 0.0016 0.0313 0.0005 0.0219 0.0139 0.0006 0.0219 0.0014 0.6197 0.0201 0.0054 0.0316 
0.0609 0.0442 0.0059 0.0628 0.0077 0.0679 0.0067 0.0308 0.0002 0.0006 0.0339 0.0032 0.6387 0.0315 0.0029 0.0022 
0.0498 0.1013 0.0109 0.0639 0.0013 0.0273 0.0022 0.0276 0.0027 0.0001 0.0299 0.0136 0.6261 0.0252 0.0158 0.0022 
0.0534 0.0307 0.0096 0.1927 0.0010 0.0398 0.0166 0.0283 0.0093 0.0001 0.0372 0.0089 0.4646 0.0288 0.0165 0.0628 
0.0993 0.0478 0.1107 0.0196 0.0152 0.0656 0.0206 0.0452 0.0005 0.0006 0.0577 0.0113 0.4485 0.0438 0.0083 0.0053 
0.0888 0.1034 0.0436 0.0069 0.2059 0.1161 0.0677 0.0558 0.0005 0.0014 0.0506 0.0126 0.1155 0.1096 0.0099 0.0117 
0.0973 0.1656 0.1003 0.0454 0.0019 0.0476 0.0070 0.1243 0.0057 0.0027 0.0490 0.0182 0.0802 0.0476 0.1778 0.0294 
0.0829 0.0403 0.0145 0.0032 0.0064 0.1692 0.0268 0.0427 0.0444 0.1861 0.0641 0.0300 0.1895 0.0396 0.0077 0.0527 
0.1015 0.0698 0.0131 0.0101 0.0051 0.0428 0.0035 0.0476 0.0014 0.0013 0.5485 0.0369 0.0687 0.0425 0.0018 0.0054 
0.0661 0.0403 0.0294 0.0361 0.0014 0.0442 0.0030 0.0326 0.0059 0.0016 0.0316 0.6350 0.0289 0.0313 0.0062 0.0062 
0.0588 0.0291 0.0847 0.0037 0.0030 0.0895 0.0053 0.0310 0.0011 0.0035 0.0356 0.0094 0.5864 0.0289 0.0185 0.0115 
0.0513 0.0746 0.0006 0.0070 0.0014 0.0340 0.0019 0.0256 0.0006 0.0001 0.0938 0.0133 0.6612 0.0246 0.0022 0.0080 
0.0459 0.0305 0.0016 0.0105 0.0003 0.0213 0.0037 0.0217 0.0016 0.0002 0.0248 0.1459 0.6652 0.0229 0.0014 0.0026 
0.0465 0.0225 0.0839 0.0022 0.0006 0.0291 0.0029 0.0211 0.0006 0.0001 0.0230 0.0061 0.7204 0.0257 0.0126 0.0029 
0.0343 0.0208 0.0037 0.0006 0.0011 0.1564 0.0062 0.0181 0.0001 0.0002 0.0254 0.0064 0.6925 0.0169 0.0125 0.0050 
0.0444 0.0312 0.0013 0.0005 0.0022 0.0244 0.0018 0.0227 0.0001 0.0001 0.1090 0.0123 0.7172 0.0209 0.0050 0.0074 
0.0382 0.0198 0.0029 0.0002 0.0001 0.0160 0.0064 0.0181 0.0016 0.0001 0.0211 0.1620 0.6835 0.0176 0.0034 0.0096 
0.0546 0.0257 0.0155 0.0001 0.0002 0.0251 0.0048 0.0252 0.0021 0.0003 0.0320 0.0062 0.7581 0.0270 0.0045 0.0187 
0.0529 0.0265 0.0112 0.0001 0.0018 0.0356 0.0027 0.0280 0.0001 0.0003 0.0403 0.0125 0.7536 0.0262 0.0062 0.0026 
0.0482 0.0374 0.0034 0.0001 0.0010 0.0252 0.0019 0.0275 0.0003 0.0001 0.0358 0.0462 0.7340 0.0252 0.0024 0.0117 
0.0626 0.0297 0.0005 0.0005 0.0002 0.0265 0.0018 0.0257 0.0021 0.0001 0.0310 0.0219 0.7517 0.0331 0.0021 0.0110 
0.0554 0.0284 0.0251 0.0003 0.0005 0.0259 0.0037 0.0262 0.0011 0.0001 0.0334 0.0070 0.7531 0.0264 0.0096 0.0040 
0.0522 0.0385 0.0288 0.0022 0.0008 0.0257 0.0024 0.0262 0.0002 0.0001 0.0286 0.0081 0.7481 0.0280 0.0038 0.0065 
0.0638 0.0310 0.0094 0.0137 0.0008 0.0382 0.0035 0.0305 0.0018 0.0002 0.0304 0.0070 0.7044 0.0369 0.0080 0.0205 
0.0644 0.0366 0.0204 0.0061 0.0013 0.0323 0.0075 0.0307 0.0006 0.0001 0.0305 0.0034 0.6962 0.0313 0.0160 0.0230 
0.0660 0.0347 0.0118 0.0117 0.0032 0.0597 0.0153 0.0334 0.0008 0.0008 0.0379 0.0032 0.6685 0.0324 0.0054 0.0152 
0.0884 0.0505 0.0251 0.0104 0.0040 0.0492 0.0011 0.0459 0.0008 0.0016 0.1147 0.0075 0.5330 0.0514 0.0018 0.0147 
0.0826 0.0422 0.0305 0.0179 0.0019 0.0459 0.0011 0.0404 0.0080 0.0002 0.0540 0.1537 0.4521 0.0407 0.0058 0.0230 
0.0719 0.0414 0.0816 0.0126 0.0042 0.0425 0.0101 0.0358 0.0030 0.0003 0.0522 0.0198 0.5582 0.0385 0.0026 0.0254 
0.0843 0.0426 0.0184 0.0271 0.0065 0.0835 0.0030 0.0410 0.0011 0.0002 0.0474 0.0232 0.5584 0.0476 0.0042 0.0113 
0.0965 0.0653 0.0227 0.0168 0.0046 0.0633 0.0070 0.0527 0.0065 0.0016 0.0717 0.0171 0.4772 0.0569 0.0129 0.0272 
0.0882 0.0631 0.0484 0.0235 0.0045 0.0565 0.0034 0.0494 0.0061 0.0046 0.0532 0.0500 0.4514 0.0495 0.0121 0.0361 
0.1318 0.0978 0.1529 0.0160 0.0050 0.0983 0.0120 0.0753 0.0075 0.0003 0.0788 0.0099 0.1957 0.0807 0.0107 0.0275 
0.0893 0.0468 0.3981 0.0729 0.0013 0.0407 0.0102 0.0423 0.0011 0.0001 0.0475 0.0109 0.1818 0.0406 0.0123 0.0043 
0.1118 0.0562 0.0883 0.1275 0.0081 0.2029 0.0206 0.0585 0.0018 0.0003 0.0586 0.0181 0.1403 0.0845 0.0142 0.0083 
0.1058 0.1866 0.0097 0.1309 0.0053 0.0500 0.0181 0.0618 0.0021 0.0001 0.0518 0.0153 0.1500 0.0569 0.1313 0.0246 
0.0668 0.0383 0.0094 0.3573 0.0222 0.0463 0.0147 0.0331 0.0257 0.0053 0.0319 0.0053 0.0736 0.0327 0.0105 0.2267 
0.2178 0.0342 0.2017 0.0283 0.0343 0.1453 0.0110 0.0538 0.0557 0.0018 0.0359 0.0070 0.0476 0.0658 0.0085 0.0513 
