0.1371 0.0508 0.2417 0.1604 0.0078 0.1080 0.0061 0.0492 0.0093 0.0065 0.0760 0.0318 0.0513 0.0460 0.0040 0.0141 
0.0714 0.0570 0.4004 0.1132 0.0032 0.0663 0.0089 0.0425 0.0067 0.0038 0.1060 0.0177 0.0441 0.0339 0.0034 0.0216 
0.0878 0.0664 0.0380 0.3997 0.0065 0.0680 0.0075 0.0444 0.0158 0.0010 0.0738 0.1097 0.0271 0.0431 0.0046 0.0064 
0.0740 0.0901 0.0380 0.5294 0.0126 0.0391 0.0065 0.0374 0.0032 0.0011 0.0462 0.0181 0.0450 0.0342 0.0058 0.0193 
0.0810 0.0377 0.0455 0.3758 0.0118 0.2082 0.0110 0.0459 0.0037 0.0011 0.0428 0.0284 0.0382 0.0395 0.0066 0.0228 
0.0994 0.0580 0.1673 0.1518 0.0054 0.0983 0.0101 0.0575 0.0177 0.0014 0.2197 0.0126 0.0385 0.0492 0.0037 0.0094 
0.0813 0.1523 0.0112 0.2930 0.0043 0.0861 0.0054 0.0409 0.0216 0.0014 0.0428 0.1525 0.0495 0.0380 0.0083 0.0113 
0.0974 0.1017 0.1006 0.3734 0.0037 0.0524 0.0064 0.0407 0.0053 0.0019 0.0479 0.0065 0.0827 0.0426 0.0038 0.0327 
0.0573 0.0410 0.3912 0.3220 0.0019 0.0406 0.0057 0.0267 0.0046 0.0003 0.0265 0.0093 0.0125 0.0371 0.0099 0.0134 
0.0375 0.0270 0.3947 0.3942 0.0050 0.0417 0.0050 0.0195 0.0008 0.0001 0.0241 0.0040 0.0128 0.0185 0.0091 0.0061 
0.0783 0.0395 0.0957 0.5257 0.0045 0.0744 0.0022 0.0390 0.0024 0.0002 0.0412 0.0067 0.0121 0.0324 0.0078 0.0379 
0.0466 0.0428 0.1131 0.6542 0.0026 0.0244 0.0054 0.0240 0.0085 0.0001 0.0323 0.0065 0.0083 0.0220 0.0024 0.0069 
0.0755 0.0473 0.0026 0.0573 0.0118 0.6464 0.0011 0.0406 0.0005 0.0043 0.0404 0.0171 0.0072 0.0396 0.0019 0.0064 
0.0824 0.0540 0.0067 0.0075 0.0024 0.0843 0.0014 0.0497 0.0019 0.0016 0.6393 0.0045 0.0133 0.0396 0.0062 0.0051 
0.0334 0.0256 0.0030 0.0166 0.0030 0.0163 0.0019 0.0163 0.0054 0.0011 0.1529 0.6970 0.0091 0.0169 0.0003 0.0011 
0.0484 0.0228 0.0042 0.0029 0.0011 0.0329 0.0043 0.0224 0.0006 0.0002 0.0211 0.0982 0.6888 0.0284 0.0158 0.0078 
0.0518 0.0257 0.0091 0.0006 0.0011 0.0315 0.0019 0.0276 0.0014 0.0003 0.0471 0.0038 0.7524 0.0267 0.0067 0.0121 
0.0482 0.0422 0.0019 0.0005 0.0014 0.0222 0.0026 0.0246 0.0011 0.0002 0.0300 0.0564 0.7388 0.0241 0.0016 0.0042 
0.0609 0.0246 0.0005 0.0062 0.0003 0.0462 0.0030 0.0268 0.0011 0.0001 0.0273 0.0241 0.7471 0.0251 0.0029 0.0040 
0.0535 0.0283 0.0220 0.0001 0.0003 0.0308 0.0011 0.0268 0.0014 0.0001 0.0319 0.0070 0.7631 0.0294 0.0014 0.0029 
0.0593 0.0315 0.0008 0.0006 0.0010 0.0275 0.0011 0.0283 0.0003 0.0002 0.0302 0.0085 0.7754 0.0297 0.0043 0.0014 
0.0538 0.0311 0.0040 0.0001 0.0002 0.0315 0.0035 0.0291 0.0008 0.0001 0.0280 0.0045 0.7668 0.0300 0.0081 0.0088 
0.0532 0.0289 0.0070 0.0002 0.0005 0.0246 0.0088 0.0259 0.0013 0.0001 0.0296 0.0032 0.7584 0.0267 0.0072 0.0248 
0.0525 0.0308 0.0260 0.0011 0.0002 0.0236 0.0099 0.0251 0.0003 0.0001 0.0252 0.0097 0.7466 0.0259 0.0094 0.0137 
0.0481 0.0228 0.0724 0.0006 0.0005 0.0308 0.0053 0.0225 0.0003 0.0001 0.0244 0.0016 0.7230 0.0283 0.0046 0.0149 
0.0526 0.0352 0.0069 0.0037 0.0002 0.0331 0.0029 0.0267 0.0014 0.0001 0.0340 0.0035 0.7106 0.0270 0.0107 0.0516 
0.0763 0.0586 0.0085 0.0153 0.0019 0.0370 0.0366 0.0369 0.0030 0.0001 0.0417 0.0067 0.0409 0.5838 0.0083 0.0446 
0.0580 0.0393 0.0917 0.0160 0.0002 0.0230 0.0112 0.0224 0.0001 0.0001 0.0209 0.0027 0.0348 0.0241 0.6496 0.0065 
0.0524 0.0300 0.1380 0.0688 0.0005 0.0260 0.0021 0.0254 0.0035 0.0094 0.0291 0.0010 0.0136 0.0259 0.0089 0.5654 
0.3193 0.0494 0.0275 0.3485 0.0056 0.0454 0.0027 0.0479 0.0001 0.0001 0.0541 0.0053 0.0248 0.0466 0.0133 0.0099 
0.0436 0.0209 0.4434 0.3234 0.0059 0.0267 0.0018 0.0241 0.0010 0.0001 0.0225 0.0046 0.0216 0.0217 0.0129 0.0260 
0.0802 0.0479 0.0763 0.5391 0.0093 0.0957 0.0006 0.0348 0.0027 0.0001 0.0420 0.0030 0.0240 0.0334 0.0062 0.0050 
0.0861 0.0535 0.0006 0.0181 0.0193 0.6016 0.0030 0.0414 0.0014 0.0062 0.0922 0.0142 0.0158 0.0396 0.0026 0.0043 
0.0690 0.0634 0.0074 0.0447 0.0029 0.0316 0.0011 0.0387 0.0051 0.0038 0.5850 0.0759 0.0324 0.0361 0.0006 0.0021 
0.0495 0.0339 0.0380 0.0601 0.0010 0.0259 0.0014 0.0224 0.0182 0.0011 0.0224 0.5668 0.0640 0.0260 0.0679 0.0014 
0.0371 0.0188 0.1835 0.0529 0.0008 0.0190 0.0032 0.0176 0.0018 0.0002 0.0187 0.0011 0.4464 0.0171 0.0129 0.1690 
0.1183 0.0508 0.0085 0.0465 0.0022 0.0604 0.0026 0.0492 0.0010 0.0001 0.0565 0.0075 0.5310 0.0497 0.0038 0.0121 
0.0692 0.0473 0.0118 0.0176 0.0011 0.1326 0.0030 0.0355 0.0005 0.0001 0.0450 0.0163 0.5813 0.0340 0.0038 0.0011 
0.0676 0.1126 0.0003 0.0395 0.0048 0.0498 0.0038 0.0355 0.0006 0.0001 0.0508 0.0089 0.5853 0.0334 0.0037 0.0034 
0.0620 0.0359 0.0030 0.0061 0.0331 0.0343 0.0109 0.0329 0.0001 0.0001 0.0363 0.0125 0.6879 0.0312 0.0034 0.0107 
0.0530 0.0249 0.0885 0.0006 0.0005 0.0238 0.0022 0.0328 0.0002 0.0001 0.0391 0.0085 0.6889 0.0248 0.0027 0.0096 
0.0508 0.0249 0.0091 0.0008 0.0006 0.0273 0.0005 0.0259 0.0556 0.0024 0.0284 0.0286 0.7149 0.0243 0.0030 0.0029 
0.0613 0.0289 0.0024 0.0008 0.0011 0.0324 0.0029 0.0288 0.0006 0.0005 0.0305 0.0069 0.7613 0.0280 0.0048 0.0088 
0.0583 0.0310 0.0024 0.0003 0.0013 0.0321 0.0018 0.0270 0.0001 0.0001 0.0412 0.0078 0.7542 0.0297 0.0011 0.0120 
0.0535 0.0300 0.0086 0.0002 0.0006 0.0265 0.0010 0.0268 0.0005 0.0001 0.0323 0.0355 0.7535 0.0270 0.0024 0.0018 
0.0543 0.0280 0.0008 0.0019 0.0003 0.0281 0.0016 0.0289 0.0018 0.0001 0.0324 0.0080 0.7743 0.0280 0.0064 0.0054 
0.0570 0.0278 0.0011 0.0001 0.0002 0.0294 0.0035 0.0276 0.0013 0.0001 0.0280 0.0144 0.7645 0.0276 0.0056 0.0121 
0.0569 0.0323 0.0136 0.0001 0.0005 0.0272 0.0038 0.0264 0.0001 0.0001 0.0297 0.0024 0.7658 0.0283 0.0030 0.0104 
0.0514 0.0289 0.0404 0.0005 0.0002 0.0243 0.0045 0.0259 0.0008 0.0001 0.0271 0.0048 0.7523 0.0254 0.0053 0.0085 
0.0755 0.0391 0.0291 0.0038 0.0022 0.0473 0.0073 0.0398 0.0016 0.0001 0.0417 0.0080 0.0326 0.6330 0.0131 0.0260 
0.0493 0.0356 0.0166 0.0029 0.0010 0.0217 0.0046 0.0244 0.0003 0.0001 0.0257 0.0080 0.0393 0.0251 0.7344 0.0112 
0.0530 0.0238 0.0064 0.0230 0.0016 0.0375 0.0107 0.0248 0.0027 0.0133 0.0307 0.0051 0.0287 0.0235 0.0034 0.7119 
0.3680 0.0553 0.0280 0.0013 0.0043 0.1936 0.0126 0.0565 0.0016 0.0001 0.1032 0.0113 0.0968 0.0565 0.0085 0.0026 
0.0596 0.4149 0.0580 0.0160 0.0026 0.0337 0.0024 0.0350 0.0013 0.0010 0.0657 0.1454 0.1283 0.0292 0.0019 0.0051 
0.0696 0.0474 0.0003 0.0350 0.0021 0.4272 0.0126 0.0367 0.0059 0.0024 0.0403 0.1201 0.1458 0.0353 0.0042 0.0150 
0.0302 0.0157 0.0401 0.0010 0.0010 0.0264 0.0021 0.0177 0.0013 0.0002 0.4642 0.0097 0.3683 0.0153 0.0026 0.0043 
0.0308 0.0311 0.0018 0.0034 0.0018 0.0160 0.0026 0.0152 0.0011 0.0070 0.0276 0.6760 0.1656 0.0149 0.0006 0.0046 
0.0519 0.0257 0.0013 0.0045 0.0008 0.0310 0.0022 0.0262 0.0013 0.0002 0.0286 0.0344 0.7613 0.0275 0.0011 0.0021 
0.0524 0.0267 0.0118 0.0006 0.0002 0.0281 0.0051 0.0264 0.0018 0.0001 0.0335 0.0067 0.7644 0.0276 0.0057 0.0089 
0.0550 0.0331 0.0059 0.0003 0.0010 0.0267 0.0030 0.0264 0.0001 0.0001 0.0278 0.0128 0.7673 0.0275 0.0054 0.0083 
0.0545 0.0311 0.0168 0.0005 0.0001 0.0271 0.0022 0.0297 0.0005 0.0001 0.0284 0.0046 0.7681 0.0287 0.0051 0.0027 
0.0529 0.0265 0.0040 0.0035 0.0001 0.0280 0.0073 0.0244 0.0034 0.0001 0.0283 0.0021 0.7470 0.0315 0.0056 0.0359 
0.0484 0.0299 0.0740 0.0034 0.0010 0.0212 0.0067 0.0214 0.0003 0.0001 0.0265 0.0061 0.7136 0.0249 0.0078 0.0150 
0.0617 0.0321 0.1189 0.0193 0.0048 0.0256 0.0460 0.0275 0.0001 0.0001 0.0276 0.0029 0.3163 0.2163 0.0304 0.0708 
0.0532 0.0292 0.1343 0.0228 0.0035 0.0294 0.0232 0.0270 0.0008 0.0011 0.0259 0.0024 0.1409 0.0476 0.3848 0.0738 
0.1232 0.0658 0.0776 0.0072 0.0083 0.1674 0.0232 0.0593 0.0078 0.0419 0.0859 0.0062 0.1059 0.0687 0.0169 0.1347 
0.1513 0.1762 0.0327 0.0347 0.0069 0.0519 0.0094 0.0605 0.0019 0.0117 0.2909 0.0343 0.0353 0.0617 0.0281 0.0125 
0.1075 0.0904 0.0155 0.0385 0.0069 0.2335 0.0050 0.0522 0.0089 0.0286 0.0647 0.1843 0.0597 0.0518 0.0411 0.0113 
0.0944 0.0430 0.0275 0.0473 0.0026 0.0427 0.0021 0.0460 0.0042 0.0105 0.3976 0.0181 0.1722 0.0411 0.0064 0.0446 
0.0807 0.0462 0.0185 0.0379 0.0030 0.0356 0.0022 0.0299 0.0042 0.0019 0.0482 0.5962 0.0597 0.0310 0.0008 0.0040 
0.0626 0.0307 0.0656 0.1506 0.0010 0.0358 0.0013 0.0310 0.0014 0.0006 0.0337 0.0479 0.5038 0.0299 0.0022 0.0019 
0.0535 0.0270 0.0190 0.1926 0.0021 0.0430 0.0014 0.0267 0.0006 0.0001 0.0302 0.0096 0.5632 0.0268 0.0014 0.0030 
0.0577 0.0300 0.0013 0.1564 0.0016 0.0443 0.0014 0.0316 0.0002 0.0001 0.0272 0.0115 0.6058 0.0281 0.0024 0.0006 
0.0538 0.0589 0.0002 0.0682 0.0013 0.0359 0.0046 0.0283 0.0061 0.0001 0.0278 0.0021 0.6759 0.0267 0.0059 0.0045 
0.0661 0.0447 0.0318 0.0246 0.0014 0.0406 0.0062 0.0335 0.0019 0.0001 0.0337 0.0029 0.6387 0.0323 0.0105 0.0310 
0.0514 0.0265 0.2137 0.0018 0.0011 0.0666 0.0024 0.0243 0.0002 0.0001 0.0208 0.0034 0.5498 0.0219 0.0053 0.0110 
0.0692 0.0910 0.0337 0.0034 0.0006 0.0549 0.0224 0.0367 0.0016 0.0001 0.0428 0.0027 0.5897 0.0345 0.0070 0.0099 
0.0950 0.0549 0.0802 0.0276 0.0001 0.0479 0.0139 0.0474 0.0010 0.0001 0.0915 0.0093 0.3488 0.0476 0.0171 0.1180 
0.0845 0.0501 0.3223 0.0206 0.0002 0.0422 0.0198 0.0418 0.0061 0.0001 0.0449 0.0679 0.1607 0.0653 0.0225 0.0514 
0.0969 0.0559 0.2640 0.0586 0.0061 0.0985 0.0313 0.0439 0.0056 0.0001 0.0430 0.0070 0.0974 0.0877 0.0455 0.0586 
0.0989 0.0704 0.1920 0.0177 0.0214 0.2724 0.0134 0.0505 0.0081 0.0006 0.0486 0.0058 0.0516 0.0519 0.0174 0.0792 
