0.1238 0.0580 0.1145 0.2222 0.0129 0.0647 0.0390 0.0655 0.0112 0.0056 0.0893 0.0165 0.0489 0.0653 0.0026 0.0601 
0.0803 0.1214 0.3185 0.1636 0.0072 0.0618 0.0056 0.0434 0.0417 0.0057 0.0410 0.0107 0.0280 0.0380 0.0128 0.0203 
0.0650 0.0423 0.1153 0.4886 0.0176 0.1005 0.0037 0.0292 0.0078 0.0115 0.0380 0.0089 0.0201 0.0257 0.0019 0.0238 
0.0280 0.1404 0.0276 0.5823 0.0067 0.0796 0.0014 0.0262 0.0104 0.0013 0.0538 0.0089 0.0056 0.0209 0.0035 0.0034 
0.0342 0.0307 0.0596 0.6452 0.0077 0.0522 0.0030 0.0227 0.0072 0.0013 0.0351 0.0757 0.0029 0.0185 0.0019 0.0022 
0.0327 0.0280 0.0157 0.3899 0.0275 0.3866 0.0021 0.0196 0.0014 0.0005 0.0201 0.0393 0.0075 0.0153 0.0062 0.0075 
0.0553 0.0273 0.0024 0.2138 0.0110 0.1000 0.0016 0.0451 0.0026 0.0010 0.4458 0.0083 0.0538 0.0265 0.0018 0.0038 
0.0461 0.0457 0.0024 0.0244 0.0043 0.0441 0.0011 0.0255 0.0094 0.0024 0.0335 0.6210 0.1159 0.0223 0.0005 0.0013 
0.0481 0.0607 0.0008 0.0404 0.0014 0.0283 0.0021 0.0227 0.0065 0.0008 0.0312 0.0188 0.7142 0.0222 0.0002 0.0016 
0.0516 0.0262 0.0232 0.0042 0.0003 0.0327 0.0018 0.0257 0.0008 0.0010 0.0326 0.0147 0.7508 0.0281 0.0051 0.0013 
0.0506 0.0265 0.0169 0.0027 0.0010 0.0284 0.0032 0.0256 0.0003 0.0001 0.0307 0.0289 0.7504 0.0254 0.0045 0.0051 
0.0557 0.0281 0.0001 0.0073 0.0011 0.0299 0.0034 0.0286 0.0013 0.0001 0.0316 0.0120 0.7663 0.0267 0.0035 0.0046 
0.0502 0.0265 0.0010 0.0002 0.0005 0.0369 0.0034 0.0268 0.0008 0.0001 0.0427 0.0109 0.7565 0.0276 0.0021 0.0141 
0.0510 0.0291 0.0088 0.0001 0.0006 0.0342 0.0029 0.0249 0.0001 0.0001 0.0372 0.0273 0.7500 0.0248 0.0022 0.0072 
0.0508 0.0535 0.0117 0.0001 0.0001 0.0236 0.0037 0.0256 0.0019 0.0001 0.0283 0.0137 0.7564 0.0252 0.0019 0.0040 
0.0527 0.0268 0.0048 0.0013 0.0003 0.0244 0.0037 0.0256 0.0013 0.0001 0.0260 0.0073 0.7580 0.0327 0.0086 0.0265 
0.0530 0.0260 0.0262 0.0011 0.0006 0.0284 0.0038 0.0256 0.0002 0.0001 0.0246 0.0053 0.7521 0.0264 0.0193 0.0075 
0.0551 0.0428 0.0192 0.0011 0.0003 0.0296 0.0030 0.0280 0.0010 0.0001 0.0320 0.0010 0.7335 0.0272 0.0040 0.0224 
0.0672 0.0404 0.0053 0.0101 0.0018 0.0286 0.0077 0.0289 0.0032 0.0001 0.0294 0.0072 0.7230 0.0303 0.0045 0.0126 
0.0487 0.0235 0.0732 0.0099 0.0038 0.0216 0.0067 0.0254 0.0019 0.0001 0.0284 0.0081 0.6839 0.0286 0.0203 0.0161 
0.0715 0.0410 0.0200 0.0069 0.0428 0.0663 0.1000 0.0375 0.0065 0.0005 0.0367 0.0085 0.4808 0.0447 0.0110 0.0252 
0.0703 0.0417 0.0704 0.0075 0.0027 0.0399 0.0043 0.0714 0.0021 0.0022 0.0701 0.0104 0.5119 0.0318 0.0444 0.0188 
0.0880 0.1010 0.1011 0.0117 0.0026 0.0449 0.0032 0.0399 0.1388 0.0152 0.0390 0.0789 0.0888 0.0439 0.0037 0.1992 
0.1328 0.0399 0.0225 0.0363 0.0053 0.1112 0.0238 0.0452 0.0019 0.0019 0.0810 0.0069 0.4295 0.0492 0.0088 0.0038 
0.0877 0.0567 0.0548 0.0153 0.0019 0.0655 0.0011 0.0492 0.0088 0.0008 0.4280 0.0548 0.1096 0.0436 0.0040 0.0182 
0.0513 0.0347 0.0016 0.0786 0.0024 0.0295 0.0029 0.0241 0.0037 0.0016 0.0510 0.6360 0.0577 0.0225 0.0008 0.0018 
0.0575 0.0299 0.0663 0.0391 0.0034 0.0302 0.0021 0.0284 0.0010 0.0002 0.0340 0.0364 0.6313 0.0278 0.0021 0.0104 
0.0377 0.0185 0.0021 0.0153 0.0051 0.1454 0.0013 0.0201 0.0006 0.0002 0.0265 0.0104 0.6942 0.0184 0.0027 0.0014 
0.0492 0.0712 0.0026 0.0032 0.0038 0.0244 0.0018 0.0281 0.0013 0.0003 0.0463 0.0112 0.7318 0.0235 0.0005 0.0008 
0.0492 0.0249 0.0001 0.0203 0.0005 0.0347 0.0050 0.0248 0.0040 0.0001 0.0235 0.0551 0.7310 0.0243 0.0016 0.0014 
0.0535 0.0265 0.0062 0.0001 0.0006 0.0332 0.0034 0.0267 0.0013 0.0005 0.0348 0.0043 0.7693 0.0283 0.0077 0.0037 
0.0530 0.0337 0.0013 0.0002 0.0005 0.0257 0.0013 0.0270 0.0001 0.0001 0.0307 0.0209 0.7684 0.0262 0.0037 0.0077 
0.0580 0.0284 0.0026 0.0006 0.0005 0.0268 0.0032 0.0287 0.0011 0.0001 0.0308 0.0069 0.7788 0.0284 0.0019 0.0034 
0.0519 0.0259 0.0113 0.0002 0.0001 0.0318 0.0016 0.0264 0.0003 0.0001 0.0256 0.0067 0.7603 0.0407 0.0034 0.0142 
0.0514 0.0308 0.0086 0.0001 0.0024 0.0256 0.0070 0.0248 0.0006 0.0001 0.0299 0.0043 0.7615 0.0257 0.0157 0.0118 
0.0497 0.0300 0.0212 0.0011 0.0003 0.0235 0.0037 0.0252 0.0001 0.0001 0.0335 0.0038 0.7403 0.0241 0.0022 0.0414 
0.0556 0.0284 0.0137 0.0038 0.0008 0.0249 0.0077 0.0264 0.0053 0.0001 0.0256 0.0169 0.7134 0.0411 0.0051 0.0315 
0.0471 0.0264 0.0411 0.0021 0.0026 0.0262 0.0265 0.0228 0.0010 0.0001 0.0257 0.0083 0.7212 0.0244 0.0137 0.0110 
0.0586 0.0422 0.0089 0.0067 0.0058 0.0565 0.0176 0.0300 0.0013 0.0005 0.0474 0.0072 0.6337 0.0465 0.0029 0.0342 
0.0948 0.0585 0.0107 0.0121 0.0021 0.0489 0.0046 0.0486 0.0034 0.0010 0.0553 0.0273 0.4696 0.0695 0.0673 0.0264 
0.0783 0.0554 0.0604 0.0165 0.0032 0.0420 0.0073 0.0388 0.0131 0.0016 0.0427 0.0252 0.3326 0.0393 0.0446 0.1989 
0.0920 0.0713 0.0931 0.0310 0.0121 0.0705 0.0380 0.0537 0.0053 0.0010 0.0506 0.0072 0.3585 0.0490 0.0104 0.0562 
0.1184 0.0829 0.1844 0.0471 0.0058 0.0952 0.0107 0.0841 0.0038 0.0013 0.0845 0.0205 0.1753 0.0553 0.0123 0.0184 
0.1121 0.1593 0.0668 0.0532 0.0086 0.1526 0.0165 0.0588 0.0399 0.0069 0.0668 0.0829 0.0856 0.0559 0.0181 0.0161 
0.1128 0.0709 0.0788 0.1243 0.0085 0.1003 0.0149 0.0636 0.0062 0.0010 0.2633 0.0305 0.0372 0.0577 0.0145 0.0157 
0.1081 0.0795 0.1497 0.0751 0.0120 0.0894 0.0107 0.0615 0.0073 0.0030 0.0778 0.2075 0.0305 0.0556 0.0157 0.0166 
0.1071 0.0712 0.1014 0.1603 0.0123 0.0643 0.0145 0.0560 0.0110 0.0022 0.0765 0.0431 0.1694 0.0621 0.0196 0.0287 
0.1179 0.0754 0.0777 0.1159 0.0152 0.1477 0.0193 0.0644 0.0112 0.0040 0.0796 0.0459 0.1067 0.0657 0.0288 0.0248 
0.1279 0.0880 0.0588 0.1150 0.0163 0.0909 0.0252 0.0637 0.0086 0.0107 0.1151 0.0407 0.1250 0.0682 0.0164 0.0294 
0.1348 0.0695 0.0744 0.1177 0.0187 0.0893 0.0291 0.0626 0.0085 0.0065 0.0807 0.0958 0.0888 0.0843 0.0163 0.0228 
0.1299 0.0709 0.1240 0.0714 0.0105 0.0802 0.0110 0.0741 0.0059 0.0080 0.1011 0.0419 0.1005 0.0663 0.0658 0.0385 
0.1375 0.1043 0.0733 0.0789 0.0065 0.1086 0.0089 0.0693 0.0224 0.0077 0.1003 0.0438 0.0575 0.0700 0.0280 0.0829 
0.1335 0.0776 0.2730 0.1489 0.0058 0.0548 0.0046 0.0481 0.0061 0.0038 0.0585 0.0596 0.0348 0.0495 0.0083 0.0331 
0.1032 0.0494 0.0843 0.0470 0.0104 0.4435 0.0054 0.0471 0.0010 0.0035 0.0489 0.0494 0.0441 0.0436 0.0069 0.0125 
0.0812 0.0442 0.0276 0.0230 0.0037 0.0679 0.0030 0.0441 0.0024 0.0013 0.5538 0.0163 0.0762 0.0428 0.0037 0.0088 
0.0508 0.0484 0.0072 0.0409 0.0013 0.0254 0.0024 0.0240 0.0050 0.0010 0.0313 0.6465 0.0859 0.0241 0.0029 0.0030 
0.0474 0.0224 0.0115 0.0575 0.0053 0.0249 0.0021 0.0219 0.0010 0.0005 0.0235 0.0235 0.7284 0.0211 0.0019 0.0072 
0.0492 0.0254 0.0294 0.0233 0.0011 0.0313 0.0019 0.0273 0.0001 0.0001 0.0262 0.0042 0.7500 0.0241 0.0021 0.0046 
0.0487 0.0251 0.0011 0.0177 0.0021 0.0634 0.0021 0.0251 0.0006 0.0001 0.0294 0.0104 0.7482 0.0240 0.0013 0.0011 
0.0519 0.0533 0.0006 0.0260 0.0006 0.0236 0.0008 0.0257 0.0024 0.0001 0.0265 0.0088 0.7524 0.0249 0.0006 0.0019 
0.0452 0.0212 0.0051 0.0990 0.0002 0.0222 0.0005 0.0211 0.0024 0.0001 0.0211 0.0050 0.7242 0.0248 0.0030 0.0053 
0.0498 0.0246 0.0406 0.0042 0.0024 0.0423 0.0008 0.0241 0.0001 0.0001 0.0260 0.0022 0.7498 0.0256 0.0061 0.0014 
0.0542 0.0455 0.0005 0.0080 0.0019 0.0276 0.0005 0.0302 0.0001 0.0001 0.0313 0.0051 0.7602 0.0275 0.0051 0.0026 
0.0548 0.0264 0.0001 0.0177 0.0013 0.0294 0.0058 0.0283 0.0019 0.0001 0.0284 0.0081 0.7543 0.0332 0.0043 0.0062 
0.0535 0.0374 0.0182 0.0005 0.0045 0.0284 0.0081 0.0278 0.0022 0.0001 0.0307 0.0062 0.7176 0.0375 0.0123 0.0152 
0.0685 0.0406 0.0112 0.0006 0.0856 0.0398 0.1321 0.0356 0.0014 0.0001 0.0351 0.0040 0.4342 0.0486 0.0276 0.0351 
0.0415 0.0235 0.1344 0.0008 0.0003 0.0189 0.0043 0.0925 0.0008 0.0014 0.0342 0.0029 0.4894 0.0216 0.0967 0.0369 
0.0609 0.0398 0.1629 0.0029 0.0013 0.0256 0.0003 0.0230 0.1567 0.0147 0.0236 0.0620 0.1276 0.0278 0.0037 0.2674 
0.1776 0.0342 0.0176 0.0045 0.0051 0.1268 0.0184 0.0355 0.0003 0.0014 0.0657 0.0077 0.4585 0.0345 0.0094 0.0029 
0.0632 0.0930 0.0355 0.0037 0.0032 0.0430 0.0021 0.0428 0.0008 0.0005 0.4386 0.0684 0.1647 0.0311 0.0014 0.0081 
0.0300 0.0182 0.0001 0.0209 0.0008 0.1342 0.0014 0.0141 0.0034 0.0008 0.0256 0.5765 0.1599 0.0123 0.0014 0.0006 
0.0570 0.0475 0.0144 0.0001 0.0035 0.0428 0.0016 0.0292 0.0014 0.0002 0.0607 0.0145 0.6773 0.0296 0.0113 0.0089 
0.0478 0.0399 0.0010 0.0003 0.0185 0.0450 0.1156 0.0252 0.0001 0.0001 0.0295 0.0426 0.5895 0.0310 0.0059 0.0081 
0.0609 0.0490 0.0128 0.0001 0.0014 0.0246 0.0050 0.0383 0.0016 0.0001 0.0329 0.0155 0.6558 0.0275 0.0676 0.0073 
0.0554 0.0252 0.0348 0.0057 0.0003 0.0216 0.0038 0.0246 0.0233 0.0048 0.0233 0.0265 0.3857 0.0305 0.0075 0.3269 
0.2054 0.0392 0.0988 0.0019 0.0016 0.0670 0.0093 0.0403 0.0008 0.0003 0.0401 0.0022 0.4107 0.0412 0.0355 0.0058 
0.0796 0.2030 0.0427 0.0040 0.0014 0.0628 0.0054 0.0407 0.0010 0.0005 0.0492 0.0058 0.4312 0.0379 0.0042 0.0308 
0.0879 0.0526 0.0014 0.0366 0.0005 0.0527 0.0097 0.0372 0.0037 0.0001 0.0545 0.0173 0.5831 0.0412 0.0123 0.0096 
0.0649 0.0770 0.2131 0.0073 0.0003 0.0280 0.0254 0.0299 0.0073 0.0001 0.0420 0.0161 0.1943 0.0304 0.0201 0.2438 
0.0604 0.0409 0.4764 0.1538 0.0019 0.0272 0.0612 0.0292 0.0013 0.0002 0.0332 0.0093 0.0372 0.0304 0.0110 0.0265 
0.0631 0.0259 0.2606 0.0019 0.0602 0.3887 0.0394 0.0276 0.0001 0.0016 0.0292 0.0054 0.0353 0.0406 0.0149 0.0057 
0.0711 0.0780 0.0211 0.0089 0.0013 0.0368 0.0034 0.1670 0.0006 0.0010 0.5139 0.0121 0.0280 0.0337 0.0069 0.0163 
0.0411 0.0847 0.0163 0.0439 0.0056 0.0185 0.0110 0.0201 0.2599 0.0113 0.0212 0.3654 0.0182 0.0230 0.0133 0.0463 
0.1754 0.0569 0.1632 0.0363 0.0158 0.1239 0.0511 0.0522 0.0326 0.0001 0.0423 0.0249 0.0358 0.0458 0.0248 0.1192 
0.1197 0.0522 0.2667 0.0072 0.0353 0.1400 0.0363 0.0478 0.0753 0.0059 0.0420 0.0022 0.0347 0.0574 0.0075 0.0700 
