0.0898 0.0570 0.0714 0.0877 0.0045 0.1131 0.0113 0.0486 0.1709 0.0527 0.0845 0.0088 0.0379 0.0530 0.0139 0.0949 
0.1848 0.0819 0.1896 0.1224 0.0042 0.0776 0.0061 0.0577 0.0043 0.0011 0.1321 0.0364 0.0327 0.0527 0.0043 0.0120 
0.1034 0.1155 0.2343 0.1741 0.0058 0.0826 0.0075 0.0540 0.0097 0.0006 0.0562 0.0516 0.0358 0.0545 0.0043 0.0101 
0.0832 0.0414 0.0101 0.3898 0.0067 0.1334 0.0027 0.0419 0.0104 0.0018 0.1564 0.0089 0.0545 0.0395 0.0177 0.0018 
0.0833 0.0646 0.0145 0.1363 0.0064 0.0615 0.0035 0.0481 0.0005 0.0064 0.1679 0.3074 0.0526 0.0404 0.0022 0.0043 
0.0559 0.0332 0.0034 0.1944 0.0018 0.0367 0.0014 0.0297 0.0061 0.0006 0.0332 0.2238 0.3448 0.0281 0.0019 0.0048 
0.0542 0.0262 0.0065 0.0107 0.0016 0.0863 0.0016 0.0256 0.0038 0.0014 0.0441 0.0204 0.6738 0.0273 0.0153 0.0011 
0.0535 0.0543 0.0037 0.0141 0.0019 0.0260 0.0027 0.0275 0.0001 0.0001 0.0570 0.0179 0.7013 0.0265 0.0027 0.0109 
0.0460 0.0216 0.0040 0.0307 0.0013 0.0227 0.0013 0.0230 0.0006 0.0002 0.0238 0.0883 0.7101 0.0216 0.0027 0.0022 
0.0545 0.0273 0.0180 0.0035 0.0002 0.0300 0.0008 0.0276 0.0005 0.0001 0.0284 0.0059 0.7690 0.0284 0.0027 0.0030 
0.0538 0.0302 0.0002 0.0086 0.0014 0.0367 0.0018 0.0264 0.0001 0.0001 0.0305 0.0056 0.7713 0.0267 0.0046 0.0024 
0.0554 0.0418 0.0010 0.0089 0.0016 0.0259 0.0006 0.0273 0.0002 0.0001 0.0299 0.0040 0.7716 0.0275 0.0014 0.0030 
0.0556 0.0259 0.0061 0.0147 0.0005 0.0256 0.0022 0.0272 0.0013 0.0001 0.0259 0.0120 0.7609 0.0296 0.0040 0.0089 
0.0527 0.0275 0.0131 0.0034 0.0021 0.0343 0.0070 0.0267 0.0011 0.0001 0.0278 0.0053 0.7626 0.0273 0.0059 0.0032 
0.0526 0.0478 0.0021 0.0139 0.0014 0.0233 0.0006 0.0289 0.0005 0.0001 0.0315 0.0051 0.7553 0.0288 0.0046 0.0038 
0.0466 0.0225 0.0016 0.0208 0.0013 0.0302 0.0105 0.0236 0.0069 0.0003 0.0235 0.0131 0.7355 0.0228 0.0051 0.0356 
0.0466 0.0321 0.0296 0.0035 0.0056 0.0315 0.0196 0.0240 0.0034 0.0001 0.0241 0.0070 0.6542 0.0601 0.0061 0.0529 
0.0447 0.0319 0.0915 0.0118 0.0019 0.0238 0.0254 0.0219 0.0018 0.0008 0.0216 0.0064 0.5426 0.0232 0.1386 0.0121 
0.0559 0.0848 0.1928 0.0165 0.0030 0.0254 0.0048 0.0228 0.0144 0.0032 0.0248 0.0109 0.1315 0.0270 0.0238 0.3585 
0.1363 0.0484 0.0740 0.0411 0.0019 0.3273 0.0101 0.0470 0.0069 0.0011 0.0510 0.0268 0.1355 0.0510 0.0096 0.0323 
0.0942 0.0738 0.2058 0.0704 0.0019 0.0597 0.0021 0.0492 0.0019 0.0048 0.2899 0.0316 0.0626 0.0415 0.0016 0.0091 
0.0764 0.0596 0.0069 0.0227 0.0029 0.2866 0.0054 0.0351 0.0042 0.0018 0.0740 0.3476 0.0355 0.0337 0.0042 0.0037 
0.0621 0.0419 0.0105 0.0075 0.0032 0.0455 0.0022 0.0313 0.0010 0.0006 0.4419 0.0615 0.2414 0.0321 0.0043 0.0129 
0.0486 0.0374 0.0155 0.0045 0.0013 0.0324 0.0027 0.0252 0.0034 0.0003 0.0321 0.5735 0.1871 0.0240 0.0019 0.0102 
0.0535 0.0275 0.0281 0.0061 0.0011 0.0396 0.0042 0.0249 0.0018 0.0002 0.0353 0.0101 0.7293 0.0244 0.0032 0.0107 
0.0489 0.0273 0.0323 0.0032 0.0022 0.0388 0.0026 0.0259 0.0001 0.0001 0.0356 0.0123 0.7419 0.0244 0.0022 0.0024 
0.0513 0.0302 0.0062 0.0046 0.0013 0.0296 0.0046 0.0275 0.0002 0.0001 0.0334 0.0321 0.7495 0.0251 0.0016 0.0029 
0.0545 0.0280 0.0046 0.0105 0.0011 0.0259 0.0019 0.0260 0.0042 0.0001 0.0326 0.0157 0.7623 0.0256 0.0014 0.0059 
0.0518 0.0254 0.0243 0.0064 0.0008 0.0288 0.0026 0.0265 0.0011 0.0005 0.0284 0.0102 0.7605 0.0268 0.0026 0.0034 
0.0524 0.0363 0.0149 0.0077 0.0006 0.0249 0.0029 0.0249 0.0002 0.0001 0.0252 0.0056 0.7582 0.0372 0.0030 0.0061 
0.0511 0.0297 0.0019 0.0173 0.0030 0.0366 0.0081 0.0243 0.0011 0.0001 0.0248 0.0048 0.7558 0.0254 0.0083 0.0077 
0.0486 0.0241 0.0112 0.0147 0.0019 0.0268 0.0045 0.0278 0.0002 0.0001 0.0364 0.0022 0.7449 0.0233 0.0077 0.0259 
0.0481 0.0252 0.0200 0.0179 0.0008 0.0236 0.0115 0.0254 0.0072 0.0002 0.0260 0.0228 0.7253 0.0244 0.0064 0.0152 
0.0519 0.0276 0.0185 0.0043 0.0024 0.0690 0.0104 0.0232 0.0016 0.0002 0.0241 0.0037 0.7281 0.0241 0.0058 0.0051 
0.0428 0.0492 0.0123 0.0040 0.0042 0.0292 0.0057 0.0227 0.0016 0.0002 0.0607 0.0051 0.7121 0.0208 0.0045 0.0251 
0.0631 0.0382 0.0109 0.0292 0.0040 0.0315 0.0168 0.0345 0.0034 0.0003 0.0372 0.0537 0.3371 0.3063 0.0040 0.0299 
0.0075 0.0051 0.0580 0.0117 0.0024 0.0105 0.0038 0.0035 0.0026 0.0001 0.0016 0.0176 0.4936 0.0042 0.3760 0.0019 
0.0320 0.0200 0.0083 0.0133 0.0042 0.0430 0.0021 0.0201 0.0022 0.0042 0.0289 0.0038 0.6125 0.0160 0.0048 0.1847 
0.1412 0.0356 0.0019 0.0139 0.0038 0.0329 0.0029 0.0273 0.0026 0.0019 0.0441 0.0332 0.6248 0.0249 0.0048 0.0042 
0.0545 0.0324 0.0230 0.0069 0.0034 0.0660 0.0094 0.0272 0.0013 0.0003 0.0387 0.0517 0.6293 0.0311 0.0109 0.0141 
0.0474 0.0415 0.0134 0.0105 0.0035 0.0318 0.0431 0.0228 0.0014 0.0002 0.0364 0.0280 0.6740 0.0339 0.0048 0.0072 
0.0505 0.0358 0.0217 0.0145 0.0026 0.0305 0.0030 0.0252 0.0010 0.0014 0.0288 0.0315 0.6997 0.0256 0.0158 0.0125 
0.0458 0.0219 0.0181 0.0241 0.0019 0.0283 0.0042 0.0244 0.0038 0.0034 0.0356 0.0206 0.7002 0.0214 0.0064 0.0399 
0.0542 0.0248 0.0284 0.0427 0.0014 0.0217 0.0038 0.0235 0.0010 0.0001 0.0283 0.0190 0.6976 0.0249 0.0013 0.0276 
0.0441 0.0200 0.0050 0.0073 0.0042 0.1187 0.0043 0.0208 0.0006 0.0018 0.0208 0.0163 0.7040 0.0211 0.0093 0.0019 
0.0403 0.0585 0.0070 0.0024 0.0034 0.0228 0.0013 0.0230 0.0010 0.0001 0.0962 0.0034 0.7014 0.0204 0.0022 0.0168 
0.0331 0.0169 0.0008 0.0075 0.0010 0.0235 0.0042 0.0182 0.0018 0.0001 0.0190 0.2048 0.6391 0.0200 0.0034 0.0069 
0.0476 0.0270 0.0409 0.0005 0.0003 0.0302 0.0040 0.0235 0.0016 0.0001 0.0294 0.0089 0.7385 0.0276 0.0131 0.0070 
0.0516 0.0353 0.0155 0.0018 0.0003 0.0296 0.0043 0.0248 0.0008 0.0001 0.0286 0.0104 0.7544 0.0253 0.0101 0.0075 
0.0564 0.0361 0.0129 0.0018 0.0018 0.0307 0.0021 0.0248 0.0006 0.0001 0.0300 0.0057 0.7542 0.0289 0.0051 0.0089 
0.0470 0.0233 0.0224 0.0046 0.0010 0.0216 0.0013 0.0220 0.0005 0.0001 0.0273 0.0208 0.7245 0.0303 0.0169 0.0367 
0.0449 0.0222 0.0201 0.0014 0.0011 0.0390 0.0083 0.0228 0.0008 0.0002 0.0236 0.0196 0.7324 0.0224 0.0204 0.0206 
0.0519 0.0399 0.0070 0.0014 0.0019 0.0248 0.0072 0.0248 0.0011 0.0003 0.0334 0.0059 0.7450 0.0262 0.0054 0.0236 
0.0506 0.0260 0.0037 0.0045 0.0011 0.0372 0.0083 0.0236 0.0013 0.0001 0.0288 0.0393 0.7410 0.0238 0.0037 0.0070 
0.0498 0.0238 0.0406 0.0034 0.0002 0.0240 0.0024 0.0241 0.0013 0.0001 0.0506 0.0083 0.7249 0.0238 0.0035 0.0195 
0.0466 0.0252 0.0334 0.0027 0.0022 0.0404 0.0010 0.0233 0.0013 0.0001 0.0244 0.0637 0.7032 0.0232 0.0054 0.0038 
0.0494 0.0364 0.0048 0.0011 0.0201 0.0382 0.0117 0.0244 0.0001 0.0001 0.0296 0.0059 0.7321 0.0350 0.0086 0.0029 
0.0492 0.0275 0.0016 0.0065 0.0005 0.0267 0.0016 0.0419 0.0002 0.0001 0.0495 0.0174 0.7181 0.0265 0.0264 0.0067 
0.0537 0.0278 0.0064 0.0013 0.0006 0.0286 0.0030 0.0268 0.0185 0.0026 0.0449 0.0508 0.6857 0.0254 0.0094 0.0144 
0.0648 0.0335 0.0422 0.0030 0.0091 0.0286 0.0045 0.0308 0.0005 0.0001 0.0364 0.0201 0.6775 0.0308 0.0093 0.0089 
0.0770 0.0358 0.0748 0.0040 0.0575 0.0335 0.0912 0.0393 0.0001 0.0002 0.0351 0.0113 0.1308 0.3703 0.0157 0.0235 
0.0500 0.0248 0.0470 0.0043 0.0013 0.0296 0.0026 0.0490 0.0018 0.0006 0.0238 0.0030 0.1024 0.0427 0.5915 0.0257 
0.0684 0.0356 0.0193 0.0034 0.0016 0.0703 0.0040 0.0318 0.0431 0.0316 0.0511 0.0067 0.0935 0.0332 0.0131 0.4932 
0.3642 0.2230 0.0265 0.0414 0.0029 0.0438 0.0037 0.0406 0.0037 0.0011 0.0609 0.0343 0.0550 0.0419 0.0014 0.0558 
0.0808 0.0470 0.3415 0.0780 0.0048 0.2042 0.0102 0.0391 0.0011 0.0014 0.0387 0.0396 0.0495 0.0462 0.0070 0.0109 
0.0819 0.0500 0.2266 0.1121 0.0046 0.0933 0.0034 0.0492 0.0050 0.0013 0.2536 0.0065 0.0513 0.0415 0.0061 0.0137 
0.0498 0.2029 0.0101 0.3673 0.0030 0.0331 0.0040 0.0238 0.0069 0.0002 0.0383 0.2182 0.0064 0.0238 0.0030 0.0093 
0.0665 0.0345 0.1737 0.4953 0.0024 0.0329 0.0096 0.0312 0.0021 0.0002 0.0302 0.0313 0.0460 0.0284 0.0066 0.0093 
0.0698 0.0452 0.1750 0.4802 0.0013 0.0572 0.0085 0.0361 0.0022 0.0001 0.0359 0.0024 0.0335 0.0385 0.0038 0.0105 
0.0663 0.0430 0.0564 0.5669 0.0040 0.1015 0.0054 0.0329 0.0022 0.0002 0.0412 0.0034 0.0324 0.0320 0.0102 0.0021 
0.0762 0.0628 0.0295 0.6234 0.0024 0.0428 0.0011 0.0415 0.0001 0.0001 0.0522 0.0072 0.0152 0.0359 0.0021 0.0077 
0.0704 0.0414 0.0297 0.4768 0.0171 0.1037 0.0035 0.0380 0.0081 0.0005 0.0369 0.0409 0.0677 0.0403 0.0174 0.0075 
0.0880 0.1449 0.0633 0.2969 0.0502 0.0861 0.0077 0.0491 0.0123 0.0001 0.0478 0.0189 0.0270 0.0431 0.0358 0.0291 
0.1098 0.0583 0.0208 0.1994 0.0495 0.1740 0.0251 0.0981 0.0371 0.0021 0.0636 0.0089 0.0452 0.0556 0.0037 0.0489 
