0.0422 0.0280 0.2827 0.2875 0.0043 0.1583 0.0059 0.0248 0.0276 0.0054 0.0419 0.0064 0.0380 0.0220 0.0016 0.0233 
0.0958 0.1524 0.0601 0.1286 0.0165 0.2672 0.0097 0.0500 0.0129 0.0107 0.0717 0.0144 0.0476 0.0446 0.0037 0.0142 
0.0664 0.0759 0.0142 0.3186 0.1220 0.0292 0.1498 0.0316 0.0050 0.0026 0.0664 0.0300 0.0457 0.0324 0.0018 0.0083 
0.0442 0.0316 0.0720 0.6144 0.0013 0.0297 0.0046 0.0506 0.0267 0.0008 0.0249 0.0085 0.0401 0.0260 0.0165 0.0080 
0.0358 0.0173 0.1385 0.4492 0.0037 0.0334 0.0008 0.0173 0.0422 0.1722 0.0190 0.0030 0.0331 0.0161 0.0024 0.0161 
0.0859 0.0872 0.0182 0.5438 0.0259 0.0572 0.0013 0.0377 0.0022 0.0030 0.0391 0.0080 0.0436 0.0370 0.0077 0.0022 
0.0607 0.0375 0.0061 0.6300 0.0129 0.0708 0.0003 0.0324 0.0105 0.0005 0.0514 0.0089 0.0390 0.0288 0.0045 0.0056 
0.1072 0.1565 0.0228 0.2966 0.0171 0.1326 0.0011 0.0583 0.0176 0.0011 0.0637 0.0283 0.0311 0.0532 0.0065 0.0062 
0.0784 0.2624 0.0318 0.3126 0.0072 0.0634 0.0014 0.0375 0.0340 0.0018 0.0479 0.0168 0.0486 0.0332 0.0081 0.0149 
0.1016 0.0562 0.0403 0.0546 0.1786 0.2328 0.0454 0.0468 0.0296 0.0016 0.0604 0.0128 0.0850 0.0443 0.0029 0.0072 
0.1166 0.2596 0.0796 0.0188 0.0123 0.0589 0.0054 0.2169 0.0152 0.0035 0.0700 0.0358 0.0470 0.0476 0.0027 0.0101 
0.0970 0.1671 0.0393 0.0447 0.0094 0.0589 0.0113 0.0442 0.2586 0.0339 0.0510 0.0246 0.0431 0.0482 0.0204 0.0481 
0.1588 0.0649 0.4524 0.0364 0.0010 0.0318 0.0061 0.0335 0.0379 0.0018 0.0695 0.0219 0.0343 0.0300 0.0027 0.0171 
0.0805 0.0396 0.0406 0.0166 0.0046 0.5837 0.0058 0.0372 0.0078 0.0070 0.0471 0.0644 0.0232 0.0361 0.0019 0.0038 
0.0687 0.0629 0.0026 0.0109 0.0040 0.0593 0.0006 0.0450 0.0003 0.0058 0.5519 0.0096 0.1260 0.0340 0.0115 0.0069 
0.0450 0.0383 0.0005 0.0187 0.0014 0.0361 0.0091 0.0233 0.0096 0.0021 0.0701 0.6891 0.0260 0.0211 0.0067 0.0027 
0.0549 0.0315 0.0671 0.0019 0.0005 0.0264 0.0022 0.0284 0.0021 0.0016 0.0824 0.1257 0.5301 0.0283 0.0024 0.0145 
0.0650 0.0326 0.0118 0.0013 0.0014 0.1144 0.0014 0.0259 0.0026 0.0008 0.0270 0.0688 0.6104 0.0286 0.0018 0.0062 
0.0514 0.0248 0.0026 0.0022 0.0016 0.0262 0.0024 0.0254 0.0001 0.0005 0.1123 0.0038 0.7112 0.0249 0.0077 0.0030 
0.0163 0.0165 0.0016 0.0001 0.0013 0.0083 0.0029 0.0094 0.0003 0.0001 0.0136 0.3498 0.5650 0.0083 0.0037 0.0032 
0.0562 0.0273 0.0001 0.0018 0.0013 0.0380 0.0042 0.0307 0.0019 0.0001 0.0294 0.0131 0.7599 0.0299 0.0018 0.0048 
0.0527 0.0299 0.0128 0.0001 0.0011 0.0260 0.0037 0.0276 0.0014 0.0001 0.0286 0.0057 0.7627 0.0339 0.0085 0.0056 
0.0500 0.0249 0.0275 0.0001 0.0005 0.0244 0.0115 0.0240 0.0024 0.0001 0.0320 0.0125 0.7410 0.0260 0.0126 0.0109 
0.0639 0.0278 0.0046 0.0001 0.0006 0.0361 0.0064 0.0299 0.0013 0.0001 0.0299 0.0097 0.7429 0.0284 0.0042 0.0142 
0.0526 0.0356 0.0062 0.0001 0.0003 0.0230 0.0086 0.0267 0.0016 0.0003 0.0286 0.0142 0.7238 0.0225 0.0115 0.0444 
0.0599 0.0324 0.0395 0.0006 0.0027 0.0281 0.2744 0.0294 0.0019 0.0001 0.0291 0.0043 0.3815 0.0810 0.0064 0.0289 
0.0963 0.0642 0.1233 0.0024 0.0008 0.0433 0.0059 0.0511 0.0013 0.0001 0.0476 0.0054 0.2730 0.0573 0.2054 0.0225 
0.0778 0.0393 0.0516 0.0019 0.0387 0.0581 0.0559 0.0401 0.0035 0.0182 0.0406 0.0096 0.0570 0.3642 0.0177 0.1257 
0.0957 0.1433 0.0438 0.0040 0.0010 0.0347 0.0062 0.0839 0.0029 0.0001 0.0473 0.0155 0.0307 0.0366 0.4037 0.0510 
0.0759 0.0343 0.1644 0.0340 0.0059 0.0337 0.0096 0.0251 0.1391 0.0660 0.0286 0.0097 0.0449 0.0289 0.0201 0.2797 
0.2306 0.0276 0.5006 0.0462 0.0030 0.0324 0.0006 0.0264 0.0005 0.0006 0.0355 0.0214 0.0350 0.0211 0.0067 0.0118 
0.0800 0.2195 0.0238 0.0340 0.0078 0.4134 0.0058 0.0412 0.0050 0.0102 0.0425 0.0315 0.0292 0.0382 0.0021 0.0158 
0.0792 0.0383 0.0026 0.0976 0.0022 0.0751 0.0013 0.0481 0.0014 0.0002 0.5505 0.0112 0.0367 0.0367 0.0145 0.0043 
0.0230 0.2194 0.0639 0.0050 0.0010 0.0102 0.0014 0.0109 0.0136 0.0001 0.0169 0.5985 0.0184 0.0112 0.0043 0.0024 
0.0952 0.0447 0.0081 0.1511 0.0018 0.0617 0.0057 0.0450 0.0006 0.0002 0.0463 0.0208 0.4292 0.0454 0.0099 0.0343 
0.0551 0.0335 0.2149 0.0016 0.0018 0.0979 0.0043 0.0278 0.0001 0.0001 0.0291 0.0034 0.4869 0.0270 0.0046 0.0121 
0.0861 0.1678 0.0018 0.0320 0.0014 0.0451 0.0038 0.0447 0.0002 0.0002 0.0446 0.0054 0.5212 0.0401 0.0026 0.0032 
0.0799 0.0478 0.0180 0.0171 0.0037 0.0473 0.0125 0.0415 0.0061 0.0001 0.0441 0.0065 0.6320 0.0359 0.0065 0.0013 
0.0548 0.0426 0.0668 0.0019 0.0011 0.0559 0.0062 0.0300 0.0011 0.0001 0.0337 0.0160 0.6500 0.0267 0.0034 0.0101 
0.0821 0.1285 0.0407 0.0083 0.0014 0.0486 0.0080 0.0406 0.0053 0.0001 0.0514 0.0182 0.5023 0.0404 0.0053 0.0190 
0.0795 0.0545 0.2072 0.0051 0.0018 0.0666 0.0121 0.0374 0.0006 0.0016 0.0463 0.0102 0.3856 0.0387 0.0089 0.0439 
0.0733 0.0685 0.3072 0.0062 0.0008 0.0649 0.0048 0.0345 0.0118 0.0002 0.0417 0.0121 0.0820 0.0356 0.0061 0.2502 
0.0703 0.1001 0.4830 0.0351 0.0030 0.0395 0.0056 0.0345 0.0005 0.0048 0.0417 0.0278 0.0452 0.0388 0.0030 0.0671 
0.0888 0.0597 0.0160 0.0032 0.0089 0.5727 0.0022 0.0530 0.0001 0.0040 0.0473 0.0454 0.0471 0.0412 0.0032 0.0075 
0.0773 0.0775 0.0139 0.0065 0.0021 0.0369 0.0042 0.0442 0.0034 0.0005 0.6259 0.0230 0.0315 0.0398 0.0069 0.0065 
0.0425 0.0264 0.0056 0.0765 0.0006 0.0195 0.0050 0.0198 0.0232 0.0001 0.0276 0.7111 0.0152 0.0208 0.0029 0.0035 
0.0543 0.0248 0.0363 0.0107 0.0010 0.0377 0.0024 0.0257 0.0005 0.0008 0.0265 0.0133 0.7330 0.0260 0.0029 0.0043 
0.0548 0.0291 0.0037 0.0067 0.0021 0.0462 0.0008 0.0294 0.0002 0.0003 0.0336 0.0030 0.7570 0.0273 0.0032 0.0027 
0.0525 0.0339 0.0001 0.0329 0.0010 0.0252 0.0024 0.0283 0.0008 0.0001 0.0287 0.0179 0.7468 0.0262 0.0014 0.0019 
0.0586 0.0273 0.0048 0.0072 0.0002 0.0342 0.0006 0.0287 0.0010 0.0001 0.0291 0.0113 0.7622 0.0303 0.0024 0.0022 
0.0570 0.0288 0.0030 0.0019 0.0003 0.0399 0.0016 0.0288 0.0002 0.0001 0.0302 0.0042 0.7669 0.0302 0.0050 0.0022 
0.0572 0.0323 0.0006 0.0011 0.0003 0.0326 0.0018 0.0283 0.0001 0.0001 0.0347 0.0035 0.7657 0.0275 0.0088 0.0059 
0.0575 0.0292 0.0050 0.0014 0.0002 0.0284 0.0032 0.0275 0.0008 0.0001 0.0339 0.0078 0.7670 0.0286 0.0019 0.0078 
0.0629 0.0280 0.0157 0.0026 0.0003 0.0254 0.0016 0.0272 0.0026 0.0001 0.0280 0.0097 0.7521 0.0286 0.0053 0.0104 
0.0559 0.0268 0.0323 0.0030 0.0005 0.0312 0.0067 0.0275 0.0005 0.0001 0.0288 0.0046 0.7460 0.0273 0.0046 0.0043 
0.0572 0.0337 0.0137 0.0010 0.0008 0.0302 0.0018 0.0294 0.0010 0.0001 0.0407 0.0021 0.7499 0.0323 0.0010 0.0056 
0.0542 0.0291 0.0011 0.0074 0.0008 0.0406 0.0034 0.0267 0.0014 0.0002 0.0289 0.0278 0.7424 0.0267 0.0026 0.0069 
0.0721 0.0614 0.0088 0.0042 0.0062 0.0388 0.0281 0.0377 0.0013 0.0001 0.0409 0.0067 0.0967 0.5712 0.0078 0.0184 
0.0439 0.0208 0.0768 0.0081 0.0008 0.0204 0.0129 0.0222 0.0005 0.0001 0.0192 0.0070 0.0490 0.0196 0.6931 0.0056 
0.0492 0.0249 0.0545 0.0075 0.0008 0.0281 0.0042 0.0232 0.0050 0.0185 0.0328 0.0013 0.0337 0.0243 0.0080 0.6840 
0.4175 0.0689 0.0051 0.0201 0.0021 0.0753 0.0027 0.0686 0.0005 0.0010 0.1195 0.0337 0.1051 0.0708 0.0037 0.0054 
0.1171 0.0620 0.0196 0.0027 0.0056 0.3379 0.0014 0.0612 0.0011 0.0010 0.0804 0.1196 0.1212 0.0575 0.0080 0.0037 
0.0711 0.0442 0.0013 0.0021 0.0053 0.0554 0.0005 0.0412 0.0011 0.0002 0.3391 0.0236 0.3637 0.0353 0.0054 0.0105 
0.0262 0.0177 0.0046 0.0002 0.0005 0.0128 0.0043 0.0145 0.0013 0.0001 0.0410 0.4106 0.4367 0.0125 0.0019 0.0153 
0.0458 0.0251 0.0051 0.0001 0.0003 0.0262 0.0018 0.0227 0.0045 0.0001 0.0318 0.0666 0.7372 0.0272 0.0030 0.0030 
0.0487 0.0358 0.0204 0.0002 0.0003 0.0273 0.0019 0.0254 0.0011 0.0001 0.0252 0.0097 0.7463 0.0315 0.0086 0.0176 
0.0444 0.0302 0.0144 0.0003 0.0013 0.0211 0.0476 0.0216 0.0008 0.0001 0.0249 0.0043 0.7363 0.0256 0.0142 0.0131 
0.0455 0.0200 0.0690 0.0010 0.0002 0.0181 0.0086 0.0198 0.0003 0.0001 0.0246 0.0070 0.7027 0.0216 0.0169 0.0449 
0.0522 0.0238 0.0134 0.0029 0.0002 0.0379 0.0021 0.0244 0.0013 0.0006 0.0417 0.0157 0.7354 0.0273 0.0048 0.0163 
0.0666 0.0326 0.0118 0.0008 0.0034 0.0299 0.0081 0.0312 0.0016 0.0002 0.0414 0.0265 0.6343 0.0732 0.0120 0.0265 
0.0524 0.0685 0.0224 0.0054 0.0283 0.0236 0.3229 0.0249 0.0003 0.0001 0.0254 0.0118 0.1676 0.2047 0.0160 0.0259 
0.0540 0.0311 0.0438 0.0051 0.0034 0.0640 0.0057 0.0361 0.0001 0.0026 0.0267 0.0037 0.1858 0.0276 0.4956 0.0149 
0.0596 0.0304 0.0593 0.0075 0.0018 0.0294 0.0021 0.0307 0.0193 0.1291 0.1391 0.0062 0.0887 0.0278 0.0027 0.3665 
0.2230 0.0597 0.0010 0.0115 0.0022 0.0696 0.0029 0.0442 0.0021 0.0008 0.0660 0.3533 0.1088 0.0407 0.0069 0.0073 
0.0867 0.0431 0.0225 0.0040 0.0034 0.0573 0.0034 0.0454 0.0046 0.0003 0.2522 0.0786 0.3488 0.0425 0.0026 0.0048 
0.0522 0.0364 0.0058 0.0024 0.0006 0.0292 0.0013 0.0260 0.0008 0.0002 0.0342 0.3102 0.4692 0.0272 0.0010 0.0034 
0.0620 0.0321 0.0038 0.0126 0.0002 0.0283 0.0021 0.0273 0.0024 0.0001 0.0288 0.0201 0.7436 0.0331 0.0027 0.0011 
0.0521 0.0280 0.0567 0.0062 0.0011 0.0235 0.0011 0.0251 0.0006 0.0002 0.0260 0.0018 0.7359 0.0276 0.0088 0.0053 
0.0551 0.0278 0.0069 0.0149 0.0022 0.0415 0.0043 0.0275 0.0001 0.0001 0.0262 0.0026 0.7562 0.0289 0.0046 0.0016 
0.0610 0.0404 0.0008 0.0133 0.0008 0.0283 0.0003 0.0296 0.0001 0.0001 0.0318 0.0016 0.7536 0.0297 0.0053 0.0037 
0.0556 0.0256 0.0005 0.0352 0.0006 0.0291 0.0018 0.0272 0.0016 0.0006 0.0337 0.0117 0.7394 0.0264 0.0069 0.0043 
0.0540 0.0321 0.0121 0.0024 0.0010 0.0312 0.0139 0.0273 0.0002 0.0001 0.0284 0.0117 0.7139 0.0272 0.0206 0.0243 
0.0597 0.0315 0.0081 0.0101 0.0005 0.0395 0.0110 0.0284 0.0013 0.0001 0.0355 0.0029 0.6386 0.0291 0.0136 0.0906 
0.0722 0.0773 0.2438 0.0046 0.0001 0.0300 0.0056 0.0291 0.0050 0.0001 0.0302 0.0070 0.3719 0.0340 0.0163 0.0732 
0.0676 0.0307 0.0195 0.0024 0.0005 0.3814 0.0042 0.0283 0.0002 0.0021 0.0329 0.0067 0.3804 0.0289 0.0037 0.0107 
0.0772 0.0406 0.0257 0.0018 0.0010 0.0554 0.0010 0.0407 0.0001 0.0003 0.5501 0.0163 0.1384 0.0404 0.0019 0.0093 
0.0476 0.0342 0.0024 0.0050 0.0018 0.0252 0.0030 0.0240 0.0016 0.0001 0.0808 0.7195 0.0243 0.0246 0.0040 0.0021 
0.0546 0.0300 0.0171 0.0056 0.0018 0.0254 0.0030 0.0272 0.0018 0.0001 0.0339 0.0636 0.6695 0.0312 0.0083 0.0273 
0.0613 0.0270 0.0225 0.0180 0.0002 0.0385 0.0032 0.0297 0.0005 0.0003 0.0280 0.0126 0.7195 0.0270 0.0038 0.0078 
0.0570 0.0669 0.0062 0.0010 0.0019 0.0674 0.0014 0.0271 0.0016 0.0001 0.0275 0.0016 0.7036 0.0276 0.0003 0.0088 
0.0628 0.0300 0.0002 0.0227 0.0010 0.0423 0.0006 0.0321 0.0001 0.0005 0.1067 0.0081 0.6554 0.0316 0.0053 0.0006 
0.0428 0.0313 0.0032 0.0006 0.0008 0.0235 0.0013 0.0216 0.0018 0.0001 0.0252 0.2392 0.5757 0.0257 0.0037 0.0038 
0.0623 0.0271 0.0001 0.0161 0.0010 0.0284 0.0010 0.0278 0.0010 0.0001 0.0316 0.0115 0.7501 0.0334 0.0027 0.0061 
0.0540 0.0281 0.0150 0.0005 0.0014 0.0262 0.0024 0.0278 0.0001 0.0001 0.0289 0.0059 0.7629 0.0302 0.0128 0.0040 
0.0540 0.0278 0.0053 0.0013 0.0006 0.0297 0.0093 0.0281 0.0016 0.0001 0.0319 0.0099 0.7505 0.0283 0.0113 0.0105 
0.0746 0.0284 0.0010 0.0021 0.0003 0.0316 0.0022 0.0312 0.0022 0.0001 0.0355 0.0058 0.7377 0.0288 0.0093 0.0096 
0.0550 0.0292 0.0075 0.0002 0.0005 0.0267 0.0059 0.0273 0.0037 0.0008 0.0304 0.0208 0.7288 0.0248 0.0073 0.0313 
0.0831 0.0446 0.0463 0.0013 0.0078 0.0379 0.2781 0.0398 0.0006 0.0001 0.0390 0.0056 0.2428 0.1463 0.0048 0.0222 
0.0610 0.0310 0.1106 0.0030 0.0006 0.0264 0.0059 0.0369 0.0008 0.0001 0.0310 0.0027 0.1518 0.0329 0.4793 0.0260 
0.0719 0.0393 0.0297 0.0021 0.0212 0.0462 0.0251 0.0356 0.0067 0.0292 0.0364 0.0077 0.0548 0.2796 0.0110 0.3035 
0.1722 0.1428 0.0169 0.0070 0.0013 0.0495 0.0054 0.0771 0.0038 0.0001 0.0604 0.0216 0.0334 0.0468 0.3295 0.0324 
0.0513 0.0375 0.2206 0.0169 0.0022 0.0466 0.0086 0.0177 0.1362 0.0423 0.0208 0.0113 0.0414 0.0216 0.0136 0.3113 
0.2617 0.0297 0.4174 0.0224 0.0054 0.0497 0.0008 0.0312 0.0006 0.0013 0.0788 0.0192 0.0387 0.0264 0.0070 0.0097 
0.1031 0.2769 0.0727 0.0131 0.0104 0.1919 0.0072 0.0524 0.0021 0.0050 0.0729 0.0904 0.0321 0.0514 0.0034 0.0152 
0.0959 0.0479 0.0022 0.0570 0.0016 0.0816 0.0016 0.0534 0.0024 0.0003 0.4843 0.0519 0.0508 0.0455 0.0168 0.0067 
0.0454 0.2335 0.0532 0.0046 0.0011 0.0249 0.0043 0.0217 0.0105 0.0002 0.0299 0.5073 0.0304 0.0222 0.0026 0.0081 
0.1425 0.0628 0.0078 0.0444 0.0016 0.1067 0.0072 0.0628 0.0006 0.0001 0.0660 0.0246 0.3803 0.0633 0.0089 0.0203 
0.0608 0.0676 0.1752 0.0011 0.0006 0.0781 0.0072 0.0307 0.0003 0.0001 0.0378 0.0053 0.4832 0.0307 0.0075 0.0139 
0.1000 0.1790 0.0048 0.0593 0.0003 0.0468 0.0048 0.0470 0.0043 0.0001 0.0486 0.0121 0.4399 0.0471 0.0029 0.0034 
0.0791 0.0356 0.1421 0.0419 0.0013 0.0399 0.0070 0.0350 0.0006 0.0001 0.0376 0.0029 0.5315 0.0344 0.0089 0.0022 
0.0660 0.0471 0.1150 0.0059 0.0014 0.0494 0.0024 0.0342 0.0001 0.0001 0.0363 0.0064 0.5950 0.0323 0.0030 0.0061 
0.0713 0.0645 0.0091 0.1324 0.0005 0.0433 0.0022 0.0369 0.0019 0.0001 0.0481 0.0069 0.5272 0.0351 0.0059 0.0147 
0.0845 0.0471 0.3313 0.0193 0.0011 0.0730 0.0056 0.0415 0.0010 0.0001 0.0490 0.0067 0.2738 0.0430 0.0029 0.0203 
0.1096 0.1022 0.1650 0.0117 0.0005 0.2284 0.0069 0.0519 0.0037 0.0002 0.0658 0.0113 0.0856 0.0525 0.0080 0.0968 
0.0877 0.2959 0.1376 0.0816 0.0099 0.0449 0.0211 0.0444 0.0011 0.0010 0.0607 0.0125 0.0478 0.0572 0.0050 0.0917 
0.0840 0.0457 0.0257 0.0064 0.0050 0.5336 0.0019 0.0606 0.0001 0.0019 0.0411 0.0406 0.0986 0.0407 0.0110 0.0032 
0.0756 0.0401 0.0133 0.0021 0.0022 0.0471 0.0038 0.0436 0.0032 0.0083 0.5979 0.0077 0.0896 0.0414 0.0053 0.0188 
0.0442 0.0500 0.0006 0.0268 0.0010 0.0208 0.0018 0.0180 0.0120 0.0003 0.0910 0.6966 0.0129 0.0196 0.0013 0.0030 
0.0642 0.0259 0.0102 0.0026 0.0014 0.0537 0.0061 0.0257 0.0002 0.0022 0.0305 0.1308 0.6117 0.0265 0.0045 0.0038 
0.0548 0.0288 0.0107 0.0008 0.0011 0.0465 0.0013 0.0315 0.0001 0.0001 0.0406 0.0093 0.7406 0.0275 0.0048 0.0021 
0.0503 0.0508 0.0001 0.0115 0.0011 0.0230 0.0040 0.0278 0.0021 0.0001 0.0294 0.0313 0.7407 0.0246 0.0016 0.0019 
0.0602 0.0270 0.0054 0.0048 0.0002 0.0337 0.0014 0.0291 0.0016 0.0001 0.0289 0.0150 0.7583 0.0280 0.0018 0.0046 
0.0538 0.0270 0.0353 0.0002 0.0003 0.0296 0.0032 0.0268 0.0001 0.0001 0.0292 0.0035 0.7589 0.0278 0.0026 0.0019 
0.0556 0.0342 0.0005 0.0011 0.0003 0.0310 0.0013 0.0280 0.0003 0.0001 0.0315 0.0051 0.7692 0.0273 0.0094 0.0054 
0.0558 0.0272 0.0035 0.0021 0.0003 0.0262 0.0040 0.0268 0.0013 0.0001 0.0396 0.0053 0.7619 0.0270 0.0034 0.0158 
0.0540 0.0276 0.0193 0.0006 0.0005 0.0243 0.0035 0.0254 0.0011 0.0001 0.0249 0.0184 0.7415 0.0289 0.0067 0.0235 
0.0593 0.0276 0.0192 0.0042 0.0008 0.0332 0.0056 0.0294 0.0003 0.0001 0.0318 0.0016 0.7482 0.0278 0.0056 0.0054 
0.0554 0.0316 0.0109 0.0006 0.0005 0.0383 0.0022 0.0303 0.0006 0.0001 0.0428 0.0027 0.7494 0.0279 0.0019 0.0048 
0.0510 0.0294 0.0013 0.0045 0.0006 0.0342 0.0029 0.0251 0.0032 0.0001 0.0308 0.0474 0.7364 0.0249 0.0024 0.0059 
0.0767 0.0511 0.0070 0.0088 0.0088 0.0356 0.0212 0.0370 0.0018 0.0001 0.0383 0.0115 0.1353 0.5367 0.0101 0.0203 
0.0406 0.0192 0.0834 0.0069 0.0010 0.0211 0.0109 0.0235 0.0002 0.0001 0.0185 0.0045 0.0620 0.0197 0.6836 0.0053 
0.0486 0.0273 0.0420 0.0080 0.0006 0.0273 0.0035 0.0238 0.0089 0.0118 0.0324 0.0010 0.0244 0.0254 0.0075 0.7073 
0.4478 0.0684 0.0034 0.0190 0.0018 0.0855 0.0050 0.0681 0.0022 0.0002 0.0930 0.0444 0.0794 0.0692 0.0069 0.0059 
0.1415 0.0749 0.0805 0.0026 0.0022 0.2346 0.0019 0.0731 0.0010 0.0005 0.1186 0.0530 0.1220 0.0698 0.0134 0.0105 
0.1078 0.0565 0.0083 0.0062 0.0056 0.0958 0.0014 0.0553 0.0061 0.0003 0.3789 0.0570 0.1394 0.0519 0.0077 0.0217 
0.0676 0.0420 0.0216 0.0027 0.0029 0.0305 0.0123 0.0326 0.0005 0.0005 0.0527 0.3570 0.3163 0.0319 0.0034 0.0256 
0.0543 0.0294 0.0093 0.0026 0.0006 0.0305 0.0022 0.0304 0.0019 0.0001 0.0272 0.0294 0.7254 0.0345 0.0125 0.0099 
0.0441 0.0390 0.0526 0.0021 0.0018 0.0216 0.0065 0.0217 0.0102 0.0001 0.0280 0.0037 0.7073 0.0220 0.0123 0.0273 
0.0467 0.0244 0.0377 0.0024 0.0067 0.0310 0.0307 0.0243 0.0001 0.0001 0.0280 0.0053 0.7223 0.0238 0.0061 0.0109 
0.0455 0.0380 0.1430 0.0072 0.0006 0.0189 0.0149 0.0260 0.0005 0.0001 0.0236 0.0166 0.5916 0.0304 0.0121 0.0312 
0.0708 0.0340 0.0158 0.0892 0.0002 0.0446 0.0018 0.0332 0.0088 0.0019 0.0558 0.0083 0.5303 0.0358 0.0326 0.0371 
0.1446 0.0879 0.0698 0.0078 0.0014 0.0922 0.0216 0.0658 0.0038 0.0013 0.0874 0.0252 0.1853 0.0722 0.0182 0.1154 
0.0722 0.1053 0.0529 0.0152 0.0639 0.0324 0.3153 0.0284 0.0003 0.0005 0.0489 0.0115 0.0923 0.1358 0.0053 0.0200 
0.1189 0.0884 0.0593 0.0104 0.0048 0.1602 0.0029 0.0997 0.0001 0.0016 0.0617 0.0201 0.0791 0.0591 0.2230 0.0110 
0.0727 0.0369 0.0482 0.0145 0.0018 0.0394 0.0014 0.0391 0.0275 0.1391 0.2600 0.0182 0.0818 0.0356 0.0026 0.1813 
0.1262 0.0532 0.0029 0.0192 0.0030 0.0450 0.0013 0.0458 0.0026 0.0003 0.0632 0.4867 0.0973 0.0436 0.0050 0.0048 
0.0995 0.0479 0.0137 0.0128 0.0037 0.0700 0.0083 0.0489 0.0027 0.0002 0.1303 0.0502 0.4566 0.0479 0.0030 0.0043 
0.0861 0.0487 0.0022 0.0081 0.0008 0.0465 0.0010 0.0449 0.0006 0.0002 0.0449 0.1395 0.5304 0.0406 0.0019 0.0037 
0.0613 0.0573 0.0003 0.0160 0.0003 0.0299 0.0026 0.0291 0.0093 0.0001 0.0292 0.0139 0.7070 0.0356 0.0067 0.0016 
0.0596 0.0313 0.0085 0.0053 0.0002 0.0283 0.0057 0.0280 0.0006 0.0001 0.0284 0.0008 0.7513 0.0331 0.0085 0.0107 
0.0535 0.0265 0.0542 0.0026 0.0001 0.0336 0.0030 0.0254 0.0001 0.0001 0.0275 0.0010 0.7341 0.0257 0.0085 0.0046 
0.0588 0.0311 0.0270 0.0048 0.0006 0.0281 0.0011 0.0289 0.0001 0.0001 0.0348 0.0035 0.7451 0.0287 0.0035 0.0042 
0.0588 0.0291 0.0042 0.0118 0.0003 0.0402 0.0014 0.0299 0.0003 0.0001 0.0340 0.0113 0.7449 0.0284 0.0035 0.0019 
0.0549 0.0597 0.0193 0.0094 0.0021 0.0284 0.0018 0.0270 0.0016 0.0001 0.0363 0.0091 0.6999 0.0300 0.0042 0.0165 
0.0901 0.0495 0.0499 0.0578 0.0401 0.0409 0.0387 0.0428 0.0005 0.0001 0.0433 0.0137 0.4322 0.0887 0.0051 0.0067 
0.0794 0.0428 0.1265 0.2083 0.0010 0.0500 0.0118 0.0458 0.0022 0.0001 0.0399 0.0018 0.1490 0.0644 0.0949 0.0823 
0.1348 0.0614 0.0550 0.1524 0.0048 0.1139 0.0085 0.0626 0.0077 0.0527 0.0684 0.0109 0.1157 0.0644 0.0179 0.0690 
0.0898 0.3380 0.0089 0.2715 0.0053 0.0484 0.0032 0.0364 0.0070 0.0002 0.0366 0.0112 0.0714 0.0332 0.0053 0.0337 
0.0564 0.0281 0.0426 0.5650 0.0054 0.1014 0.0032 0.0240 0.0083 0.0065 0.0283 0.0161 0.0562 0.0230 0.0129 0.0225 
0.1115 0.0882 0.1581 0.0674 0.0319 0.2119 0.0050 0.0626 0.0059 0.0005 0.0802 0.0391 0.0744 0.0549 0.0021 0.0064 
0.0833 0.0524 0.0158 0.2199 0.0280 0.0682 0.0203 0.0609 0.0038 0.0037 0.2623 0.0587 0.0646 0.0513 0.0013 0.0056 
0.1136 0.1550 0.0356 0.0724 0.0072 0.1457 0.0137 0.0872 0.0391 0.0029 0.0649 0.0668 0.0530 0.0767 0.0565 0.0097 
0.0852 0.1839 0.1484 0.0302 0.0037 0.0936 0.0069 0.0470 0.0358 0.0216 0.0594 0.0147 0.0725 0.0439 0.0144 0.1388 
0.1792 0.1010 0.0941 0.0257 0.0109 0.1914 0.0069 0.0615 0.0136 0.0075 0.0997 0.0254 0.0570 0.0599 0.0179 0.0484 
0.0593 0.0272 0.3413 0.1329 0.0056 0.0407 0.0089 0.0310 0.0006 0.0026 0.2108 0.0596 0.0364 0.0232 0.0069 0.0131 
0.0797 0.0783 0.2087 0.1181 0.0075 0.0516 0.0027 0.0407 0.0078 0.0014 0.0374 0.2659 0.0470 0.0371 0.0034 0.0126 
0.0864 0.0374 0.0014 0.0152 0.0120 0.4682 0.0054 0.0398 0.0021 0.0053 0.0602 0.0070 0.2168 0.0372 0.0045 0.0011 
0.0780 0.0458 0.0088 0.0043 0.0061 0.0388 0.0008 0.0415 0.0042 0.0005 0.5837 0.0165 0.1257 0.0403 0.0011 0.0040 
0.0468 0.0551 0.0016 0.0048 0.0008 0.0256 0.0022 0.0232 0.0073 0.0022 0.0228 0.7045 0.0690 0.0219 0.0099 0.0022 
0.0490 0.0281 0.0315 0.0043 0.0008 0.0240 0.0040 0.0243 0.0016 0.0001 0.0287 0.0021 0.7315 0.0254 0.0027 0.0422 
0.0605 0.0295 0.0211 0.0045 0.0010 0.0361 0.0016 0.0326 0.0002 0.0002 0.0289 0.0109 0.7291 0.0291 0.0038 0.0110 
0.0609 0.0312 0.0182 0.0035 0.0032 0.0323 0.0050 0.0316 0.0008 0.0002 0.0537 0.0027 0.6999 0.0328 0.0064 0.0177 
0.0543 0.0243 0.0101 0.0222 0.0003 0.0265 0.0008 0.0257 0.0005 0.0001 0.0364 0.0679 0.6974 0.0241 0.0021 0.0073 
0.0561 0.0286 0.0054 0.0032 0.0019 0.0409 0.0013 0.0267 0.0043 0.0005 0.0281 0.0109 0.7576 0.0288 0.0008 0.0050 
0.0554 0.0278 0.0019 0.0057 0.0021 0.0329 0.0003 0.0295 0.0002 0.0001 0.0509 0.0045 0.7536 0.0294 0.0051 0.0006 
0.0486 0.0321 0.0022 0.0005 0.0021 0.0275 0.0016 0.0256 0.0018 0.0001 0.0297 0.0684 0.7291 0.0249 0.0038 0.0024 
0.0567 0.0260 0.0001 0.0034 0.0006 0.0583 0.0014 0.0294 0.0008 0.0001 0.0303 0.0120 0.7475 0.0292 0.0019 0.0024 
0.0546 0.0388 0.0059 0.0001 0.0005 0.0304 0.0045 0.0302 0.0029 0.0001 0.0369 0.0062 0.7495 0.0299 0.0056 0.0043 
0.0519 0.0251 0.0318 0.0005 0.0003 0.0224 0.0195 0.0241 0.0006 0.0001 0.0299 0.0161 0.7268 0.0240 0.0088 0.0184 
0.0641 0.0320 0.0216 0.0005 0.0019 0.0352 0.0155 0.0316 0.0018 0.0001 0.0329 0.0086 0.4642 0.2744 0.0014 0.0145 
0.0482 0.0224 0.0069 0.0008 0.0001 0.0192 0.0026 0.0225 0.0008 0.0001 0.0249 0.0038 0.3824 0.0214 0.4367 0.0073 
0.0877 0.0550 0.0142 0.0094 0.0062 0.0452 0.0249 0.0441 0.0109 0.0096 0.0462 0.0080 0.3169 0.0877 0.0022 0.2318 
0.3481 0.0578 0.0332 0.0120 0.0037 0.0700 0.0059 0.0652 0.0002 0.0001 0.0628 0.0083 0.1740 0.0863 0.0684 0.0042 
0.1122 0.1732 0.0713 0.0126 0.0034 0.0717 0.0061 0.0663 0.0182 0.0034 0.0738 0.0094 0.1503 0.0572 0.0096 0.1614 
0.1221 0.1046 0.0059 0.0586 0.0312 0.0900 0.0876 0.0697 0.0070 0.0006 0.0610 0.0187 0.0296 0.2927 0.0109 0.0099 
0.0805 0.1414 0.1841 0.0193 0.0016 0.0361 0.0066 0.0620 0.0072 0.0001 0.0444 0.0066 0.0139 0.0404 0.3291 0.0270 
0.0591 0.0198 0.2268 0.1054 0.0021 0.0174 0.0037 0.0158 0.0511 0.0879 0.0195 0.0120 0.0137 0.0177 0.0152 0.3327 
0.1963 0.0312 0.4754 0.0556 0.0062 0.0804 0.0018 0.0312 0.0002 0.0008 0.0414 0.0179 0.0219 0.0276 0.0029 0.0094 
0.0844 0.2757 0.0105 0.0874 0.0177 0.3069 0.0014 0.0447 0.0014 0.0024 0.0598 0.0291 0.0168 0.0408 0.0022 0.0187 
0.0815 0.0398 0.0026 0.2184 0.0021 0.0513 0.0018 0.0506 0.0048 0.0003 0.4589 0.0235 0.0211 0.0364 0.0038 0.0032 
0.0439 0.1302 0.0977 0.0235 0.0019 0.0222 0.0027 0.0211 0.0278 0.0002 0.0236 0.5581 0.0174 0.0214 0.0059 0.0024 
0.0657 0.0313 0.0101 0.4578 0.0013 0.0305 0.0026 0.0272 0.0013 0.0001 0.0273 0.0037 0.2788 0.0284 0.0069 0.0275 
0.0640 0.0319 0.3362 0.0454 0.0013 0.1004 0.0045 0.0318 0.0008 0.0005 0.0313 0.0018 0.3095 0.0313 0.0050 0.0045 
0.1030 0.1907 0.0056 0.1842 0.0021 0.0537 0.0034 0.0518 0.0005 0.0001 0.0535 0.0024 0.2904 0.0502 0.0046 0.0040 
0.0711 0.0418 0.0048 0.2321 0.0030 0.0474 0.0075 0.0366 0.0010 0.0001 0.0415 0.0050 0.4691 0.0347 0.0037 0.0010 
0.0754 0.0494 0.1008 0.0169 0.0008 0.0660 0.0018 0.0423 0.0011 0.0001 0.0419 0.0128 0.5379 0.0377 0.0046 0.0109 
0.1162 0.0789 0.0214 0.0901 0.0008 0.0703 0.0053 0.0577 0.0032 0.0001 0.0708 0.0069 0.3984 0.0569 0.0077 0.0157 
0.1079 0.0574 0.1381 0.0066 0.0022 0.1785 0.0021 0.0521 0.0002 0.0013 0.0770 0.0105 0.2846 0.0515 0.0074 0.0229 
0.1201 0.1342 0.1305 0.0117 0.0013 0.1061 0.0027 0.0591 0.0029 0.0001 0.1204 0.0288 0.0928 0.0641 0.0053 0.1203 
0.0832 0.1404 0.3104 0.0687 0.0014 0.0419 0.0022 0.0393 0.0003 0.0016 0.0438 0.0626 0.0778 0.0435 0.0064 0.0765 
0.0545 0.0288 0.0302 0.0034 0.0109 0.4771 0.0013 0.0254 0.0001 0.0014 0.0248 0.0185 0.2852 0.0241 0.0043 0.0102 
0.0588 0.0457 0.0019 0.0045 0.0030 0.0307 0.0035 0.0393 0.0001 0.0005 0.5603 0.0053 0.2127 0.0297 0.0026 0.0019 
0.0403 0.0321 0.0003 0.0593 0.0003 0.0184 0.0021 0.0198 0.0174 0.0005 0.0246 0.7067 0.0548 0.0201 0.0014 0.0019 
0.0524 0.0260 0.0050 0.0105 0.0008 0.0369 0.0043 0.0264 0.0014 0.0005 0.0284 0.0136 0.7572 0.0284 0.0024 0.0058 
0.0556 0.0286 0.0072 0.0022 0.0006 0.0343 0.0029 0.0284 0.0001 0.0001 0.0339 0.0043 0.7665 0.0280 0.0037 0.0040 
0.0545 0.0313 0.0006 0.0054 0.0003 0.0267 0.0024 0.0281 0.0010 0.0001 0.0299 0.0149 0.7715 0.0272 0.0046 0.0018 
0.0573 0.0275 0.0014 0.0030 0.0002 0.0305 0.0016 0.0286 0.0008 0.0001 0.0316 0.0077 0.7740 0.0281 0.0026 0.0053 
0.0545 0.0281 0.0061 0.0002 0.0001 0.0390 0.0014 0.0280 0.0001 0.0001 0.0273 0.0066 0.7669 0.0345 0.0022 0.0054 
0.0535 0.0278 0.0013 0.0001 0.0008 0.0502 0.0014 0.0248 0.0002 0.0001 0.0379 0.0027 0.7543 0.0254 0.0115 0.0085 
0.0503 0.0310 0.0155 0.0001 0.0008 0.0232 0.0030 0.0243 0.0002 0.0001 0.0516 0.0125 0.7488 0.0244 0.0037 0.0110 
0.0586 0.0246 0.0051 0.0019 0.0003 0.0230 0.0040 0.0244 0.0019 0.0001 0.0256 0.0311 0.7450 0.0267 0.0042 0.0238 
0.0554 0.0267 0.0225 0.0011 0.0006 0.0287 0.0064 0.0278 0.0014 0.0002 0.0271 0.0083 0.7544 0.0287 0.0045 0.0061 
0.0588 0.0350 0.0061 0.0018 0.0011 0.0288 0.0014 0.0312 0.0008 0.0001 0.0417 0.0014 0.7538 0.0300 0.0034 0.0050 
0.0486 0.0268 0.0061 0.0027 0.0011 0.0537 0.0128 0.0251 0.0072 0.0002 0.0259 0.0216 0.7089 0.0248 0.0024 0.0323 
0.0746 0.0548 0.0417 0.0081 0.0067 0.0303 0.0706 0.0315 0.0038 0.0001 0.0383 0.0061 0.0826 0.4886 0.0067 0.0557 
0.0444 0.0211 0.0565 0.0040 0.0021 0.0326 0.0113 0.0307 0.0002 0.0008 0.0222 0.0139 0.0645 0.0209 0.6717 0.0030 
0.0446 0.0283 0.0377 0.0058 0.0010 0.0203 0.0024 0.0219 0.0161 0.0128 0.0628 0.0032 0.0171 0.0329 0.0118 0.6814 
0.4331 0.0548 0.0014 0.0631 0.0019 0.0550 0.0086 0.0459 0.0179 0.0001 0.0518 0.1688 0.0340 0.0484 0.0085 0.0067 
0.1405 0.0691 0.0794 0.0030 0.0080 0.3154 0.0050 0.0653 0.0008 0.0057 0.0907 0.0188 0.0952 0.0640 0.0176 0.0214 
0.0867 0.0439 0.0117 0.0045 0.0050 0.0839 0.0006 0.0558 0.0002 0.0006 0.4658 0.0398 0.1505 0.0427 0.0026 0.0059 
0.0430 0.0377 0.0051 0.0037 0.0008 0.0216 0.0048 0.0224 0.0062 0.0001 0.0355 0.6097 0.1839 0.0209 0.0019 0.0029 
0.0580 0.0256 0.0005 0.0034 0.0008 0.0312 0.0014 0.0248 0.0018 0.0001 0.0355 0.0310 0.7481 0.0270 0.0059 0.0053 
0.0436 0.0589 0.0265 0.0003 0.0006 0.0227 0.0034 0.0230 0.0014 0.0001 0.0236 0.0126 0.7307 0.0232 0.0113 0.0182 
0.0513 0.0278 0.0120 0.0013 0.0024 0.0254 0.0161 0.0251 0.0002 0.0001 0.0281 0.0027 0.7577 0.0265 0.0094 0.0141 
0.0474 0.0267 0.0637 0.0005 0.0005 0.0254 0.0080 0.0228 0.0005 0.0001 0.0246 0.0102 0.7123 0.0273 0.0099 0.0203 
0.0534 0.0329 0.0129 0.0086 0.0003 0.0265 0.0040 0.0249 0.0034 0.0001 0.0407 0.0080 0.6997 0.0281 0.0102 0.0465 
0.0995 0.0482 0.0704 0.0038 0.0013 0.0412 0.0109 0.0438 0.0034 0.0003 0.0506 0.0256 0.4781 0.0573 0.0131 0.0524 
0.0685 0.0441 0.0816 0.0072 0.0832 0.0323 0.3586 0.0310 0.0003 0.0002 0.0358 0.0054 0.1184 0.1094 0.0080 0.0161 
0.0938 0.0489 0.0716 0.0042 0.0037 0.1460 0.0027 0.1101 0.0001 0.0010 0.0529 0.0171 0.1235 0.0470 0.2707 0.0072 
0.0765 0.0366 0.0128 0.0113 0.0021 0.0366 0.0011 0.0393 0.0733 0.1478 0.2839 0.0257 0.0414 0.0353 0.0005 0.1759 
0.1446 0.0443 0.0008 0.0040 0.0043 0.0363 0.0011 0.0294 0.0016 0.0006 0.0399 0.5504 0.1120 0.0257 0.0030 0.0019 
0.0863 0.0500 0.0091 0.0050 0.0072 0.0502 0.0032 0.0468 0.0016 0.0002 0.1825 0.0502 0.4589 0.0428 0.0029 0.0032 
0.0567 0.0366 0.0014 0.0024 0.0021 0.0498 0.0059 0.0308 0.0006 0.0001 0.0329 0.2112 0.5239 0.0403 0.0018 0.0035 
0.0633 0.0353 0.0034 0.0008 0.0006 0.0340 0.0021 0.0291 0.0058 0.0001 0.0302 0.0169 0.7351 0.0324 0.0093 0.0018 
0.0543 0.0340 0.0077 0.0010 0.0005 0.0249 0.0021 0.0272 0.0126 0.0035 0.0273 0.0037 0.7383 0.0304 0.0070 0.0256 
0.0749 0.0276 0.0096 0.0011 0.0001 0.0436 0.0059 0.0273 0.0002 0.0001 0.0270 0.0019 0.7405 0.0287 0.0059 0.0059 
0.0485 0.0573 0.0423 0.0002 0.0001 0.0233 0.0024 0.0235 0.0003 0.0001 0.0263 0.0022 0.7351 0.0279 0.0059 0.0048 
0.0685 0.0278 0.0037 0.0240 0.0001 0.0284 0.0053 0.0278 0.0001 0.0001 0.0320 0.0050 0.7413 0.0275 0.0030 0.0059 
0.0550 0.0281 0.0604 0.0021 0.0001 0.0265 0.0024 0.0262 0.0001 0.0001 0.0355 0.0034 0.7260 0.0268 0.0026 0.0053 
0.0570 0.0371 0.0056 0.0165 0.0010 0.0289 0.0005 0.0275 0.0001 0.0001 0.0294 0.0093 0.7522 0.0281 0.0046 0.0026 
0.0580 0.0302 0.0027 0.0323 0.0013 0.0292 0.0018 0.0315 0.0002 0.0001 0.0289 0.0019 0.7337 0.0303 0.0027 0.0155 
0.0622 0.0304 0.0112 0.0014 0.0059 0.0518 0.0038 0.0304 0.0034 0.0001 0.0342 0.0078 0.6998 0.0294 0.0045 0.0241 
0.0754 0.0725 0.0086 0.0035 0.0061 0.0613 0.0035 0.0420 0.0006 0.0005 0.1176 0.0091 0.5438 0.0395 0.0030 0.0129 
0.0684 0.2286 0.0145 0.0176 0.0005 0.0305 0.0016 0.0305 0.0072 0.0002 0.0300 0.0446 0.4451 0.0339 0.0078 0.0390 
0.0741 0.0366 0.0751 0.0078 0.0034 0.0813 0.0070 0.0353 0.0042 0.0021 0.0359 0.0105 0.5484 0.0350 0.0117 0.0318 
0.0639 0.0335 0.0749 0.0058 0.0030 0.0537 0.0046 0.0358 0.0001 0.0001 0.3377 0.0030 0.3452 0.0340 0.0006 0.0042 
0.0460 0.0246 0.0013 0.0259 0.0014 0.0361 0.0022 0.0252 0.0006 0.0018 0.1193 0.6273 0.0609 0.0240 0.0026 0.0008 
0.0355 0.0295 0.0003 0.0149 0.0021 0.0184 0.0021 0.0182 0.0029 0.0013 0.0300 0.2201 0.5990 0.0180 0.0024 0.0054 
0.0505 0.0243 0.0003 0.0214 0.0006 0.0337 0.0050 0.0297 0.0008 0.0002 0.0289 0.0388 0.7297 0.0240 0.0038 0.0083 
0.0589 0.0307 0.0072 0.0005 0.0008 0.0347 0.0029 0.0294 0.0008 0.0002 0.0382 0.0037 0.7534 0.0294 0.0005 0.0089 
0.0529 0.0264 0.0002 0.0022 0.0003 0.0347 0.0005 0.0273 0.0002 0.0003 0.0353 0.0310 0.7544 0.0315 0.0024 0.0006 
0.0527 0.0454 0.0016 0.0001 0.0003 0.0252 0.0018 0.0262 0.0021 0.0001 0.0294 0.0200 0.7571 0.0284 0.0078 0.0022 
0.0580 0.0281 0.0006 0.0026 0.0006 0.0279 0.0014 0.0283 0.0005 0.0001 0.0283 0.0094 0.7660 0.0342 0.0056 0.0086 
0.0537 0.0275 0.0235 0.0003 0.0016 0.0240 0.0013 0.0264 0.0001 0.0001 0.0259 0.0026 0.7553 0.0355 0.0126 0.0102 
0.0492 0.0240 0.0327 0.0003 0.0003 0.0294 0.0043 0.0252 0.0008 0.0001 0.0329 0.0081 0.7442 0.0249 0.0118 0.0118 
0.0651 0.0318 0.0014 0.0011 0.0013 0.0295 0.0086 0.0284 0.0016 0.0001 0.0351 0.0091 0.7297 0.0273 0.0026 0.0275 
0.0564 0.0300 0.0109 0.0011 0.0006 0.0259 0.0155 0.0280 0.0021 0.0005 0.0291 0.0289 0.7138 0.0232 0.0062 0.0280 
0.0668 0.0407 0.0561 0.0014 0.0089 0.0324 0.2654 0.0339 0.0045 0.0002 0.0364 0.0046 0.2930 0.1311 0.0086 0.0160 
0.0695 0.0430 0.1078 0.0054 0.0014 0.0327 0.0067 0.0503 0.0008 0.0002 0.0367 0.0077 0.2027 0.0351 0.3783 0.0216 
0.0727 0.0401 0.0342 0.0053 0.0292 0.0529 0.0340 0.0377 0.0235 0.0204 0.0358 0.0165 0.0380 0.3962 0.0072 0.1564 
0.1784 0.1945 0.0147 0.0216 0.0013 0.0291 0.0053 0.0586 0.0043 0.0001 0.0380 0.0115 0.0230 0.0340 0.3492 0.0367 
0.0404 0.0176 0.2491 0.0709 0.0019 0.0252 0.0045 0.0147 0.1401 0.0564 0.0187 0.0064 0.0319 0.0169 0.0117 0.2937 
0.2293 0.0318 0.4627 0.0228 0.0094 0.0737 0.0019 0.0292 0.0003 0.0032 0.0465 0.0165 0.0340 0.0265 0.0069 0.0053 
0.0642 0.2542 0.0220 0.0284 0.0160 0.3919 0.0014 0.0406 0.0011 0.0032 0.0598 0.0503 0.0220 0.0320 0.0014 0.0113 
0.0899 0.0671 0.0024 0.0502 0.0040 0.0581 0.0022 0.0597 0.0147 0.0011 0.4990 0.0353 0.0363 0.0427 0.0276 0.0096 
0.0599 0.1086 0.0554 0.0058 0.0016 0.0412 0.0056 0.0296 0.0198 0.0002 0.0559 0.5633 0.0104 0.0289 0.0029 0.0110 
0.1644 0.0882 0.1082 0.0443 0.0010 0.0732 0.0061 0.0677 0.0048 0.0003 0.0708 0.0984 0.1246 0.0687 0.0294 0.0500 
0.0851 0.0457 0.3373 0.0128 0.0006 0.0826 0.0174 0.0412 0.0024 0.0005 0.0433 0.0030 0.2442 0.0409 0.0128 0.0302 
0.1105 0.3792 0.0623 0.0824 0.0008 0.0554 0.0035 0.0521 0.0034 0.0001 0.0529 0.0022 0.1297 0.0534 0.0043 0.0078 
0.1163 0.0546 0.0444 0.4086 0.0027 0.0524 0.0037 0.0498 0.0003 0.0001 0.0534 0.0014 0.1538 0.0492 0.0069 0.0024 
0.0878 0.0494 0.3844 0.0950 0.0027 0.0450 0.0035 0.0463 0.0001 0.0001 0.0446 0.0038 0.1846 0.0426 0.0035 0.0067 
0.0870 0.0514 0.0117 0.4261 0.0024 0.0564 0.0016 0.0455 0.0021 0.0001 0.0553 0.0057 0.2016 0.0428 0.0062 0.0043 
0.1486 0.0796 0.0450 0.1436 0.0088 0.1650 0.0014 0.0780 0.0014 0.0002 0.0812 0.0125 0.1530 0.0732 0.0026 0.0061 
0.1502 0.1841 0.0267 0.0947 0.0006 0.2015 0.0043 0.0764 0.0037 0.0001 0.0844 0.0102 0.0653 0.0732 0.0029 0.0220 
0.1361 0.0829 0.1469 0.1437 0.0011 0.0842 0.0054 0.0632 0.0022 0.0011 0.1472 0.0180 0.0586 0.0626 0.0013 0.0454 
0.1027 0.1061 0.0950 0.0387 0.0070 0.1773 0.0021 0.0525 0.0005 0.0005 0.0551 0.2425 0.0610 0.0517 0.0037 0.0037 
0.0928 0.0533 0.0131 0.2006 0.0042 0.0530 0.0109 0.0494 0.0001 0.0003 0.2396 0.0115 0.2119 0.0478 0.0072 0.0045 
0.0671 0.0342 0.0281 0.1743 0.0024 0.0441 0.0010 0.0343 0.0048 0.0001 0.0457 0.4293 0.0966 0.0332 0.0008 0.0042 
0.0385 0.0184 0.0001 0.0043 0.0032 0.4175 0.0021 0.0185 0.0003 0.0022 0.0203 0.0232 0.4298 0.0158 0.0038 0.0022 
0.0340 0.0276 0.0010 0.0010 0.0054 0.0185 0.0010 0.0201 0.0010 0.0002 0.3715 0.0061 0.4747 0.0171 0.0126 0.0083 
0.0077 0.0117 0.0003 0.0026 0.0005 0.0027 0.0034 0.0051 0.0014 0.0005 0.0094 0.5350 0.4093 0.0045 0.0022 0.0038 
0.0525 0.0251 0.0094 0.0001 0.0003 0.0340 0.0054 0.0259 0.0061 0.0001 0.0251 0.0227 0.7473 0.0275 0.0032 0.0155 
0.0534 0.0316 0.0161 0.0001 0.0002 0.0272 0.0061 0.0284 0.0002 0.0001 0.0315 0.0021 0.7681 0.0284 0.0026 0.0045 
0.0549 0.0329 0.0024 0.0003 0.0005 0.0334 0.0032 0.0272 0.0008 0.0001 0.0305 0.0078 0.7673 0.0273 0.0050 0.0065 
0.0545 0.0272 0.0136 0.0011 0.0005 0.0289 0.0011 0.0259 0.0011 0.0001 0.0417 0.0121 0.7559 0.0267 0.0029 0.0069 
0.0538 0.0259 0.0230 0.0014 0.0006 0.0228 0.0035 0.0249 0.0010 0.0001 0.0267 0.0272 0.7452 0.0289 0.0050 0.0102 
0.0562 0.0270 0.0091 0.0059 0.0008 0.0313 0.0072 0.0284 0.0003 0.0001 0.0286 0.0053 0.7602 0.0270 0.0062 0.0065 
0.0586 0.0380 0.0065 0.0021 0.0019 0.0284 0.0011 0.0308 0.0008 0.0001 0.0337 0.0018 0.7613 0.0299 0.0013 0.0040 
0.0525 0.0275 0.0026 0.0069 0.0016 0.0412 0.0102 0.0267 0.0046 0.0011 0.0270 0.0131 0.7457 0.0265 0.0026 0.0102 
0.0795 0.0465 0.0247 0.0048 0.0056 0.0441 0.0273 0.0393 0.0034 0.0001 0.0425 0.0081 0.0867 0.5430 0.0086 0.0361 
0.0375 0.0209 0.0986 0.0054 0.0006 0.0236 0.0204 0.0219 0.0008 0.0003 0.0195 0.0048 0.0565 0.0177 0.6625 0.0088 
0.0433 0.0348 0.0743 0.0281 0.0005 0.0181 0.0040 0.0188 0.0150 0.0035 0.0302 0.0016 0.0131 0.0200 0.0081 0.6866 
0.4797 0.0551 0.0302 0.1219 0.0019 0.0565 0.0078 0.0540 0.0016 0.0001 0.0589 0.0407 0.0244 0.0561 0.0061 0.0050 
0.0947 0.0470 0.0901 0.0123 0.0088 0.5228 0.0021 0.0492 0.0001 0.0030 0.0597 0.0120 0.0361 0.0465 0.0115 0.0042 
0.0845 0.0578 0.0011 0.0219 0.0107 0.1254 0.0008 0.0535 0.0010 0.0006 0.5485 0.0134 0.0280 0.0407 0.0045 0.0075 
0.0577 0.0593 0.0051 0.0129 0.0024 0.0296 0.0037 0.0294 0.0072 0.0003 0.0601 0.6550 0.0420 0.0268 0.0016 0.0070 
0.0607 0.0267 0.0089 0.0021 0.0010 0.0398 0.0034 0.0252 0.0022 0.0001 0.0348 0.0546 0.6934 0.0283 0.0121 0.0067 
0.0382 0.0495 0.0936 0.0035 0.0010 0.0176 0.0086 0.0206 0.0026 0.0001 0.0276 0.0128 0.6732 0.0217 0.0081 0.0216 
0.0491 0.0246 0.0392 0.0035 0.0312 0.0262 0.0422 0.0248 0.0003 0.0001 0.0240 0.0101 0.6765 0.0323 0.0082 0.0080 
0.0567 0.0284 0.1683 0.0038 0.0030 0.0340 0.0131 0.0393 0.0001 0.0001 0.0348 0.0048 0.5149 0.0356 0.0303 0.0327 
0.0928 0.0487 0.0110 0.0345 0.0003 0.0676 0.0034 0.0495 0.0131 0.0051 0.0768 0.0209 0.4697 0.0471 0.0093 0.0500 
0.2218 0.0963 0.0511 0.0067 0.0013 0.0743 0.0240 0.0669 0.0066 0.0016 0.0791 0.0236 0.1558 0.0858 0.0197 0.0855 
0.0684 0.0693 0.1418 0.0145 0.0407 0.0313 0.3309 0.0286 0.0001 0.0002 0.0348 0.0121 0.1185 0.0877 0.0097 0.0115 
0.1396 0.0818 0.0666 0.0482 0.0057 0.1655 0.0026 0.0987 0.0001 0.0014 0.0854 0.0142 0.0832 0.0703 0.1297 0.0072 
0.0671 0.0324 0.0123 0.1197 0.0014 0.0337 0.0005 0.0337 0.0168 0.1948 0.2649 0.0508 0.0436 0.0321 0.0006 0.0955 
0.0998 0.0433 0.0011 0.0281 0.0054 0.0431 0.0011 0.0350 0.0010 0.0013 0.0438 0.4781 0.1804 0.0332 0.0038 0.0014 
0.0623 0.0313 0.0016 0.0177 0.0037 0.0484 0.0027 0.0350 0.0010 0.0001 0.1734 0.0288 0.5595 0.0307 0.0014 0.0026 
0.0479 0.0353 0.0001 0.0029 0.0008 0.0319 0.0011 0.0276 0.0014 0.0005 0.0315 0.2196 0.5725 0.0233 0.0011 0.0024 
0.0542 0.0393 0.0002 0.0021 0.0002 0.0337 0.0021 0.0265 0.0085 0.0001 0.0262 0.0383 0.7289 0.0318 0.0077 0.0006 
0.0558 0.0382 0.0128 0.0003 0.0003 0.0267 0.0034 0.0257 0.0046 0.0001 0.0267 0.0022 0.7389 0.0401 0.0147 0.0097 
0.0644 0.0329 0.0158 0.0003 0.0001 0.0367 0.0043 0.0307 0.0005 0.0001 0.0321 0.0035 0.7201 0.0313 0.0172 0.0104 
0.0548 0.0351 0.0724 0.0003 0.0002 0.0251 0.0046 0.0265 0.0003 0.0001 0.0323 0.0043 0.6946 0.0286 0.0097 0.0113 
0.0580 0.0281 0.0418 0.0035 0.0001 0.0307 0.0046 0.0287 0.0003 0.0001 0.0348 0.0144 0.7097 0.0302 0.0089 0.0064 
0.0691 0.0412 0.0517 0.0024 0.0061 0.0431 0.0329 0.0342 0.0013 0.0001 0.0367 0.0062 0.4238 0.2247 0.0061 0.0206 
0.0984 0.0508 0.0679 0.0594 0.0078 0.0358 0.1203 0.0395 0.0001 0.0001 0.0395 0.0048 0.1073 0.0968 0.2383 0.0337 
0.0693 0.0324 0.1519 0.0123 0.0053 0.1578 0.0388 0.0353 0.0021 0.0128 0.0326 0.0046 0.0823 0.0350 0.0960 0.2315 
0.1850 0.1024 0.0986 0.0134 0.0171 0.0558 0.0053 0.0601 0.0070 0.0687 0.0836 0.0249 0.0762 0.0476 0.0037 0.1507 
0.1029 0.1605 0.0040 0.1292 0.0155 0.2004 0.0043 0.0968 0.0775 0.0077 0.0473 0.0337 0.0460 0.0452 0.0150 0.0141 
0.1091 0.0720 0.0965 0.0080 0.0249 0.2080 0.0166 0.0647 0.1300 0.0042 0.0629 0.0208 0.0446 0.0722 0.0065 0.0591 
