0.0945 0.0366 0.1971 0.3376 0.0032 0.0885 0.0179 0.0334 0.0348 0.0104 0.0527 0.0064 0.0412 0.0329 0.0029 0.0101 
0.0653 0.0593 0.0458 0.0018 0.0040 0.5858 0.0024 0.0379 0.0011 0.0091 0.1048 0.0115 0.0327 0.0312 0.0035 0.0038 
0.0768 0.0452 0.0024 0.0091 0.0018 0.0452 0.0014 0.0382 0.0045 0.0013 0.6174 0.0997 0.0128 0.0355 0.0046 0.0042 
0.0468 0.0355 0.0042 0.0273 0.0016 0.0188 0.0008 0.0201 0.0171 0.0003 0.0629 0.7245 0.0099 0.0248 0.0008 0.0046 
0.0478 0.0200 0.0553 0.0080 0.0035 0.0244 0.0011 0.0203 0.0001 0.0003 0.0190 0.0908 0.6766 0.0205 0.0072 0.0053 
0.0471 0.0748 0.0035 0.0048 0.0050 0.0420 0.0069 0.0275 0.0003 0.0001 0.0265 0.0019 0.7008 0.0259 0.0152 0.0181 
0.0728 0.1075 0.0014 0.0551 0.0021 0.0323 0.0150 0.0351 0.0086 0.0001 0.0332 0.0085 0.5581 0.0410 0.0166 0.0126 
0.1027 0.0425 0.1348 0.0182 0.0006 0.0514 0.0040 0.0428 0.0238 0.0008 0.0409 0.0038 0.4133 0.0427 0.0259 0.0518 
0.0895 0.0594 0.3891 0.0072 0.0014 0.0506 0.0198 0.0423 0.0062 0.0002 0.0417 0.0013 0.1462 0.0419 0.0062 0.0970 
0.1351 0.0805 0.0824 0.1271 0.0021 0.0807 0.0075 0.0666 0.0006 0.0002 0.0704 0.0016 0.2655 0.0648 0.0051 0.0097 
0.0906 0.0529 0.0586 0.0323 0.0005 0.0957 0.0030 0.0500 0.0013 0.0001 0.0532 0.0104 0.4971 0.0444 0.0085 0.0016 
0.1114 0.1566 0.0059 0.1265 0.0024 0.0828 0.0109 0.0545 0.0021 0.0001 0.0618 0.0107 0.3061 0.0538 0.0048 0.0099 
0.1155 0.0647 0.0053 0.0190 0.0211 0.1808 0.0059 0.0581 0.0002 0.0001 0.0688 0.0145 0.3686 0.0546 0.0176 0.0056 
0.0919 0.0567 0.0693 0.0003 0.0449 0.0647 0.0225 0.0506 0.0002 0.0001 0.1053 0.0292 0.4053 0.0470 0.0032 0.0089 
0.0746 0.0516 0.0026 0.0126 0.0008 0.0374 0.0008 0.0714 0.0037 0.0006 0.0508 0.1045 0.5425 0.0355 0.0021 0.0086 
0.0576 0.0281 0.0121 0.0001 0.0026 0.0934 0.0072 0.0265 0.0374 0.0037 0.0370 0.0653 0.5901 0.0260 0.0088 0.0043 
0.0559 0.0671 0.0016 0.0001 0.0016 0.0289 0.0038 0.0300 0.0001 0.0001 0.1187 0.0107 0.6361 0.0268 0.0109 0.0083 
0.0355 0.0240 0.0065 0.0001 0.0014 0.0268 0.0075 0.0179 0.0018 0.0001 0.0251 0.1708 0.6573 0.0185 0.0034 0.0037 
0.0533 0.0695 0.0051 0.0001 0.0001 0.0216 0.0014 0.0238 0.0013 0.0001 0.0278 0.0187 0.7351 0.0243 0.0029 0.0156 
0.0586 0.0260 0.0096 0.0011 0.0001 0.0236 0.0035 0.0251 0.0034 0.0019 0.0268 0.0102 0.7509 0.0326 0.0050 0.0216 
0.0559 0.0270 0.0147 0.0001 0.0003 0.0315 0.0021 0.0262 0.0001 0.0001 0.0318 0.0014 0.7647 0.0278 0.0141 0.0029 
0.0553 0.0326 0.0089 0.0010 0.0002 0.0257 0.0018 0.0272 0.0003 0.0001 0.0295 0.0137 0.7643 0.0287 0.0042 0.0069 
0.0751 0.0254 0.0001 0.0065 0.0006 0.0442 0.0037 0.0257 0.0001 0.0001 0.0273 0.0040 0.7561 0.0272 0.0021 0.0026 
0.0514 0.0513 0.0118 0.0001 0.0029 0.0281 0.0043 0.0267 0.0002 0.0001 0.0331 0.0042 0.7471 0.0267 0.0050 0.0077 
0.0532 0.0272 0.0027 0.0013 0.0299 0.0267 0.0102 0.0264 0.0001 0.0001 0.0300 0.0133 0.7454 0.0268 0.0040 0.0032 
0.0541 0.0355 0.0105 0.0006 0.0003 0.0248 0.0011 0.0406 0.0005 0.0001 0.0311 0.0053 0.7459 0.0252 0.0059 0.0185 
0.0666 0.0361 0.0034 0.0011 0.0005 0.0337 0.0053 0.0343 0.0382 0.0035 0.0345 0.0278 0.6454 0.0358 0.0054 0.0284 
0.0979 0.0516 0.0289 0.0002 0.0022 0.0487 0.0069 0.0369 0.0008 0.0001 0.0396 0.0046 0.6136 0.0391 0.0115 0.0176 
0.0679 0.1596 0.0372 0.0011 0.0013 0.0337 0.0008 0.0364 0.0014 0.0003 0.0466 0.0048 0.5078 0.0406 0.0018 0.0586 
0.0772 0.0516 0.0604 0.0313 0.0019 0.0468 0.0129 0.0478 0.0080 0.0001 0.0492 0.0163 0.0208 0.4965 0.0307 0.0489 
0.0139 0.0190 0.2856 0.0345 0.0006 0.0085 0.0141 0.0077 0.0008 0.0001 0.0083 0.0097 0.0120 0.0104 0.5076 0.0676 
0.0393 0.0208 0.1529 0.1591 0.0016 0.0136 0.0069 0.0155 0.0027 0.0008 0.0232 0.0016 0.0054 0.0144 0.0097 0.5327 
0.2572 0.0423 0.1518 0.3502 0.0038 0.0391 0.0062 0.0444 0.0003 0.0002 0.0417 0.0059 0.0053 0.0404 0.0038 0.0073 
0.0548 0.0484 0.0914 0.2123 0.0128 0.4637 0.0018 0.0310 0.0038 0.0002 0.0300 0.0045 0.0075 0.0286 0.0056 0.0037 
0.0936 0.1147 0.0383 0.1887 0.0129 0.1123 0.0010 0.0532 0.0155 0.0006 0.3042 0.0075 0.0075 0.0443 0.0029 0.0027 
0.0449 0.2899 0.0224 0.2023 0.0176 0.0449 0.0014 0.0284 0.0089 0.0040 0.0297 0.2656 0.0040 0.0230 0.0014 0.0115 
0.1214 0.0553 0.0180 0.0238 0.0123 0.4264 0.0083 0.0618 0.0097 0.0034 0.0864 0.0299 0.0802 0.0508 0.0038 0.0085 
0.0737 0.0717 0.0415 0.0206 0.0040 0.0481 0.0016 0.0396 0.0085 0.0019 0.5712 0.0366 0.0366 0.0369 0.0003 0.0072 
0.0529 0.1040 0.0305 0.0109 0.0014 0.0455 0.0048 0.0224 0.0081 0.0027 0.0227 0.6411 0.0117 0.0238 0.0125 0.0051 
0.0535 0.0276 0.0088 0.0150 0.0019 0.0379 0.0037 0.0260 0.0030 0.0006 0.0525 0.0105 0.6791 0.0254 0.0046 0.0497 
0.0853 0.0417 0.0211 0.0126 0.0056 0.0446 0.0022 0.0439 0.0006 0.0016 0.1542 0.0713 0.4621 0.0422 0.0035 0.0075 
0.0578 0.0347 0.0035 0.0067 0.0046 0.0562 0.0073 0.0345 0.0010 0.0008 0.0308 0.3156 0.4134 0.0289 0.0019 0.0022 
0.0618 0.0415 0.0053 0.0209 0.0010 0.0334 0.0027 0.0334 0.0128 0.0001 0.0417 0.0064 0.6982 0.0318 0.0021 0.0072 
0.0601 0.0264 0.0460 0.0093 0.0014 0.0264 0.0018 0.0278 0.0067 0.0026 0.0321 0.0150 0.7090 0.0283 0.0034 0.0040 
0.0565 0.0319 0.0321 0.0042 0.0010 0.0297 0.0018 0.0292 0.0010 0.0001 0.0275 0.0107 0.7383 0.0288 0.0054 0.0021 
0.0601 0.0294 0.0010 0.0278 0.0006 0.0356 0.0018 0.0283 0.0024 0.0001 0.0313 0.0016 0.7397 0.0313 0.0042 0.0053 
0.0615 0.0366 0.0158 0.0056 0.0003 0.0396 0.0030 0.0305 0.0010 0.0001 0.0312 0.0043 0.7315 0.0304 0.0059 0.0030 
0.0628 0.0380 0.0091 0.0152 0.0005 0.0278 0.0064 0.0302 0.0006 0.0001 0.0337 0.0027 0.7202 0.0302 0.0115 0.0112 
0.0428 0.0212 0.0355 0.0516 0.0016 0.0222 0.0085 0.0208 0.0054 0.0001 0.0211 0.0056 0.6238 0.0275 0.0070 0.1057 
0.0772 0.0369 0.0554 0.0235 0.0093 0.0463 0.0486 0.0364 0.0011 0.0001 0.0377 0.0056 0.5529 0.0468 0.0077 0.0149 
0.0679 0.0554 0.0836 0.0401 0.0051 0.0412 0.0029 0.0428 0.0019 0.0008 0.0419 0.0094 0.5256 0.0396 0.0201 0.0216 
0.1281 0.0779 0.0192 0.0575 0.0105 0.1182 0.0110 0.0636 0.0307 0.0045 0.0738 0.0275 0.2591 0.0714 0.0032 0.0439 
0.1454 0.1511 0.1102 0.0880 0.0022 0.0712 0.0059 0.0687 0.0294 0.0014 0.0805 0.0206 0.0952 0.0660 0.0097 0.0543 
0.0856 0.0591 0.2764 0.1543 0.0075 0.0786 0.0078 0.0382 0.0096 0.0107 0.0447 0.0425 0.0764 0.0417 0.0056 0.0613 
0.1070 0.0647 0.1754 0.0872 0.0281 0.1618 0.0163 0.0543 0.0008 0.0027 0.1013 0.0372 0.0864 0.0575 0.0078 0.0113 
0.1061 0.2173 0.0807 0.1561 0.0053 0.0757 0.0078 0.0671 0.0081 0.0013 0.0995 0.0417 0.0497 0.0569 0.0105 0.0161 
0.1203 0.0737 0.0577 0.2069 0.0112 0.1125 0.0054 0.0594 0.0144 0.0233 0.0756 0.0762 0.0620 0.0577 0.0058 0.0380 
0.0896 0.0543 0.3862 0.1356 0.0030 0.0500 0.0030 0.0441 0.0019 0.0008 0.0755 0.0193 0.0525 0.0391 0.0104 0.0345 
0.0494 0.0385 0.4359 0.2585 0.0034 0.0473 0.0075 0.0246 0.0045 0.0018 0.0281 0.0411 0.0236 0.0244 0.0037 0.0078 
0.0847 0.0414 0.0019 0.0228 0.0091 0.5803 0.0038 0.0411 0.0005 0.0037 0.1013 0.0110 0.0513 0.0403 0.0046 0.0022 
0.0677 0.0377 0.0022 0.0155 0.0034 0.0348 0.0018 0.0363 0.0008 0.0022 0.5824 0.1420 0.0361 0.0335 0.0013 0.0022 
0.0344 0.0273 0.0001 0.0134 0.0019 0.0203 0.0011 0.0181 0.0037 0.0013 0.0185 0.6787 0.1585 0.0176 0.0037 0.0016 
0.0481 0.0240 0.0241 0.0016 0.0006 0.0228 0.0053 0.0238 0.0021 0.0001 0.0299 0.0053 0.7486 0.0276 0.0043 0.0319 
0.0502 0.0241 0.0051 0.0002 0.0006 0.0612 0.0024 0.0244 0.0005 0.0014 0.0236 0.0235 0.7501 0.0240 0.0037 0.0050 
0.0490 0.0826 0.0003 0.0003 0.0034 0.0251 0.0008 0.0240 0.0021 0.0001 0.0272 0.0034 0.7518 0.0249 0.0022 0.0030 
0.0522 0.0347 0.0061 0.0038 0.0001 0.0227 0.0026 0.0248 0.0006 0.0001 0.0267 0.0172 0.7516 0.0401 0.0022 0.0149 
0.0444 0.0206 0.0829 0.0010 0.0005 0.0454 0.0061 0.0203 0.0002 0.0001 0.0214 0.0051 0.7171 0.0241 0.0081 0.0030 
0.0506 0.0364 0.0197 0.0002 0.0006 0.0268 0.0010 0.0270 0.0001 0.0001 0.0320 0.0054 0.7559 0.0289 0.0107 0.0050 
0.0537 0.0246 0.0001 0.0054 0.0005 0.0348 0.0136 0.0270 0.0006 0.0001 0.0280 0.0136 0.7417 0.0270 0.0115 0.0182 
0.0420 0.1107 0.0166 0.0003 0.0006 0.0187 0.0123 0.0184 0.0011 0.0001 0.0252 0.0078 0.6607 0.0233 0.0137 0.0487 
0.0283 0.0104 0.2273 0.0024 0.0019 0.0117 0.1249 0.0096 0.0006 0.0013 0.0136 0.0030 0.5166 0.0200 0.0166 0.0118 
0.0538 0.0359 0.2650 0.0016 0.0019 0.0249 0.0107 0.0383 0.0005 0.0006 0.0304 0.0097 0.2291 0.0355 0.0300 0.2319 
0.1117 0.0590 0.0073 0.0010 0.0220 0.1358 0.0839 0.0590 0.0056 0.0125 0.0858 0.0375 0.2111 0.1318 0.0152 0.0209 
0.0925 0.0700 0.0042 0.0026 0.0011 0.0545 0.0011 0.0593 0.0005 0.0008 0.4428 0.0324 0.0701 0.0436 0.1072 0.0174 
0.0666 0.0687 0.0118 0.0013 0.0003 0.0359 0.0050 0.0334 0.0347 0.0107 0.0447 0.5091 0.0380 0.0319 0.0050 0.1029 
0.1460 0.0380 0.0220 0.0016 0.0013 0.0645 0.0040 0.0379 0.0005 0.0001 0.0586 0.0115 0.5615 0.0380 0.0123 0.0022 
0.0698 0.0704 0.0208 0.0002 0.0006 0.0500 0.0018 0.0419 0.0003 0.0001 0.0601 0.0313 0.6115 0.0343 0.0026 0.0046 
0.0602 0.0593 0.0003 0.0038 0.0018 0.0355 0.0035 0.0283 0.0038 0.0001 0.0380 0.0337 0.7018 0.0268 0.0016 0.0018 
0.0503 0.0950 0.0281 0.0003 0.0003 0.0278 0.0080 0.0260 0.0010 0.0001 0.0281 0.0091 0.6823 0.0260 0.0043 0.0134 
0.0375 0.0197 0.1550 0.0040 0.0034 0.0158 0.0038 0.0176 0.0002 0.0001 0.0321 0.0078 0.6667 0.0176 0.0073 0.0117 
0.0693 0.0348 0.0974 0.0032 0.0062 0.0433 0.0064 0.0355 0.0013 0.0001 0.0356 0.0200 0.3907 0.2327 0.0057 0.0180 
0.0852 0.0423 0.0182 0.0158 0.0016 0.0415 0.0061 0.0425 0.0011 0.0001 0.0487 0.0016 0.3432 0.0452 0.2675 0.0396 
0.0607 0.0313 0.0500 0.0051 0.0013 0.0516 0.0022 0.0336 0.0010 0.0161 0.0316 0.0153 0.3553 0.0321 0.0051 0.3076 
0.1572 0.2954 0.0174 0.0081 0.0035 0.0912 0.0193 0.0577 0.0043 0.0006 0.0772 0.0042 0.1674 0.0593 0.0101 0.0272 
0.1256 0.1342 0.1895 0.0911 0.0010 0.0646 0.0120 0.0674 0.0062 0.0001 0.1008 0.0214 0.0385 0.0678 0.0112 0.0687 
0.0704 0.0326 0.5054 0.0792 0.0029 0.0537 0.0107 0.0331 0.0002 0.0001 0.0339 0.0489 0.0827 0.0308 0.0099 0.0058 
0.1266 0.0666 0.1187 0.1157 0.0115 0.1564 0.0131 0.0713 0.0016 0.0001 0.0844 0.0058 0.1430 0.0623 0.0121 0.0110 
0.1281 0.0938 0.0024 0.1061 0.0169 0.2860 0.0113 0.0855 0.0021 0.0021 0.0893 0.0205 0.0820 0.0633 0.0043 0.0064 
0.1297 0.1361 0.0169 0.0137 0.0102 0.1843 0.0050 0.0655 0.0220 0.0008 0.1338 0.0436 0.1578 0.0637 0.0022 0.0145 
0.1371 0.0907 0.1190 0.0094 0.0003 0.0871 0.0059 0.0644 0.0072 0.0014 0.1364 0.0631 0.2015 0.0615 0.0053 0.0096 
0.1163 0.0722 0.1291 0.0072 0.0008 0.1181 0.0081 0.0548 0.0053 0.0011 0.0759 0.0986 0.2005 0.0567 0.0188 0.0366 
0.0888 0.0454 0.0089 0.0113 0.0011 0.0503 0.0075 0.0401 0.0001 0.0003 0.1853 0.0479 0.4448 0.0406 0.0180 0.0096 
0.0442 0.0343 0.0034 0.0081 0.0019 0.0243 0.0051 0.0219 0.0003 0.0001 0.0350 0.2310 0.5480 0.0249 0.0069 0.0109 
0.0658 0.0329 0.0026 0.0077 0.0022 0.0377 0.0166 0.0326 0.0046 0.0001 0.0345 0.0155 0.7068 0.0303 0.0070 0.0034 
0.0613 0.0380 0.0166 0.0001 0.0016 0.1032 0.0093 0.0356 0.0027 0.0019 0.0470 0.0027 0.6159 0.0302 0.0064 0.0276 
0.0559 0.0310 0.0748 0.0001 0.0026 0.0364 0.0083 0.0270 0.0058 0.0006 0.2023 0.0270 0.4900 0.0286 0.0021 0.0078 
0.0287 0.0474 0.0369 0.0001 0.0003 0.0133 0.0011 0.0107 0.0013 0.0003 0.0133 0.3794 0.4431 0.0093 0.0027 0.0123 
0.0446 0.0270 0.0195 0.0002 0.0001 0.0197 0.0107 0.0228 0.0032 0.0001 0.0441 0.0112 0.6760 0.0312 0.0185 0.0714 
0.0742 0.0358 0.0329 0.0011 0.0008 0.0401 0.0073 0.0332 0.0016 0.0001 0.0560 0.0393 0.5782 0.0377 0.0367 0.0252 
0.0756 0.0591 0.0335 0.0026 0.0014 0.0318 0.0032 0.0340 0.0006 0.0001 0.0412 0.0502 0.6088 0.0332 0.0099 0.0149 
0.0661 0.0331 0.0050 0.0069 0.0010 0.0688 0.0097 0.0358 0.0037 0.0001 0.0358 0.0153 0.6309 0.0396 0.0086 0.0399 
0.0760 0.0824 0.0339 0.0011 0.0008 0.0621 0.0163 0.0455 0.0010 0.0001 0.0545 0.0061 0.5276 0.0414 0.0133 0.0383 
0.0955 0.1353 0.1230 0.0035 0.0008 0.0495 0.0165 0.0519 0.0077 0.0016 0.0708 0.0244 0.2657 0.0484 0.0203 0.0850 
0.0825 0.0407 0.1470 0.0008 0.0238 0.1063 0.1365 0.0398 0.0112 0.0006 0.0420 0.0390 0.1163 0.0869 0.0112 0.1154 
0.1206 0.0832 0.1443 0.0035 0.0053 0.0684 0.0125 0.1345 0.0002 0.0010 0.2178 0.0198 0.0717 0.0697 0.0259 0.0217 
0.0883 0.3788 0.0623 0.0062 0.0008 0.0540 0.0110 0.0492 0.0441 0.0043 0.0540 0.0821 0.0727 0.0367 0.0075 0.0479 
0.2003 0.0626 0.3218 0.0565 0.0021 0.0430 0.0190 0.0465 0.0029 0.0011 0.0492 0.0136 0.0355 0.0450 0.0260 0.0749 
0.0347 0.0267 0.6180 0.1297 0.0024 0.0275 0.0166 0.0190 0.0010 0.0001 0.0262 0.0131 0.0286 0.0203 0.0045 0.0319 
0.1104 0.0787 0.0977 0.1874 0.0088 0.2349 0.0011 0.0618 0.0008 0.0062 0.0733 0.0101 0.0476 0.0564 0.0128 0.0120 
0.0794 0.0810 0.0085 0.0067 0.0097 0.4896 0.0018 0.0588 0.0042 0.0011 0.1364 0.0315 0.0294 0.0379 0.0054 0.0187 
0.0751 0.0605 0.0043 0.0040 0.0016 0.0403 0.0288 0.0411 0.0109 0.0005 0.5230 0.1304 0.0192 0.0399 0.0053 0.0153 
0.0612 0.0409 0.0222 0.0014 0.0006 0.0399 0.0085 0.0275 0.0396 0.0002 0.0358 0.5893 0.0583 0.0291 0.0189 0.0265 
0.0743 0.1057 0.1065 0.0008 0.0014 0.0668 0.0056 0.0371 0.0019 0.0003 0.0401 0.0203 0.4574 0.0369 0.0109 0.0340 
0.0861 0.1836 0.0550 0.0008 0.0010 0.0467 0.0118 0.0447 0.0006 0.0001 0.0500 0.0032 0.4572 0.0411 0.0037 0.0145 
0.0843 0.2530 0.0799 0.0030 0.0002 0.0462 0.0080 0.0425 0.0128 0.0001 0.0447 0.0142 0.3364 0.0418 0.0278 0.0054 
0.0439 0.0222 0.4312 0.0043 0.0002 0.0188 0.0075 0.0200 0.0027 0.0001 0.0286 0.0048 0.2758 0.0219 0.0136 0.1046 
0.1277 0.0535 0.3826 0.0374 0.0001 0.0508 0.0161 0.0479 0.0006 0.0001 0.0490 0.0089 0.1261 0.0524 0.0061 0.0409 
0.1379 0.0714 0.1441 0.1686 0.0010 0.0834 0.0169 0.0663 0.0019 0.0001 0.0768 0.0030 0.1059 0.0658 0.0222 0.0348 
0.1129 0.0788 0.2781 0.1492 0.0040 0.0658 0.0121 0.0565 0.0003 0.0001 0.0535 0.0147 0.1030 0.0540 0.0035 0.0136 
0.0760 0.0716 0.0359 0.5100 0.0099 0.0648 0.0075 0.0543 0.0101 0.0001 0.0367 0.0091 0.0476 0.0460 0.0056 0.0150 
0.1080 0.0436 0.0181 0.1163 0.0256 0.3594 0.0219 0.0537 0.0831 0.0018 0.0484 0.0046 0.0377 0.0455 0.0149 0.0176 
