0.1407 0.0872 0.1443 0.0442 0.0072 0.0867 0.0136 0.2061 0.0062 0.0117 0.0861 0.0305 0.0458 0.0568 0.0065 0.0263 
0.0979 0.1366 0.1351 0.0403 0.0019 0.0751 0.0081 0.0438 0.1668 0.0319 0.0693 0.0085 0.0305 0.0411 0.0099 0.1032 
0.2530 0.0505 0.1558 0.0486 0.0072 0.0944 0.0089 0.0537 0.0168 0.0013 0.1478 0.0708 0.0264 0.0515 0.0074 0.0061 
0.0713 0.2917 0.2174 0.0820 0.0085 0.0700 0.0018 0.0390 0.0021 0.0005 0.0393 0.0864 0.0371 0.0339 0.0040 0.0152 
0.0578 0.0439 0.0073 0.5297 0.0061 0.1919 0.0086 0.0273 0.0118 0.0006 0.0363 0.0121 0.0219 0.0249 0.0043 0.0153 
0.0661 0.1505 0.4346 0.1241 0.0091 0.0369 0.0070 0.0358 0.0032 0.0006 0.0482 0.0139 0.0246 0.0339 0.0024 0.0091 
0.0606 0.0459 0.0345 0.6041 0.0088 0.0427 0.0048 0.0548 0.0037 0.0018 0.0351 0.0367 0.0259 0.0304 0.0069 0.0035 
0.0797 0.0438 0.0787 0.2322 0.2463 0.0629 0.0442 0.0462 0.0294 0.0010 0.0447 0.0064 0.0201 0.0433 0.0093 0.0118 
0.0968 0.1523 0.1334 0.3101 0.0045 0.0447 0.0019 0.1285 0.0042 0.0005 0.0390 0.0141 0.0187 0.0351 0.0048 0.0115 
0.0556 0.0375 0.1129 0.3953 0.0272 0.0273 0.0029 0.0236 0.1043 0.1126 0.0335 0.0064 0.0139 0.0225 0.0067 0.0177 
0.0904 0.0390 0.1210 0.6128 0.0035 0.0201 0.0008 0.0241 0.0062 0.0002 0.0225 0.0165 0.0182 0.0184 0.0029 0.0034 
0.0554 0.0303 0.0046 0.1881 0.0260 0.5260 0.0021 0.0321 0.0043 0.0216 0.0358 0.0117 0.0219 0.0286 0.0029 0.0086 
0.0709 0.0658 0.0050 0.0872 0.0184 0.0565 0.0019 0.0473 0.0086 0.0026 0.5487 0.0161 0.0312 0.0335 0.0029 0.0034 
0.0794 0.0604 0.0081 0.0473 0.0533 0.0561 0.0937 0.0422 0.0323 0.0046 0.0564 0.3250 0.0227 0.1003 0.0141 0.0043 
0.0534 0.0384 0.1190 0.0206 0.0046 0.0376 0.0070 0.0841 0.0058 0.0053 0.0336 0.0153 0.0267 0.0275 0.4725 0.0487 
0.0692 0.0724 0.0444 0.0259 0.0040 0.0521 0.0037 0.0380 0.2199 0.0153 0.0449 0.0086 0.0326 0.0350 0.0136 0.3204 
0.4025 0.0598 0.0885 0.0868 0.0081 0.0724 0.0147 0.0594 0.0048 0.0026 0.0628 0.0222 0.0377 0.0539 0.0118 0.0120 
0.0890 0.1018 0.3626 0.0486 0.0110 0.1343 0.0126 0.0497 0.0105 0.0013 0.0620 0.0133 0.0203 0.0495 0.0129 0.0206 
0.1107 0.0747 0.0081 0.1900 0.1183 0.0858 0.0592 0.0580 0.0172 0.0022 0.1244 0.0263 0.0158 0.0805 0.0169 0.0117 
0.1158 0.1403 0.1519 0.0601 0.0056 0.0783 0.0038 0.1229 0.0064 0.0037 0.0724 0.0836 0.0243 0.0594 0.0530 0.0185 
0.0984 0.0631 0.1370 0.0864 0.0059 0.0469 0.0026 0.0351 0.1447 0.0463 0.0377 0.0160 0.0305 0.0396 0.0121 0.1977 
0.1289 0.0447 0.4542 0.1813 0.0027 0.0407 0.0043 0.0251 0.0034 0.0005 0.0363 0.0107 0.0324 0.0251 0.0030 0.0067 
0.0843 0.0402 0.0214 0.0393 0.0064 0.5732 0.0022 0.0404 0.0013 0.0185 0.0661 0.0337 0.0273 0.0395 0.0038 0.0022 
0.0655 0.0345 0.0037 0.0815 0.0070 0.0332 0.0002 0.0377 0.0010 0.0040 0.5804 0.0904 0.0251 0.0321 0.0005 0.0034 
0.0465 0.0345 0.0002 0.0500 0.0019 0.0283 0.0018 0.0238 0.0034 0.0003 0.0276 0.7152 0.0406 0.0225 0.0027 0.0008 
0.0514 0.0251 0.0056 0.0053 0.0026 0.0284 0.0026 0.0260 0.0027 0.0005 0.0495 0.0088 0.7545 0.0259 0.0056 0.0056 
0.0522 0.0292 0.0026 0.0021 0.0016 0.0254 0.0011 0.0271 0.0005 0.0001 0.0246 0.0503 0.7517 0.0248 0.0024 0.0046 
0.0559 0.0260 0.0008 0.0065 0.0011 0.0404 0.0029 0.0289 0.0034 0.0002 0.0307 0.0034 0.7664 0.0281 0.0030 0.0024 
0.0514 0.0427 0.0053 0.0006 0.0003 0.0294 0.0038 0.0262 0.0026 0.0001 0.0268 0.0070 0.7567 0.0286 0.0030 0.0157 
0.0541 0.0280 0.0110 0.0016 0.0003 0.0284 0.0064 0.0262 0.0002 0.0002 0.0287 0.0067 0.7698 0.0273 0.0059 0.0051 
0.0518 0.0390 0.0280 0.0002 0.0005 0.0243 0.0026 0.0251 0.0006 0.0001 0.0270 0.0034 0.7551 0.0267 0.0038 0.0121 
0.0527 0.0268 0.0097 0.0110 0.0006 0.0259 0.0056 0.0251 0.0016 0.0001 0.0312 0.0045 0.6731 0.0864 0.0078 0.0380 
0.0530 0.0270 0.0775 0.0051 0.0006 0.0267 0.0048 0.0281 0.0003 0.0001 0.0305 0.0177 0.5668 0.0304 0.1288 0.0029 
0.0623 0.0371 0.0402 0.0257 0.0011 0.0297 0.0057 0.0300 0.0069 0.0001 0.0319 0.0026 0.3704 0.0292 0.0137 0.3134 
0.1789 0.0599 0.0518 0.1016 0.0040 0.0756 0.0251 0.0588 0.0024 0.0001 0.0566 0.0067 0.2521 0.0724 0.0064 0.0478 
0.0788 0.0642 0.0193 0.0048 0.0051 0.4353 0.0056 0.0406 0.0003 0.0014 0.0411 0.0029 0.2415 0.0388 0.0097 0.0105 
0.0799 0.0784 0.0308 0.0177 0.0037 0.0404 0.0018 0.0459 0.0035 0.0013 0.5320 0.0109 0.0700 0.0444 0.0048 0.0345 
0.0607 0.0353 0.0681 0.0326 0.0029 0.0316 0.0040 0.0294 0.0134 0.0002 0.0382 0.6236 0.0241 0.0283 0.0042 0.0035 
0.0840 0.0417 0.0747 0.0185 0.0042 0.0944 0.0053 0.0383 0.0062 0.0005 0.0449 0.0208 0.4274 0.0393 0.0085 0.0914 
0.0840 0.0728 0.2068 0.0605 0.0064 0.0449 0.0264 0.0479 0.0018 0.0002 0.0632 0.0107 0.2976 0.0462 0.0113 0.0193 
0.1224 0.0752 0.2083 0.0572 0.0161 0.0936 0.0244 0.0625 0.0013 0.0010 0.0599 0.0407 0.1203 0.0612 0.0227 0.0332 
0.1544 0.0717 0.0233 0.0313 0.0080 0.1976 0.0155 0.0802 0.0163 0.0030 0.1557 0.0126 0.0803 0.1030 0.0077 0.0393 
0.0947 0.0581 0.0184 0.0238 0.0030 0.0553 0.0019 0.0506 0.0059 0.0027 0.4935 0.0626 0.0613 0.0468 0.0134 0.0078 
0.0746 0.0558 0.0181 0.0230 0.0029 0.0519 0.0021 0.0329 0.0054 0.0064 0.0366 0.5780 0.0489 0.0310 0.0016 0.0310 
0.0714 0.0422 0.0644 0.0161 0.0016 0.0475 0.0059 0.0356 0.0026 0.0003 0.0382 0.0054 0.6161 0.0347 0.0066 0.0115 
0.0680 0.0391 0.0586 0.0289 0.0019 0.0543 0.0026 0.0331 0.0024 0.0002 0.0629 0.0094 0.5954 0.0337 0.0030 0.0064 
0.0716 0.0527 0.0158 0.0553 0.0013 0.0439 0.0022 0.0342 0.0010 0.0001 0.0380 0.0719 0.5752 0.0329 0.0026 0.0016 
0.0612 0.0299 0.0101 0.1393 0.0018 0.0355 0.0056 0.0297 0.0019 0.0001 0.0337 0.0078 0.6068 0.0294 0.0026 0.0051 
0.0551 0.0300 0.0126 0.0433 0.0026 0.0655 0.0016 0.0278 0.0001 0.0001 0.0281 0.0053 0.6942 0.0267 0.0048 0.0026 
0.0572 0.0482 0.0069 0.0356 0.0011 0.0291 0.0018 0.0297 0.0003 0.0001 0.0289 0.0038 0.7256 0.0275 0.0011 0.0034 
0.0556 0.0287 0.0042 0.0719 0.0016 0.0280 0.0022 0.0286 0.0048 0.0001 0.0289 0.0027 0.7093 0.0265 0.0053 0.0019 
0.0558 0.0361 0.0310 0.0129 0.0021 0.0336 0.0048 0.0294 0.0030 0.0001 0.0344 0.0048 0.7127 0.0281 0.0058 0.0058 
0.0575 0.0466 0.0315 0.0466 0.0040 0.0340 0.0093 0.0289 0.0008 0.0001 0.0310 0.0097 0.6548 0.0292 0.0016 0.0145 
0.0644 0.0355 0.0149 0.0080 0.0091 0.0714 0.0030 0.0318 0.0010 0.0003 0.0407 0.0056 0.6505 0.0525 0.0053 0.0061 
0.0569 0.0339 0.0200 0.0027 0.0391 0.0385 0.0289 0.0340 0.0026 0.0013 0.1174 0.0200 0.0401 0.5234 0.0057 0.0356 
0.0249 0.0193 0.0299 0.0064 0.0131 0.0113 0.1283 0.0180 0.0069 0.0005 0.0195 0.0291 0.0251 0.0639 0.5910 0.0129 
0.0356 0.0219 0.0583 0.0163 0.0014 0.0144 0.0051 0.0230 0.0109 0.0280 0.0160 0.0054 0.0201 0.0145 0.1460 0.5831 
0.3576 0.0308 0.0187 0.0064 0.0067 0.0743 0.0032 0.0313 0.0184 0.2190 0.0347 0.0120 0.0486 0.0303 0.0188 0.0893 
0.1051 0.0776 0.0679 0.0112 0.0161 0.0989 0.0027 0.0510 0.0027 0.0027 0.4060 0.0179 0.0842 0.0479 0.0021 0.0059 
0.0783 0.0490 0.0145 0.0671 0.0048 0.0800 0.0038 0.0559 0.0137 0.0014 0.1082 0.4381 0.0422 0.0369 0.0027 0.0032 
0.0844 0.0468 0.0620 0.0757 0.0026 0.0486 0.0037 0.0439 0.0161 0.0005 0.0845 0.0757 0.3896 0.0404 0.0091 0.0163 
0.0727 0.0374 0.0655 0.1286 0.0048 0.0495 0.0101 0.0348 0.0024 0.0003 0.0375 0.0736 0.4282 0.0350 0.0091 0.0105 
0.0527 0.0345 0.0492 0.0904 0.0115 0.0625 0.0069 0.0280 0.0024 0.0005 0.0304 0.0102 0.5661 0.0324 0.0072 0.0152 
0.0617 0.0296 0.0227 0.0845 0.0069 0.0639 0.0030 0.0372 0.0037 0.0005 0.0417 0.0141 0.5776 0.0307 0.0107 0.0117 
0.0821 0.0645 0.0273 0.0575 0.0101 0.0558 0.0141 0.0466 0.0193 0.0045 0.0657 0.0310 0.4395 0.0458 0.0099 0.0264 
0.0893 0.0463 0.0467 0.0623 0.0101 0.0578 0.0385 0.0435 0.0069 0.0005 0.0467 0.0332 0.4519 0.0433 0.0107 0.0123 
0.0784 0.0459 0.0949 0.0521 0.0045 0.0649 0.0195 0.0425 0.0091 0.0018 0.0489 0.0232 0.4327 0.0420 0.0190 0.0208 
0.1212 0.0872 0.0575 0.1345 0.0093 0.0633 0.0174 0.0580 0.0225 0.0051 0.0685 0.0288 0.1760 0.0727 0.0105 0.0674 
0.0994 0.0511 0.2245 0.1893 0.0077 0.0564 0.0112 0.0494 0.0073 0.0014 0.0503 0.0284 0.1200 0.0483 0.0297 0.0256 
0.0812 0.0398 0.2206 0.1502 0.0142 0.0880 0.0228 0.0404 0.0073 0.0228 0.0510 0.0193 0.1629 0.0433 0.0053 0.0308 
0.1332 0.0800 0.0514 0.1615 0.0214 0.1177 0.0080 0.0708 0.0110 0.0046 0.1129 0.0449 0.1000 0.0679 0.0059 0.0088 
0.1041 0.1680 0.0387 0.2159 0.0246 0.0660 0.0158 0.0581 0.0350 0.0046 0.0717 0.0473 0.0626 0.0578 0.0113 0.0184 
0.1137 0.0687 0.1271 0.2100 0.0134 0.1001 0.0053 0.0671 0.0214 0.0093 0.0612 0.0327 0.0768 0.0556 0.0078 0.0299 
0.1189 0.1067 0.1705 0.1806 0.0091 0.0684 0.0051 0.0553 0.0356 0.0050 0.0682 0.0243 0.0722 0.0524 0.0048 0.0229 
0.0776 0.0540 0.0730 0.4815 0.0173 0.0446 0.0153 0.0364 0.0088 0.0024 0.0422 0.0236 0.0741 0.0359 0.0038 0.0093 
0.0374 0.0268 0.2432 0.5215 0.0037 0.0379 0.0046 0.0193 0.0070 0.0008 0.0182 0.0081 0.0353 0.0166 0.0110 0.0085 
0.0492 0.0631 0.0626 0.4197 0.0165 0.2161 0.0069 0.0208 0.0117 0.0093 0.0227 0.0102 0.0484 0.0209 0.0061 0.0158 
0.0909 0.0673 0.0243 0.1018 0.1371 0.2347 0.0249 0.0498 0.0030 0.0072 0.1458 0.0144 0.0474 0.0442 0.0032 0.0040 
0.1016 0.1037 0.0465 0.1083 0.0081 0.0839 0.0032 0.1363 0.0065 0.0080 0.1840 0.0954 0.0503 0.0495 0.0059 0.0088 
0.0915 0.0711 0.0208 0.1181 0.0051 0.0711 0.0027 0.0511 0.0307 0.0634 0.0593 0.1820 0.1652 0.0443 0.0112 0.0125 
0.1198 0.0543 0.0198 0.0254 0.0895 0.0947 0.0561 0.0601 0.0030 0.0018 0.0874 0.0407 0.2821 0.0532 0.0088 0.0034 
0.0997 0.0545 0.0391 0.0204 0.0077 0.0561 0.0073 0.0898 0.0008 0.0005 0.1002 0.0510 0.4123 0.0505 0.0024 0.0078 
0.0486 0.0235 0.0051 0.0149 0.0027 0.0418 0.0006 0.0257 0.0248 0.0455 0.0351 0.1378 0.5654 0.0214 0.0030 0.0040 
0.0767 0.0478 0.0062 0.0099 0.0061 0.0355 0.0014 0.0328 0.0075 0.0027 0.0359 0.0147 0.6752 0.0305 0.0105 0.0066 
0.0663 0.0334 0.0043 0.0053 0.0227 0.0377 0.0115 0.0332 0.0002 0.0018 0.0396 0.0109 0.6859 0.0340 0.0078 0.0054 
0.0623 0.0315 0.0219 0.0061 0.0040 0.0321 0.0016 0.0463 0.0003 0.0006 0.0483 0.0193 0.6785 0.0371 0.0024 0.0077 
0.0468 0.0256 0.0018 0.0046 0.0022 0.0344 0.0032 0.0248 0.0220 0.0008 0.0240 0.0681 0.7103 0.0224 0.0037 0.0054 
0.0636 0.0273 0.0051 0.0075 0.0011 0.0243 0.0024 0.0310 0.0026 0.0008 0.0355 0.0030 0.7468 0.0286 0.0081 0.0123 
0.0621 0.0272 0.0264 0.0168 0.0014 0.0238 0.0045 0.0248 0.0022 0.0001 0.0240 0.0179 0.7222 0.0270 0.0109 0.0091 
0.0550 0.0254 0.0203 0.0286 0.0035 0.0308 0.0069 0.0240 0.0019 0.0001 0.0249 0.0016 0.7372 0.0243 0.0035 0.0121 
0.0450 0.0235 0.0094 0.0607 0.0014 0.0530 0.0002 0.0259 0.0006 0.0006 0.0276 0.0035 0.7109 0.0256 0.0014 0.0105 
0.0564 0.0516 0.0126 0.0335 0.0030 0.0313 0.0016 0.0268 0.0032 0.0008 0.0303 0.0094 0.6930 0.0332 0.0057 0.0073 
0.0607 0.0403 0.0422 0.0745 0.0027 0.0398 0.0021 0.0316 0.0014 0.0001 0.0348 0.0048 0.6050 0.0316 0.0181 0.0105 
0.0609 0.0367 0.0885 0.0807 0.0022 0.0371 0.0046 0.0324 0.0026 0.0001 0.0382 0.0070 0.5470 0.0315 0.0078 0.0230 
0.0727 0.0385 0.0572 0.1786 0.0032 0.0463 0.0073 0.0363 0.0029 0.0001 0.0380 0.0145 0.4402 0.0358 0.0120 0.0165 
0.0840 0.0562 0.0418 0.3033 0.0030 0.0532 0.0121 0.0466 0.0003 0.0001 0.0450 0.0054 0.2801 0.0433 0.0150 0.0105 
0.1163 0.0633 0.0319 0.2963 0.0037 0.1305 0.0150 0.0577 0.0064 0.0002 0.0613 0.0097 0.1179 0.0561 0.0125 0.0212 
0.1280 0.0805 0.0805 0.0545 0.0308 0.1904 0.0414 0.0676 0.0018 0.0024 0.0810 0.0109 0.1122 0.0740 0.0094 0.0347 
0.1407 0.1150 0.0613 0.0327 0.0058 0.1946 0.0058 0.1134 0.0038 0.0065 0.1316 0.0565 0.0396 0.0684 0.0160 0.0081 
0.0939 0.0839 0.0278 0.0085 0.1009 0.0652 0.1450 0.0489 0.0334 0.0235 0.1584 0.0815 0.0316 0.0826 0.0021 0.0129 
0.1393 0.0719 0.0363 0.0350 0.0075 0.0521 0.0037 0.1092 0.0057 0.0010 0.0692 0.0516 0.0292 0.0498 0.3308 0.0078 
0.0670 0.0575 0.0197 0.0310 0.0086 0.0951 0.0281 0.0368 0.1160 0.1131 0.0391 0.0297 0.0737 0.0404 0.0093 0.2349 
0.3527 0.0669 0.0438 0.0831 0.0072 0.0626 0.0059 0.0784 0.0010 0.0030 0.1097 0.0152 0.0775 0.0632 0.0121 0.0177 
0.0975 0.0567 0.1085 0.0337 0.0075 0.2956 0.0284 0.0548 0.0537 0.0059 0.0609 0.0554 0.0642 0.0495 0.0134 0.0142 
0.1204 0.0710 0.0272 0.0922 0.0305 0.0769 0.1215 0.0641 0.0224 0.0014 0.0943 0.0457 0.0483 0.1645 0.0046 0.0150 
0.0935 0.0677 0.0596 0.0538 0.0102 0.0518 0.0190 0.0944 0.0088 0.0018 0.0502 0.0810 0.0391 0.0548 0.2947 0.0196 
0.0925 0.0222 0.0363 0.0105 0.0193 0.0712 0.0112 0.0329 0.1636 0.0698 0.0286 0.0075 0.0342 0.0476 0.0051 0.3474 
