0.1267 0.0379 0.1569 0.2275 0.0105 0.1719 0.0094 0.0374 0.0088 0.0018 0.0852 0.0329 0.0471 0.0363 0.0050 0.0046 
0.0947 0.1382 0.1112 0.1519 0.0075 0.1010 0.0021 0.0510 0.0035 0.0010 0.1329 0.0441 0.1043 0.0449 0.0014 0.0104 
0.0789 0.0470 0.0034 0.3888 0.0016 0.0530 0.0061 0.0409 0.0053 0.0037 0.0700 0.0815 0.1768 0.0375 0.0029 0.0027 
0.0925 0.0810 0.0163 0.1731 0.0032 0.0585 0.0082 0.0462 0.0117 0.0001 0.0575 0.0267 0.3709 0.0465 0.0037 0.0040 
0.0575 0.0299 0.0080 0.1664 0.0034 0.0353 0.0032 0.0318 0.0002 0.0002 0.0331 0.0172 0.5810 0.0259 0.0040 0.0032 
0.0719 0.0387 0.0297 0.0436 0.0188 0.0623 0.0032 0.0450 0.0038 0.0001 0.0419 0.0136 0.5712 0.0363 0.0054 0.0145 
0.0612 0.0508 0.0073 0.0147 0.2722 0.0351 0.0248 0.0342 0.0013 0.0005 0.0372 0.0094 0.4030 0.0403 0.0018 0.0062 
0.0909 0.0714 0.0846 0.0356 0.0013 0.0493 0.0034 0.1891 0.0008 0.0005 0.0439 0.0064 0.3492 0.0441 0.0257 0.0038 
0.0853 0.0434 0.0118 0.0350 0.0018 0.0500 0.0027 0.0423 0.1008 0.0492 0.0604 0.0040 0.4487 0.0414 0.0013 0.0220 
0.1667 0.0747 0.0065 0.0265 0.0018 0.0589 0.0018 0.0677 0.0019 0.0003 0.0880 0.0350 0.3825 0.0711 0.0107 0.0059 
0.0930 0.0583 0.0291 0.0385 0.0024 0.0511 0.0069 0.0444 0.0013 0.0001 0.0486 0.0211 0.5433 0.0441 0.0097 0.0085 
0.0823 0.0417 0.0901 0.0313 0.0018 0.1016 0.0022 0.0401 0.0005 0.0001 0.0466 0.0051 0.5061 0.0380 0.0029 0.0097 
0.0724 0.0447 0.0236 0.0506 0.0035 0.0395 0.0006 0.0356 0.0021 0.0008 0.0468 0.0101 0.6308 0.0351 0.0018 0.0019 
0.0463 0.0227 0.0010 0.0206 0.0014 0.1955 0.0018 0.0267 0.0001 0.0005 0.0284 0.0339 0.5952 0.0227 0.0018 0.0016 
0.0452 0.0281 0.0006 0.0035 0.0006 0.0278 0.0013 0.0232 0.0018 0.0001 0.1936 0.0128 0.6281 0.0219 0.0034 0.0083 
0.0294 0.0229 0.0005 0.0096 0.0010 0.0134 0.0018 0.0153 0.0014 0.0002 0.0181 0.3153 0.5507 0.0141 0.0013 0.0053 
0.0578 0.0272 0.0129 0.0013 0.0003 0.0356 0.0030 0.0275 0.0030 0.0001 0.0257 0.0046 0.7476 0.0304 0.0048 0.0184 
0.0498 0.0243 0.0241 0.0005 0.0016 0.0573 0.0008 0.0246 0.0008 0.0001 0.0428 0.0029 0.7347 0.0244 0.0046 0.0067 
0.0539 0.0634 0.0050 0.0005 0.0013 0.0262 0.0008 0.0283 0.0008 0.0001 0.0326 0.0336 0.7218 0.0265 0.0002 0.0053 
0.0573 0.0275 0.0005 0.0078 0.0005 0.0308 0.0026 0.0283 0.0006 0.0003 0.0280 0.0236 0.7547 0.0329 0.0016 0.0030 
0.0513 0.0260 0.0153 0.0002 0.0005 0.0581 0.0008 0.0259 0.0019 0.0001 0.0460 0.0073 0.7312 0.0268 0.0061 0.0027 
0.0518 0.0385 0.0027 0.0019 0.0008 0.0235 0.0022 0.0256 0.0011 0.0001 0.0288 0.0414 0.7471 0.0283 0.0035 0.0030 
0.0585 0.0272 0.0022 0.0112 0.0002 0.0281 0.0046 0.0280 0.0010 0.0001 0.0283 0.0086 0.7590 0.0275 0.0069 0.0091 
0.0524 0.0256 0.0217 0.0005 0.0003 0.0387 0.0059 0.0252 0.0006 0.0001 0.0313 0.0022 0.7534 0.0291 0.0024 0.0109 
0.0541 0.0343 0.0037 0.0018 0.0006 0.0308 0.0042 0.0286 0.0005 0.0002 0.0358 0.0125 0.7611 0.0257 0.0045 0.0018 
0.0310 0.0233 0.0002 0.0051 0.0048 0.0145 0.0399 0.0174 0.0010 0.0001 0.0155 0.0075 0.5136 0.3004 0.0123 0.0137 
0.0292 0.0139 0.0509 0.0018 0.0002 0.0182 0.0043 0.0142 0.0022 0.0001 0.0137 0.0045 0.3863 0.0139 0.4233 0.0235 
0.0612 0.0243 0.0604 0.0011 0.0005 0.0219 0.0072 0.0214 0.0040 0.0296 0.0407 0.0022 0.3092 0.0256 0.0059 0.3849 
0.1524 0.0728 0.0449 0.0018 0.0042 0.1260 0.0099 0.0591 0.0019 0.0005 0.0720 0.0810 0.2619 0.0585 0.0426 0.0105 
0.1442 0.0806 0.0404 0.0051 0.0008 0.1565 0.0070 0.0747 0.0011 0.0024 0.1461 0.0225 0.1528 0.0717 0.0104 0.0835 
0.0936 0.1495 0.3050 0.0059 0.0013 0.0367 0.0037 0.0377 0.0065 0.0001 0.0944 0.1168 0.0837 0.0382 0.0043 0.0227 
0.0965 0.0425 0.0037 0.0010 0.0032 0.3912 0.0072 0.0428 0.0005 0.0005 0.0430 0.1284 0.1894 0.0410 0.0038 0.0054 
0.0703 0.0353 0.0257 0.0008 0.0002 0.0350 0.0005 0.0426 0.0021 0.0002 0.5347 0.0035 0.2009 0.0355 0.0011 0.0117 
0.0476 0.0455 0.0040 0.0038 0.0008 0.0211 0.0034 0.0216 0.0048 0.0008 0.0225 0.6939 0.0938 0.0300 0.0010 0.0054 
0.0632 0.0287 0.0160 0.0043 0.0014 0.0332 0.0024 0.0295 0.0010 0.0002 0.0313 0.0022 0.7422 0.0316 0.0094 0.0032 
0.0548 0.0286 0.0351 0.0021 0.0016 0.0292 0.0018 0.0281 0.0008 0.0001 0.0492 0.0104 0.7062 0.0286 0.0091 0.0145 
0.0586 0.0312 0.0030 0.0026 0.0019 0.0358 0.0038 0.0313 0.0008 0.0001 0.0296 0.0585 0.7042 0.0280 0.0048 0.0061 
0.0612 0.0344 0.0037 0.0014 0.0006 0.0693 0.0038 0.0305 0.0029 0.0001 0.0377 0.0016 0.7159 0.0268 0.0029 0.0073 
0.0591 0.0471 0.0436 0.0008 0.0024 0.0302 0.0096 0.0296 0.0024 0.0003 0.0342 0.0104 0.6960 0.0283 0.0024 0.0037 
0.0950 0.0530 0.0605 0.0018 0.0134 0.0454 0.0712 0.0476 0.0010 0.0003 0.0497 0.0113 0.2129 0.3272 0.0040 0.0056 
0.0559 0.0278 0.0885 0.0089 0.0002 0.0260 0.0011 0.0358 0.0008 0.0001 0.0347 0.0029 0.1735 0.0270 0.5061 0.0109 
0.0551 0.0270 0.0214 0.0057 0.0013 0.0289 0.0005 0.0278 0.0075 0.0198 0.0297 0.0102 0.3979 0.0273 0.0026 0.3373 
0.2573 0.0484 0.0026 0.0075 0.0024 0.0564 0.0011 0.0425 0.0010 0.0001 0.0518 0.0035 0.4802 0.0427 0.0014 0.0014 
0.1113 0.0751 0.0185 0.0115 0.0010 0.1035 0.0032 0.0559 0.0045 0.0001 0.0639 0.0102 0.4711 0.0551 0.0050 0.0102 
0.0978 0.0537 0.0104 0.0361 0.0005 0.0859 0.0014 0.0497 0.0008 0.0001 0.0701 0.0096 0.5270 0.0489 0.0034 0.0050 
0.0829 0.0674 0.0415 0.0096 0.0011 0.0390 0.0016 0.0399 0.0006 0.0001 0.0433 0.0323 0.5919 0.0407 0.0043 0.0040 
0.0601 0.0276 0.0192 0.0094 0.0008 0.0743 0.0029 0.0296 0.0001 0.0001 0.0335 0.0059 0.7018 0.0278 0.0062 0.0011 
0.0419 0.1807 0.0246 0.0010 0.0010 0.0359 0.0032 0.0217 0.0008 0.0001 0.0243 0.0120 0.6030 0.0232 0.0030 0.0240 
0.0630 0.0601 0.0062 0.0391 0.0030 0.0280 0.0091 0.0288 0.0011 0.0001 0.0360 0.0128 0.6472 0.0294 0.0203 0.0161 
0.0702 0.0352 0.2028 0.0452 0.0080 0.0344 0.0519 0.0339 0.0034 0.0001 0.0340 0.0042 0.1128 0.1194 0.0070 0.2379 
0.1048 0.0348 0.3567 0.0137 0.0024 0.0826 0.0083 0.0441 0.0026 0.0006 0.0340 0.0075 0.1604 0.0358 0.0947 0.0169 
0.0786 0.1318 0.0356 0.0118 0.0343 0.0931 0.0096 0.0442 0.0056 0.0248 0.0867 0.0113 0.2830 0.0390 0.0010 0.1096 
0.1457 0.1374 0.0021 0.1642 0.0024 0.0622 0.0030 0.0569 0.0155 0.0001 0.1396 0.0281 0.1740 0.0510 0.0112 0.0067 
0.0545 0.0524 0.4828 0.0495 0.0018 0.0268 0.0126 0.0272 0.0976 0.0006 0.0254 0.0486 0.0478 0.0256 0.0153 0.0316 
0.0732 0.0438 0.5426 0.0888 0.0121 0.0682 0.0113 0.0377 0.0011 0.0006 0.0363 0.0064 0.0267 0.0351 0.0021 0.0141 
0.1112 0.1407 0.2621 0.1575 0.0077 0.0751 0.0014 0.0610 0.0058 0.0013 0.0797 0.0045 0.0196 0.0562 0.0080 0.0081 
0.0799 0.0617 0.0559 0.5404 0.0034 0.0471 0.0048 0.0409 0.0126 0.0005 0.0601 0.0342 0.0150 0.0364 0.0018 0.0054 
0.1192 0.1118 0.0315 0.0883 0.0113 0.3994 0.0016 0.0561 0.0056 0.0008 0.0605 0.0176 0.0304 0.0538 0.0091 0.0030 
0.1131 0.0529 0.0118 0.0729 0.0080 0.1070 0.0019 0.0586 0.0042 0.0005 0.4291 0.0165 0.0614 0.0500 0.0010 0.0112 
0.0805 0.0529 0.0107 0.0355 0.0034 0.0363 0.0021 0.0383 0.0077 0.0011 0.0548 0.5639 0.0709 0.0363 0.0029 0.0029 
0.0743 0.0485 0.0067 0.1838 0.0008 0.0335 0.0042 0.0350 0.0279 0.0002 0.0355 0.0093 0.4615 0.0353 0.0195 0.0241 
0.1090 0.0583 0.1181 0.1283 0.0006 0.0542 0.0077 0.0479 0.0097 0.0001 0.0473 0.0011 0.3336 0.0503 0.0054 0.0284 
0.1123 0.0554 0.2486 0.1408 0.0013 0.0620 0.0042 0.0526 0.0002 0.0003 0.0516 0.0001 0.2063 0.0521 0.0046 0.0081 
0.1110 0.0942 0.0121 0.2448 0.0018 0.0782 0.0022 0.0565 0.0002 0.0001 0.0588 0.0013 0.2787 0.0549 0.0027 0.0027 
0.0740 0.0602 0.0094 0.4179 0.0048 0.0550 0.0008 0.0364 0.0021 0.0001 0.0407 0.0043 0.2554 0.0350 0.0035 0.0006 
0.0877 0.0617 0.0160 0.4378 0.0059 0.0444 0.0024 0.0467 0.0003 0.0001 0.0529 0.0083 0.1842 0.0436 0.0022 0.0061 
0.0896 0.0479 0.0240 0.4131 0.0639 0.0497 0.0069 0.0483 0.0014 0.0001 0.0507 0.0153 0.1392 0.0475 0.0013 0.0014 
0.1029 0.0553 0.0128 0.4312 0.0027 0.0736 0.0008 0.0765 0.0008 0.0002 0.0604 0.0042 0.1206 0.0500 0.0050 0.0032 
0.1320 0.0861 0.0042 0.0604 0.0243 0.1131 0.0059 0.0652 0.1217 0.0304 0.0935 0.0310 0.1353 0.0732 0.0070 0.0168 
0.1104 0.0586 0.0026 0.0123 0.1083 0.0757 0.0466 0.0572 0.0003 0.0005 0.1173 0.0256 0.0404 0.3300 0.0069 0.0073 
0.0575 0.0824 0.0190 0.0126 0.0018 0.0272 0.0061 0.1878 0.0011 0.0005 0.0364 0.0067 0.0439 0.0281 0.4721 0.0168 
0.0751 0.0391 0.0145 0.0249 0.0014 0.0486 0.0021 0.0391 0.1155 0.0097 0.0500 0.0319 0.0847 0.0369 0.0073 0.4190 
0.4497 0.0617 0.0348 0.0067 0.0026 0.0704 0.0056 0.0626 0.0029 0.0005 0.0789 0.0466 0.0748 0.0604 0.0121 0.0297 
0.1115 0.0863 0.2750 0.0075 0.0104 0.0957 0.0468 0.0510 0.0035 0.0010 0.0572 0.0294 0.1366 0.0577 0.0045 0.0260 
0.1463 0.1970 0.0805 0.0137 0.0051 0.1515 0.0043 0.0784 0.0011 0.0008 0.0799 0.0179 0.1128 0.0674 0.0181 0.0251 
0.0751 0.1705 0.2434 0.0890 0.0003 0.0344 0.0066 0.0382 0.0088 0.0002 0.0719 0.0083 0.0205 0.0387 0.0131 0.1812 
0.0591 0.0232 0.5753 0.1538 0.0014 0.0203 0.0050 0.0208 0.0051 0.0001 0.0225 0.0636 0.0128 0.0212 0.0093 0.0067 
0.0898 0.0452 0.0450 0.0323 0.0062 0.5914 0.0032 0.0471 0.0001 0.0008 0.0462 0.0056 0.0275 0.0438 0.0067 0.0093 
0.0795 0.0418 0.0018 0.0188 0.0126 0.1052 0.0003 0.0444 0.0026 0.0002 0.6167 0.0109 0.0184 0.0391 0.0027 0.0050 
0.0430 0.0958 0.0008 0.0217 0.0026 0.0265 0.0014 0.0222 0.0051 0.0018 0.0315 0.7076 0.0172 0.0208 0.0003 0.0018 
0.0518 0.0291 0.0050 0.0120 0.0024 0.0320 0.0069 0.0265 0.0029 0.0002 0.0300 0.0192 0.7317 0.0254 0.0043 0.0208 
0.0482 0.0267 0.0374 0.0011 0.0019 0.0312 0.0069 0.0248 0.0006 0.0001 0.0366 0.0105 0.7438 0.0236 0.0037 0.0032 
0.0410 0.1142 0.0081 0.0034 0.0016 0.0228 0.0048 0.0222 0.0019 0.0002 0.0220 0.0212 0.7045 0.0204 0.0014 0.0101 
0.0696 0.0244 0.0034 0.0235 0.0006 0.0278 0.0021 0.0286 0.0013 0.0001 0.0299 0.0072 0.7429 0.0244 0.0038 0.0107 
0.0444 0.0240 0.0798 0.0013 0.0013 0.0279 0.0029 0.0225 0.0050 0.0008 0.0265 0.0152 0.7154 0.0219 0.0014 0.0097 
0.0577 0.0273 0.0011 0.0042 0.0043 0.0411 0.0030 0.0276 0.0001 0.0006 0.0465 0.0054 0.7469 0.0307 0.0013 0.0024 
0.0500 0.0312 0.0037 0.0011 0.0013 0.0248 0.0006 0.0252 0.0010 0.0001 0.0457 0.0409 0.7404 0.0307 0.0026 0.0011 
0.0502 0.0246 0.0003 0.0051 0.0013 0.0321 0.0008 0.0260 0.0018 0.0037 0.0270 0.0410 0.7483 0.0289 0.0034 0.0056 
0.0542 0.0289 0.0014 0.0001 0.0005 0.0356 0.0029 0.0289 0.0006 0.0001 0.0281 0.0042 0.7693 0.0278 0.0088 0.0089 
0.0529 0.0347 0.0032 0.0002 0.0008 0.0294 0.0075 0.0262 0.0003 0.0001 0.0316 0.0064 0.7665 0.0265 0.0026 0.0115 
0.0590 0.0284 0.0230 0.0002 0.0002 0.0256 0.0022 0.0270 0.0002 0.0001 0.0272 0.0099 0.7597 0.0281 0.0034 0.0062 
0.0489 0.0249 0.0120 0.0008 0.0001 0.0238 0.0081 0.0238 0.0019 0.0001 0.0272 0.0054 0.7376 0.0289 0.0080 0.0489 
0.0525 0.0254 0.0460 0.0038 0.0014 0.0220 0.0099 0.0233 0.0001 0.0001 0.0276 0.0061 0.7362 0.0246 0.0115 0.0097 
0.0459 0.0254 0.0524 0.0021 0.0005 0.0783 0.0064 0.0220 0.0003 0.0001 0.0227 0.0043 0.6084 0.0484 0.0048 0.0783 
0.0882 0.0467 0.0328 0.0064 0.0021 0.0529 0.0046 0.0406 0.0011 0.0022 0.0933 0.0062 0.4714 0.0852 0.0305 0.0358 
0.0783 0.0709 0.0558 0.0246 0.0038 0.0526 0.0043 0.0404 0.0010 0.0006 0.0454 0.0669 0.3350 0.0439 0.0920 0.0845 
0.0714 0.0369 0.0395 0.0398 0.0040 0.0658 0.0366 0.0366 0.0014 0.0013 0.0703 0.0094 0.4479 0.0407 0.0099 0.0885 
0.0666 0.0359 0.0395 0.0233 0.0056 0.0467 0.0022 0.0340 0.0014 0.0040 0.1304 0.1110 0.4579 0.0318 0.0024 0.0072 
0.0796 0.0641 0.0037 0.0299 0.0067 0.1021 0.0061 0.0412 0.0059 0.0026 0.0604 0.2788 0.2688 0.0372 0.0042 0.0089 
0.0551 0.0323 0.0078 0.0233 0.0011 0.0479 0.0069 0.0286 0.0006 0.0001 0.0653 0.0224 0.6725 0.0267 0.0024 0.0072 
0.0454 0.0513 0.0176 0.0032 0.0027 0.0780 0.0030 0.0225 0.0024 0.0008 0.0275 0.0503 0.6643 0.0214 0.0024 0.0072 
0.0513 0.0650 0.0129 0.0091 0.0011 0.0225 0.0032 0.0254 0.0005 0.0001 0.0304 0.0131 0.7359 0.0227 0.0029 0.0040 
0.0449 0.0244 0.0471 0.0147 0.0002 0.0244 0.0166 0.0236 0.0045 0.0001 0.0247 0.0099 0.7136 0.0275 0.0053 0.0188 
0.0379 0.0198 0.1187 0.0112 0.0006 0.0527 0.0032 0.0176 0.0006 0.0001 0.0230 0.0038 0.6776 0.0184 0.0059 0.0091 
0.0524 0.0420 0.0479 0.0161 0.0024 0.0227 0.0022 0.0240 0.0003 0.0001 0.0388 0.0115 0.6776 0.0249 0.0131 0.0240 
0.0780 0.0454 0.0185 0.0141 0.0193 0.0538 0.0142 0.0391 0.0011 0.0003 0.0455 0.0283 0.0411 0.5711 0.0038 0.0264 
0.0466 0.0270 0.0610 0.0113 0.0019 0.0297 0.0027 0.0295 0.0013 0.0001 0.0395 0.0022 0.0257 0.0287 0.6731 0.0196 
0.0525 0.0393 0.0551 0.0168 0.0037 0.0471 0.0024 0.0295 0.0035 0.0104 0.0455 0.0537 0.0556 0.0268 0.0019 0.5561 
0.4788 0.0676 0.0304 0.0216 0.0080 0.0649 0.0056 0.0645 0.0018 0.0003 0.0673 0.0286 0.0559 0.0593 0.0102 0.0355 
0.0753 0.0612 0.5215 0.0374 0.0110 0.0606 0.0265 0.0403 0.0034 0.0006 0.0513 0.0101 0.0481 0.0382 0.0051 0.0096 
0.0903 0.0607 0.0046 0.0160 0.0091 0.5634 0.0050 0.0529 0.0008 0.0024 0.0658 0.0196 0.0505 0.0450 0.0062 0.0077 
0.0949 0.0479 0.0240 0.0048 0.0016 0.0540 0.0016 0.0492 0.0048 0.0053 0.5951 0.0334 0.0262 0.0435 0.0018 0.0120 
0.0554 0.0391 0.0086 0.0024 0.0018 0.0310 0.0002 0.0276 0.0040 0.0022 0.0476 0.7272 0.0212 0.0275 0.0019 0.0022 
0.0551 0.0291 0.0046 0.0030 0.0022 0.0355 0.0037 0.0273 0.0006 0.0003 0.0484 0.0498 0.7044 0.0292 0.0027 0.0040 
0.0516 0.0276 0.0018 0.0022 0.0013 0.0369 0.0014 0.0246 0.0010 0.0001 0.0401 0.0434 0.7254 0.0305 0.0061 0.0062 
0.0524 0.0265 0.0038 0.0018 0.0016 0.0286 0.0019 0.0249 0.0022 0.0002 0.0283 0.0431 0.7517 0.0268 0.0024 0.0037 
0.0547 0.0275 0.0062 0.0013 0.0019 0.0344 0.0019 0.0291 0.0005 0.0002 0.0275 0.0128 0.7617 0.0283 0.0037 0.0085 
0.0554 0.0275 0.0040 0.0011 0.0008 0.0385 0.0040 0.0284 0.0005 0.0001 0.0305 0.0053 0.7706 0.0280 0.0019 0.0035 
0.0561 0.0321 0.0040 0.0003 0.0003 0.0270 0.0022 0.0273 0.0010 0.0001 0.0324 0.0113 0.7729 0.0283 0.0019 0.0029 
0.0572 0.0280 0.0008 0.0013 0.0003 0.0299 0.0016 0.0270 0.0006 0.0001 0.0300 0.0113 0.7754 0.0299 0.0027 0.0042 
0.0538 0.0265 0.0059 0.0001 0.0003 0.0297 0.0022 0.0276 0.0003 0.0001 0.0319 0.0058 0.7708 0.0288 0.0093 0.0072 
0.0522 0.0276 0.0013 0.0001 0.0010 0.0406 0.0085 0.0256 0.0001 0.0001 0.0304 0.0094 0.7652 0.0260 0.0024 0.0102 
0.0573 0.0337 0.0075 0.0001 0.0005 0.0246 0.0019 0.0267 0.0001 0.0001 0.0377 0.0096 0.7662 0.0278 0.0013 0.0054 
0.0487 0.0252 0.0064 0.0006 0.0005 0.0244 0.0022 0.0254 0.0030 0.0001 0.0246 0.0248 0.7476 0.0291 0.0128 0.0248 
0.0492 0.0260 0.0204 0.0003 0.0018 0.0296 0.0085 0.0251 0.0005 0.0001 0.0257 0.0070 0.7548 0.0257 0.0136 0.0120 
0.0492 0.0585 0.0062 0.0010 0.0014 0.0262 0.0067 0.0241 0.0010 0.0001 0.0268 0.0027 0.7401 0.0305 0.0030 0.0227 
0.0551 0.0321 0.0112 0.0034 0.0005 0.0251 0.0118 0.0268 0.0006 0.0005 0.0267 0.0097 0.7510 0.0359 0.0042 0.0054 
0.0447 0.0257 0.0516 0.0072 0.0005 0.0216 0.0073 0.0224 0.0032 0.0001 0.0233 0.0043 0.6845 0.0283 0.0249 0.0505 
0.0733 0.0352 0.1238 0.0380 0.0032 0.0391 0.0447 0.0387 0.0029 0.0006 0.0363 0.0077 0.4640 0.0350 0.0213 0.0361 
0.1022 0.0835 0.2426 0.0485 0.0166 0.0537 0.0209 0.0556 0.0070 0.0001 0.0460 0.0121 0.1728 0.0517 0.0129 0.0739 
0.1257 0.0460 0.0457 0.0987 0.0188 0.1807 0.0158 0.0642 0.0382 0.0058 0.0542 0.0061 0.0784 0.1390 0.0099 0.0728 
