0.1234 0.0678 0.0569 0.0323 0.0032 0.2590 0.0187 0.0702 0.0254 0.0121 0.1128 0.0328 0.0655 0.0636 0.0123 0.0441 
0.0912 0.0521 0.2646 0.0102 0.0016 0.0372 0.0078 0.0323 0.0307 0.0006 0.3200 0.0273 0.0320 0.0284 0.0045 0.0594 
0.0840 0.0781 0.1282 0.0569 0.0065 0.0824 0.0091 0.0439 0.0032 0.0006 0.0501 0.3759 0.0310 0.0431 0.0029 0.0040 
0.0655 0.0430 0.0107 0.0147 0.0072 0.3938 0.0030 0.0361 0.0022 0.0011 0.0558 0.0153 0.3080 0.0327 0.0069 0.0040 
0.0799 0.0919 0.0059 0.0792 0.0064 0.0382 0.0045 0.0438 0.0005 0.0008 0.3151 0.0356 0.2312 0.0403 0.0011 0.0257 
0.0545 0.0246 0.0115 0.0799 0.0024 0.0275 0.0040 0.0252 0.0016 0.0013 0.0230 0.4223 0.2765 0.0350 0.0045 0.0064 
0.0487 0.0241 0.0393 0.0093 0.0058 0.0503 0.0011 0.0257 0.0040 0.0002 0.0406 0.0034 0.7030 0.0246 0.0171 0.0029 
0.0553 0.0327 0.0032 0.0227 0.0035 0.0315 0.0022 0.0310 0.0022 0.0006 0.0361 0.0222 0.7185 0.0254 0.0022 0.0107 
0.0632 0.0286 0.0034 0.0449 0.0006 0.0319 0.0038 0.0278 0.0032 0.0002 0.0252 0.0157 0.7221 0.0257 0.0002 0.0035 
0.0532 0.0265 0.0112 0.0075 0.0019 0.0492 0.0005 0.0273 0.0022 0.0045 0.0318 0.0070 0.7476 0.0268 0.0022 0.0005 
0.0551 0.0327 0.0011 0.0094 0.0014 0.0356 0.0010 0.0305 0.0003 0.0001 0.0570 0.0174 0.7230 0.0280 0.0046 0.0029 
0.0531 0.0281 0.0003 0.0225 0.0014 0.0259 0.0019 0.0262 0.0027 0.0001 0.0283 0.0577 0.7184 0.0265 0.0011 0.0059 
0.0623 0.0284 0.0037 0.0027 0.0008 0.0327 0.0013 0.0308 0.0006 0.0003 0.0307 0.0032 0.7637 0.0297 0.0064 0.0026 
0.0546 0.0278 0.0072 0.0008 0.0008 0.0351 0.0067 0.0278 0.0008 0.0001 0.0335 0.0101 0.7587 0.0286 0.0040 0.0037 
0.0572 0.0283 0.0029 0.0021 0.0005 0.0276 0.0016 0.0297 0.0014 0.0001 0.0363 0.0107 0.7673 0.0275 0.0026 0.0045 
0.0596 0.0278 0.0014 0.0021 0.0003 0.0283 0.0024 0.0283 0.0018 0.0001 0.0281 0.0097 0.7603 0.0286 0.0032 0.0182 
0.0550 0.0284 0.0096 0.0010 0.0014 0.0343 0.0051 0.0275 0.0003 0.0001 0.0304 0.0029 0.7701 0.0276 0.0030 0.0035 
0.0526 0.0527 0.0176 0.0013 0.0005 0.0243 0.0024 0.0264 0.0005 0.0001 0.0308 0.0045 0.7543 0.0262 0.0018 0.0045 
0.0527 0.0265 0.0035 0.0091 0.0008 0.0318 0.0046 0.0267 0.0027 0.0001 0.0267 0.0153 0.7477 0.0278 0.0069 0.0171 
0.0474 0.0284 0.0335 0.0032 0.0022 0.0251 0.0057 0.0251 0.0014 0.0001 0.0305 0.0051 0.7405 0.0265 0.0149 0.0105 
0.0482 0.0348 0.0105 0.0257 0.0019 0.0278 0.0141 0.0243 0.0016 0.0002 0.0281 0.0099 0.7200 0.0268 0.0058 0.0203 
0.0516 0.0284 0.0211 0.0131 0.0030 0.0326 0.0072 0.0254 0.0043 0.0010 0.0286 0.0115 0.6980 0.0361 0.0123 0.0259 
0.0599 0.0367 0.0497 0.0243 0.0032 0.0359 0.0252 0.0323 0.0029 0.0011 0.0407 0.0133 0.5457 0.0641 0.0188 0.0462 
0.0740 0.0427 0.0597 0.0268 0.0058 0.0490 0.0423 0.0361 0.0054 0.0011 0.0513 0.0240 0.4776 0.0439 0.0372 0.0230 
0.1117 0.0577 0.0452 0.0198 0.0137 0.0692 0.0551 0.0545 0.0075 0.0058 0.0876 0.0248 0.2617 0.1189 0.0192 0.0478 
0.1137 0.0612 0.0500 0.0358 0.0035 0.0597 0.0046 0.0661 0.0101 0.0094 0.0917 0.0508 0.1104 0.0586 0.2270 0.0474 
0.0942 0.0768 0.0310 0.0265 0.0067 0.0946 0.0153 0.0450 0.0529 0.0152 0.0605 0.0457 0.1877 0.0564 0.0155 0.1760 
0.1853 0.0530 0.1050 0.0388 0.0081 0.0701 0.0086 0.0524 0.0040 0.0011 0.1650 0.0463 0.1828 0.0524 0.0080 0.0189 
0.1064 0.0558 0.1077 0.0419 0.0134 0.0834 0.0046 0.0598 0.0053 0.0062 0.0888 0.2313 0.1117 0.0518 0.0133 0.0187 
0.0869 0.0610 0.0165 0.0414 0.0129 0.0883 0.0211 0.0527 0.0038 0.0008 0.0618 0.0851 0.3915 0.0511 0.0051 0.0200 
0.0719 0.0473 0.0112 0.0241 0.0081 0.0569 0.0141 0.0359 0.0083 0.0010 0.0727 0.0238 0.5621 0.0382 0.0077 0.0169 
0.0451 0.0270 0.0401 0.0165 0.0045 0.0240 0.0046 0.0240 0.0053 0.0158 0.0507 0.1067 0.6012 0.0211 0.0019 0.0117 
0.0639 0.0276 0.0283 0.0204 0.0048 0.0366 0.0056 0.0316 0.0045 0.0021 0.0291 0.0594 0.6204 0.0348 0.0058 0.0251 
0.0446 0.0241 0.0575 0.0168 0.0014 0.0337 0.0080 0.0228 0.0042 0.0001 0.0337 0.0067 0.7107 0.0216 0.0061 0.0081 
0.0483 0.0313 0.0238 0.0109 0.0046 0.0471 0.0011 0.0241 0.0013 0.0050 0.0307 0.0244 0.7147 0.0227 0.0010 0.0091 
0.0503 0.0283 0.0077 0.0168 0.0022 0.0498 0.0010 0.0268 0.0011 0.0003 0.0299 0.0286 0.7264 0.0238 0.0050 0.0021 
0.0490 0.0382 0.0102 0.0203 0.0032 0.0249 0.0051 0.0244 0.0019 0.0001 0.0442 0.0131 0.7168 0.0278 0.0053 0.0157 
0.0522 0.0252 0.0209 0.0083 0.0077 0.0406 0.0299 0.0257 0.0002 0.0001 0.0241 0.0313 0.6847 0.0409 0.0050 0.0035 
0.0478 0.0289 0.0056 0.0040 0.0037 0.0355 0.0019 0.0288 0.0006 0.0001 0.0312 0.0029 0.7228 0.0244 0.0589 0.0030 
0.0585 0.0310 0.0013 0.0335 0.0013 0.0289 0.0046 0.0291 0.0141 0.0035 0.0288 0.0233 0.4046 0.0308 0.0050 0.3018 
0.0958 0.0375 0.0692 0.0112 0.0018 0.0462 0.0123 0.0374 0.0006 0.0022 0.0369 0.0067 0.5864 0.0393 0.0118 0.0046 
0.0714 0.0419 0.1136 0.0110 0.0053 0.0467 0.0013 0.0367 0.0008 0.0021 0.0511 0.0030 0.5678 0.0339 0.0013 0.0121 
0.0673 0.0377 0.0066 0.0842 0.0011 0.0380 0.0018 0.0358 0.0010 0.0003 0.0494 0.0278 0.6116 0.0350 0.0019 0.0006 
0.0708 0.0377 0.0032 0.0681 0.0010 0.0355 0.0030 0.0347 0.0021 0.0001 0.0403 0.0117 0.6384 0.0398 0.0101 0.0040 
0.0645 0.0356 0.0113 0.0401 0.0077 0.0661 0.0018 0.0334 0.0001 0.0001 0.0375 0.0042 0.6546 0.0323 0.0069 0.0043 
0.0661 0.0575 0.0050 0.0088 0.0578 0.0495 0.0096 0.0359 0.0001 0.0001 0.0385 0.0081 0.6071 0.0340 0.0059 0.0160 
0.0919 0.0474 0.0046 0.0230 0.0586 0.0468 0.0195 0.0565 0.0006 0.0008 0.0746 0.0099 0.1543 0.3893 0.0123 0.0097 
0.0577 0.0305 0.0481 0.0014 0.0014 0.0312 0.0021 0.0481 0.0088 0.0032 0.0348 0.0286 0.1935 0.0273 0.4799 0.0035 
0.0678 0.0377 0.0019 0.0045 0.0056 0.0379 0.0046 0.0328 0.0123 0.0786 0.0567 0.0240 0.2995 0.0350 0.0045 0.2967 
0.2380 0.0387 0.0016 0.0019 0.0029 0.0486 0.0029 0.0372 0.0003 0.0001 0.0709 0.0345 0.4737 0.0385 0.0078 0.0026 
0.0514 0.0351 0.0259 0.0021 0.0003 0.0371 0.0011 0.0273 0.0037 0.0016 0.0345 0.0800 0.6641 0.0249 0.0026 0.0083 
0.0454 0.0280 0.0032 0.0387 0.0006 0.0249 0.0018 0.0259 0.0021 0.0001 0.0382 0.0102 0.7494 0.0275 0.0010 0.0034 
0.0518 0.0249 0.0310 0.0192 0.0001 0.0257 0.0024 0.0235 0.0001 0.0001 0.0236 0.0217 0.7412 0.0257 0.0059 0.0035 
0.0481 0.0256 0.0083 0.0618 0.0003 0.0238 0.0019 0.0230 0.0002 0.0001 0.0268 0.0016 0.7425 0.0264 0.0019 0.0080 
0.0427 0.0203 0.0123 0.1281 0.0003 0.0198 0.0014 0.0198 0.0001 0.0001 0.0193 0.0035 0.7055 0.0203 0.0054 0.0013 
0.0401 0.0204 0.0034 0.1503 0.0008 0.0225 0.0019 0.0206 0.0002 0.0001 0.0217 0.0010 0.6839 0.0211 0.0070 0.0053 
0.0343 0.0193 0.0062 0.1747 0.0021 0.0270 0.0006 0.0179 0.0001 0.0001 0.0236 0.0029 0.6644 0.0180 0.0038 0.0051 
0.0449 0.0403 0.0051 0.2050 0.0026 0.0222 0.0019 0.0212 0.0005 0.0001 0.0235 0.0050 0.5892 0.0252 0.0030 0.0105 
0.1077 0.0610 0.0080 0.0781 0.0222 0.1578 0.0212 0.0540 0.0010 0.0005 0.0580 0.0069 0.3010 0.1040 0.0101 0.0086 
0.1287 0.1043 0.0372 0.0321 0.0101 0.0810 0.0093 0.0760 0.0010 0.0010 0.1045 0.0072 0.1843 0.0773 0.1244 0.0217 
0.1339 0.0882 0.0155 0.0344 0.0067 0.1011 0.0168 0.0708 0.0104 0.0248 0.0836 0.0369 0.1724 0.0753 0.0292 0.1002 
0.2123 0.1190 0.0385 0.0385 0.0149 0.0794 0.0118 0.0693 0.0089 0.0075 0.1074 0.0182 0.1086 0.0756 0.0259 0.0641 
0.1550 0.0951 0.0636 0.0337 0.0160 0.1257 0.0356 0.0753 0.0073 0.0062 0.0836 0.0682 0.0690 0.0813 0.0423 0.0420 
0.1409 0.0733 0.0573 0.0494 0.0115 0.0957 0.0163 0.0847 0.0169 0.0053 0.1533 0.0307 0.1394 0.0706 0.0243 0.0305 
0.1409 0.0818 0.0425 0.0431 0.0096 0.1112 0.0144 0.0759 0.0236 0.0083 0.1321 0.1233 0.0775 0.0706 0.0158 0.0292 
0.1430 0.0930 0.0712 0.0358 0.0128 0.0907 0.0216 0.0716 0.0136 0.0043 0.0950 0.1176 0.1216 0.0748 0.0173 0.0163 
0.1126 0.0615 0.1046 0.0396 0.0137 0.0939 0.0201 0.0633 0.0165 0.0032 0.0772 0.0564 0.2339 0.0629 0.0184 0.0222 
0.1089 0.0626 0.0826 0.0460 0.0105 0.0843 0.0147 0.0612 0.0121 0.0043 0.1013 0.0402 0.2655 0.0570 0.0208 0.0280 
0.1036 0.0698 0.0913 0.0553 0.0064 0.0701 0.0118 0.0527 0.0160 0.0040 0.0660 0.0720 0.2803 0.0516 0.0200 0.0292 
0.0874 0.0481 0.0994 0.0642 0.0078 0.0646 0.0176 0.0412 0.0097 0.0030 0.0590 0.0360 0.3810 0.0428 0.0142 0.0240 
0.0850 0.0490 0.0922 0.0703 0.0080 0.0781 0.0104 0.0433 0.0054 0.0014 0.0596 0.0323 0.3785 0.0487 0.0147 0.0232 
0.0762 0.0465 0.0655 0.0746 0.0075 0.0773 0.0113 0.0391 0.0069 0.0016 0.0582 0.0363 0.4215 0.0441 0.0166 0.0168 
0.0837 0.0570 0.0612 0.0727 0.0070 0.0676 0.0093 0.0435 0.0051 0.0027 0.0639 0.0396 0.3996 0.0463 0.0165 0.0243 
0.0869 0.0631 0.0471 0.0650 0.0094 0.0837 0.0171 0.0443 0.0080 0.0021 0.0596 0.0443 0.3726 0.0475 0.0212 0.0281 
0.0858 0.0519 0.0784 0.0666 0.0118 0.0672 0.0208 0.0457 0.0053 0.0019 0.0888 0.0382 0.3389 0.0591 0.0157 0.0240 
0.0985 0.0581 0.0690 0.0578 0.0081 0.0778 0.0185 0.0530 0.0053 0.0024 0.0658 0.0685 0.3138 0.0565 0.0275 0.0193 
0.1080 0.0690 0.0492 0.0622 0.0102 0.0767 0.0240 0.0566 0.0097 0.0067 0.0861 0.0366 0.2697 0.0746 0.0214 0.0393 
0.1294 0.0781 0.0697 0.0459 0.0134 0.0987 0.0203 0.0642 0.0066 0.0058 0.0823 0.0543 0.1793 0.0781 0.0423 0.0316 
0.1231 0.0759 0.0751 0.0519 0.0115 0.0958 0.0225 0.0653 0.0059 0.0214 0.1139 0.0449 0.1335 0.0832 0.0283 0.0478 
0.1486 0.0965 0.0720 0.0482 0.0065 0.1024 0.0091 0.0688 0.0131 0.0093 0.0901 0.0724 0.0923 0.0709 0.0487 0.0510 
0.1343 0.0716 0.0607 0.0524 0.0088 0.1083 0.0093 0.0605 0.0078 0.0109 0.1228 0.0540 0.1699 0.0642 0.0152 0.0494 
0.1508 0.0781 0.0615 0.0375 0.0070 0.1150 0.0054 0.0674 0.0030 0.0034 0.1310 0.0994 0.1390 0.0735 0.0086 0.0192 
0.1081 0.0551 0.0390 0.0446 0.0035 0.0813 0.0030 0.0497 0.0070 0.0021 0.1043 0.0971 0.3359 0.0489 0.0089 0.0113 
0.0596 0.0297 0.0332 0.0305 0.0053 0.0506 0.0042 0.0299 0.0022 0.0026 0.0625 0.1393 0.5137 0.0284 0.0024 0.0059 
0.0491 0.0272 0.0093 0.0268 0.0038 0.0329 0.0021 0.0264 0.0005 0.0006 0.0497 0.0727 0.6576 0.0355 0.0014 0.0045 
0.0425 0.0216 0.0109 0.0166 0.0021 0.0299 0.0030 0.0219 0.0024 0.0005 0.0275 0.0720 0.7104 0.0254 0.0096 0.0038 
0.0502 0.0276 0.0121 0.0109 0.0024 0.0264 0.0029 0.0262 0.0014 0.0010 0.0336 0.0133 0.7508 0.0256 0.0056 0.0102 
0.0562 0.0235 0.0099 0.0107 0.0027 0.0355 0.0027 0.0265 0.0005 0.0002 0.0257 0.0340 0.7388 0.0259 0.0030 0.0042 
0.0529 0.0270 0.0050 0.0021 0.0016 0.0433 0.0014 0.0267 0.0008 0.0005 0.0300 0.0057 0.7606 0.0292 0.0057 0.0075 
0.0519 0.0268 0.0006 0.0027 0.0011 0.0323 0.0019 0.0259 0.0003 0.0002 0.0404 0.0110 0.7601 0.0272 0.0088 0.0088 
0.0535 0.0286 0.0042 0.0010 0.0006 0.0252 0.0019 0.0256 0.0013 0.0002 0.0310 0.0224 0.7640 0.0267 0.0026 0.0115 
0.0567 0.0257 0.0051 0.0011 0.0003 0.0318 0.0045 0.0262 0.0008 0.0001 0.0248 0.0153 0.7596 0.0286 0.0035 0.0161 
0.0526 0.0278 0.0072 0.0005 0.0010 0.0327 0.0043 0.0264 0.0001 0.0001 0.0390 0.0034 0.7669 0.0324 0.0026 0.0035 
0.0511 0.0356 0.0067 0.0011 0.0006 0.0227 0.0018 0.0252 0.0001 0.0001 0.0300 0.0315 0.7552 0.0275 0.0061 0.0050 
0.0521 0.0257 0.0046 0.0091 0.0006 0.0249 0.0035 0.0265 0.0016 0.0001 0.0289 0.0099 0.7635 0.0272 0.0075 0.0144 
0.0514 0.0254 0.0153 0.0022 0.0008 0.0273 0.0058 0.0264 0.0014 0.0001 0.0280 0.0067 0.7545 0.0313 0.0070 0.0166 
0.0519 0.0272 0.0198 0.0136 0.0019 0.0246 0.0115 0.0246 0.0002 0.0002 0.0273 0.0042 0.7429 0.0248 0.0121 0.0133 
0.0434 0.0308 0.0144 0.0027 0.0048 0.0450 0.0195 0.0217 0.0010 0.0003 0.0233 0.0070 0.6983 0.0597 0.0057 0.0222 
0.0730 0.0455 0.0152 0.0131 0.0022 0.0372 0.0073 0.0380 0.0029 0.0005 0.0642 0.0102 0.5034 0.0748 0.0601 0.0524 
0.0928 0.0523 0.0725 0.0214 0.0038 0.0553 0.0264 0.0492 0.0078 0.0022 0.0508 0.0505 0.2982 0.0749 0.0631 0.0786 
0.1353 0.0631 0.1564 0.0275 0.0056 0.0661 0.0120 0.0533 0.0073 0.0016 0.0589 0.0152 0.2222 0.0508 0.0538 0.0709 
0.1314 0.0941 0.0792 0.0434 0.0096 0.1105 0.0222 0.0589 0.0112 0.0078 0.0781 0.0264 0.1878 0.0594 0.0211 0.0588 
0.1351 0.0933 0.0361 0.0537 0.0117 0.1399 0.0165 0.0700 0.0050 0.0037 0.1128 0.0684 0.1521 0.0767 0.0147 0.0107 
0.1265 0.1187 0.0513 0.0585 0.0120 0.0989 0.0176 0.0765 0.0152 0.0026 0.1222 0.0816 0.0928 0.0775 0.0286 0.0195 
0.1302 0.0765 0.0866 0.1016 0.0080 0.0906 0.0149 0.0730 0.0150 0.0037 0.0930 0.0827 0.0957 0.0692 0.0264 0.0331 
0.1207 0.0759 0.1041 0.0652 0.0117 0.1270 0.0232 0.0604 0.0126 0.0061 0.0805 0.0494 0.1377 0.0632 0.0211 0.0414 
0.1122 0.0974 0.0739 0.0658 0.0327 0.0881 0.0600 0.0554 0.0096 0.0053 0.0880 0.0415 0.1293 0.0918 0.0188 0.0300 
0.1121 0.0750 0.1126 0.1014 0.0089 0.0682 0.0075 0.0837 0.0045 0.0101 0.0680 0.0640 0.1510 0.0591 0.0564 0.0176 
0.1268 0.0780 0.0556 0.0706 0.0077 0.1307 0.0083 0.0644 0.0371 0.0166 0.0912 0.0342 0.1085 0.0685 0.0184 0.0835 
0.1588 0.0743 0.0540 0.0590 0.0089 0.1067 0.0227 0.0655 0.0072 0.0038 0.1799 0.0467 0.1059 0.0765 0.0112 0.0189 
0.1195 0.1179 0.1375 0.0527 0.0147 0.0693 0.0558 0.0569 0.0038 0.0069 0.0685 0.1257 0.0618 0.0772 0.0185 0.0133 
0.1065 0.0588 0.0478 0.0292 0.0097 0.2331 0.0032 0.0578 0.0029 0.0133 0.0573 0.0625 0.1958 0.0508 0.0554 0.0158 
0.0810 0.0411 0.0171 0.0101 0.0069 0.0521 0.0030 0.0419 0.0059 0.0243 0.4103 0.0193 0.1927 0.0459 0.0096 0.0390 
0.0770 0.0425 0.0081 0.0137 0.0035 0.0383 0.0029 0.0334 0.0042 0.0014 0.1045 0.5514 0.0736 0.0339 0.0027 0.0088 
0.0398 0.0179 0.0251 0.0042 0.0019 0.0454 0.0022 0.0179 0.0022 0.0032 0.0249 0.2003 0.5886 0.0169 0.0029 0.0067 
0.0529 0.0268 0.0083 0.0034 0.0006 0.0395 0.0030 0.0273 0.0003 0.0002 0.0431 0.0147 0.7458 0.0265 0.0027 0.0048 
0.0518 0.0292 0.0027 0.0021 0.0018 0.0334 0.0024 0.0249 0.0003 0.0001 0.0353 0.0450 0.7406 0.0246 0.0026 0.0035 
0.0518 0.0299 0.0043 0.0040 0.0003 0.0249 0.0022 0.0276 0.0003 0.0001 0.0326 0.0240 0.7648 0.0284 0.0022 0.0026 
0.0529 0.0259 0.0050 0.0032 0.0005 0.0288 0.0030 0.0267 0.0021 0.0001 0.0260 0.0094 0.7578 0.0442 0.0058 0.0089 
0.0436 0.0246 0.0701 0.0040 0.0016 0.0200 0.0086 0.0216 0.0008 0.0001 0.0220 0.0022 0.7215 0.0292 0.0160 0.0144 
0.0526 0.0267 0.0395 0.0051 0.0030 0.0312 0.0053 0.0240 0.0001 0.0002 0.0235 0.0019 0.6845 0.0259 0.0267 0.0502 
0.0876 0.0505 0.0497 0.0046 0.0013 0.0796 0.0043 0.0414 0.0022 0.0011 0.0518 0.0032 0.1926 0.1048 0.0225 0.3028 
0.1165 0.0890 0.2618 0.0248 0.0013 0.0564 0.0022 0.0490 0.0021 0.0030 0.0693 0.0254 0.1436 0.0518 0.0730 0.0308 
0.0995 0.0609 0.0115 0.0107 0.0037 0.4260 0.0018 0.0470 0.0002 0.0038 0.0474 0.0583 0.1532 0.0449 0.0026 0.0287 
0.0812 0.0390 0.0035 0.0105 0.0038 0.0460 0.0018 0.0422 0.0006 0.0005 0.5270 0.0070 0.1939 0.0387 0.0022 0.0021 
0.0474 0.0363 0.0029 0.0107 0.0011 0.0241 0.0022 0.0246 0.0008 0.0008 0.0446 0.7018 0.0714 0.0262 0.0011 0.0040 
0.0608 0.0305 0.0109 0.0174 0.0010 0.0334 0.0014 0.0292 0.0037 0.0001 0.0323 0.0369 0.7058 0.0316 0.0021 0.0030 
0.0578 0.0286 0.0417 0.0077 0.0006 0.0304 0.0042 0.0289 0.0003 0.0001 0.0289 0.0059 0.7277 0.0312 0.0037 0.0026 
0.0599 0.0316 0.0058 0.0144 0.0010 0.0337 0.0022 0.0313 0.0001 0.0001 0.0313 0.0030 0.7448 0.0296 0.0083 0.0034 
0.0585 0.0283 0.0021 0.0262 0.0003 0.0364 0.0022 0.0313 0.0003 0.0001 0.0297 0.0038 0.7430 0.0280 0.0026 0.0075 
0.0628 0.0311 0.0299 0.0187 0.0003 0.0292 0.0003 0.0291 0.0016 0.0001 0.0307 0.0034 0.7218 0.0291 0.0006 0.0117 
0.0605 0.0292 0.0024 0.0058 0.0006 0.0772 0.0011 0.0286 0.0005 0.0011 0.0296 0.0030 0.7182 0.0294 0.0102 0.0026 
0.0503 0.0288 0.0062 0.0030 0.0005 0.0304 0.0003 0.0244 0.0001 0.0001 0.1133 0.0032 0.7015 0.0254 0.0026 0.0102 
0.0508 0.0251 0.0026 0.0070 0.0008 0.0225 0.0008 0.0238 0.0003 0.0001 0.0291 0.1310 0.6772 0.0251 0.0011 0.0030 
0.0569 0.0276 0.0038 0.0018 0.0005 0.0348 0.0006 0.0291 0.0001 0.0001 0.0288 0.0070 0.7713 0.0294 0.0072 0.0013 
0.0549 0.0318 0.0016 0.0003 0.0013 0.0339 0.0013 0.0275 0.0005 0.0001 0.0313 0.0073 0.7735 0.0287 0.0032 0.0030 
0.0574 0.0305 0.0005 0.0032 0.0002 0.0270 0.0032 0.0294 0.0002 0.0001 0.0307 0.0097 0.7733 0.0281 0.0024 0.0045 
0.0537 0.0267 0.0064 0.0005 0.0003 0.0278 0.0037 0.0265 0.0013 0.0001 0.0324 0.0075 0.7629 0.0337 0.0037 0.0131 
0.0573 0.0268 0.0065 0.0010 0.0003 0.0284 0.0021 0.0271 0.0001 0.0001 0.0313 0.0177 0.7627 0.0270 0.0067 0.0050 
0.0558 0.0372 0.0008 0.0008 0.0006 0.0270 0.0037 0.0283 0.0005 0.0001 0.0299 0.0043 0.7742 0.0284 0.0026 0.0061 
0.0565 0.0278 0.0010 0.0010 0.0001 0.0291 0.0045 0.0276 0.0010 0.0003 0.0299 0.0054 0.7702 0.0287 0.0056 0.0115 
0.0559 0.0268 0.0208 0.0001 0.0002 0.0272 0.0054 0.0268 0.0001 0.0001 0.0300 0.0051 0.7643 0.0268 0.0032 0.0077 
0.0545 0.0303 0.0043 0.0001 0.0005 0.0329 0.0037 0.0268 0.0019 0.0001 0.0327 0.0102 0.7692 0.0273 0.0030 0.0027 
0.0564 0.0267 0.0001 0.0003 0.0001 0.0351 0.0021 0.0292 0.0005 0.0001 0.0308 0.0043 0.7565 0.0267 0.0072 0.0244 
0.0469 0.0343 0.0279 0.0001 0.0002 0.0208 0.0043 0.0227 0.0018 0.0001 0.0262 0.0187 0.7360 0.0228 0.0027 0.0348 
0.0580 0.0272 0.0291 0.0010 0.0013 0.0267 0.0059 0.0259 0.0003 0.0003 0.0256 0.0054 0.7516 0.0348 0.0038 0.0032 
0.0380 0.0195 0.1402 0.0008 0.0002 0.0171 0.0016 0.0198 0.0002 0.0001 0.0265 0.0011 0.6903 0.0232 0.0117 0.0101 
0.0570 0.0291 0.0070 0.0093 0.0002 0.0287 0.0040 0.0292 0.0021 0.0008 0.0319 0.0171 0.7314 0.0294 0.0093 0.0136 
0.0615 0.0300 0.0037 0.0094 0.0010 0.0305 0.0045 0.0292 0.0003 0.0001 0.0286 0.0040 0.7258 0.0300 0.0137 0.0280 
0.0680 0.0374 0.0941 0.0244 0.0075 0.0345 0.0446 0.0335 0.0038 0.0001 0.0331 0.0043 0.5239 0.0388 0.0196 0.0326 
0.1342 0.0858 0.0557 0.0669 0.0112 0.1065 0.0203 0.0802 0.0050 0.0001 0.0632 0.0107 0.2175 0.0784 0.0230 0.0415 
0.1383 0.0562 0.0810 0.0125 0.0128 0.1476 0.0283 0.0743 0.0754 0.0027 0.0597 0.0053 0.0799 0.1286 0.0093 0.0883 
