0.0438 0.0208 0.0310 0.1449 0.2985 0.0388 0.2214 0.0240 0.0027 0.0077 0.0840 0.0097 0.0342 0.0214 0.0011 0.0161 
0.0813 0.0454 0.1988 0.0797 0.0019 0.0540 0.0014 0.3477 0.0053 0.0026 0.0765 0.0155 0.0353 0.0385 0.0105 0.0057 
0.0233 0.0158 0.0045 0.3521 0.0021 0.0316 0.0011 0.0105 0.3687 0.0681 0.0257 0.0519 0.0241 0.0104 0.0021 0.0078 
0.1808 0.0510 0.0014 0.3998 0.0035 0.0770 0.0034 0.0498 0.0008 0.0011 0.0669 0.0136 0.0866 0.0492 0.0053 0.0099 
0.1042 0.0519 0.0203 0.0516 0.0034 0.2762 0.0010 0.0542 0.0003 0.0006 0.1171 0.0345 0.2246 0.0498 0.0024 0.0078 
0.1130 0.1797 0.0096 0.0272 0.0096 0.0887 0.0016 0.0641 0.0018 0.0005 0.1096 0.0912 0.2395 0.0543 0.0050 0.0048 
0.1196 0.0591 0.0126 0.0377 0.0038 0.0878 0.0077 0.0645 0.0049 0.0002 0.0797 0.1282 0.3283 0.0575 0.0043 0.0042 
0.0737 0.0382 0.0663 0.0013 0.0030 0.0569 0.0067 0.0363 0.0019 0.0013 0.0695 0.0360 0.5626 0.0353 0.0019 0.0091 
0.0631 0.0494 0.0032 0.0008 0.0021 0.0402 0.0010 0.0323 0.0016 0.0016 0.0347 0.0823 0.6496 0.0295 0.0014 0.0073 
0.0514 0.0288 0.0014 0.0006 0.0006 0.0254 0.0021 0.0272 0.0006 0.0001 0.0617 0.0142 0.7502 0.0273 0.0058 0.0027 
0.0481 0.0248 0.0043 0.0002 0.0002 0.0291 0.0026 0.0227 0.0016 0.0001 0.0262 0.0802 0.7196 0.0283 0.0054 0.0070 
0.0606 0.0299 0.0034 0.0002 0.0003 0.0308 0.0018 0.0259 0.0008 0.0001 0.0310 0.0048 0.7625 0.0292 0.0117 0.0074 
0.0524 0.0345 0.0233 0.0005 0.0006 0.0233 0.0032 0.0252 0.0003 0.0001 0.0270 0.0048 0.7593 0.0307 0.0053 0.0097 
0.0554 0.0244 0.0192 0.0043 0.0005 0.0246 0.0056 0.0259 0.0005 0.0001 0.0244 0.0037 0.7533 0.0319 0.0150 0.0115 
0.0481 0.0303 0.0201 0.0016 0.0011 0.0264 0.0195 0.0238 0.0014 0.0001 0.0259 0.0014 0.7405 0.0278 0.0102 0.0219 
0.0546 0.0489 0.0171 0.0208 0.0008 0.0209 0.0192 0.0240 0.0002 0.0001 0.0251 0.0035 0.6950 0.0235 0.0187 0.0280 
0.0527 0.0292 0.0588 0.0059 0.0016 0.0704 0.0077 0.0241 0.0073 0.0022 0.0248 0.0053 0.4589 0.0310 0.0147 0.2053 
0.1238 0.0722 0.0762 0.0065 0.0149 0.0716 0.0182 0.0625 0.0013 0.0046 0.1231 0.0094 0.1351 0.2059 0.0195 0.0553 
0.1200 0.0927 0.0436 0.0107 0.0048 0.1308 0.0053 0.0792 0.0011 0.0027 0.0848 0.0511 0.1112 0.0572 0.1949 0.0099 
0.1195 0.0749 0.0112 0.0115 0.0029 0.0772 0.0045 0.0585 0.0107 0.0187 0.2374 0.0596 0.0823 0.0606 0.0051 0.1655 
0.1859 0.0476 0.0196 0.0224 0.0037 0.0476 0.0026 0.0442 0.0026 0.0019 0.1220 0.3358 0.1089 0.0447 0.0027 0.0078 
0.0698 0.0356 0.0339 0.0238 0.0026 0.0573 0.0027 0.0356 0.0011 0.0008 0.0482 0.1875 0.4610 0.0337 0.0022 0.0040 
0.0545 0.0280 0.0097 0.0289 0.0018 0.0458 0.0016 0.0297 0.0026 0.0002 0.0388 0.0195 0.7056 0.0288 0.0018 0.0029 
0.0524 0.0272 0.0093 0.0288 0.0016 0.0284 0.0013 0.0268 0.0011 0.0001 0.0297 0.0363 0.7263 0.0264 0.0018 0.0027 
0.0516 0.0254 0.0048 0.0174 0.0021 0.0430 0.0018 0.0271 0.0010 0.0005 0.0283 0.0161 0.7501 0.0260 0.0030 0.0019 
0.0514 0.0273 0.0022 0.0048 0.0010 0.0647 0.0014 0.0283 0.0003 0.0001 0.0283 0.0051 0.7510 0.0265 0.0037 0.0042 
0.0550 0.0334 0.0018 0.0019 0.0018 0.0332 0.0022 0.0275 0.0006 0.0001 0.0366 0.0061 0.7633 0.0276 0.0046 0.0046 
0.0559 0.0300 0.0093 0.0018 0.0016 0.0264 0.0030 0.0275 0.0002 0.0001 0.0300 0.0134 0.7638 0.0278 0.0026 0.0069 
0.0558 0.0264 0.0189 0.0043 0.0003 0.0265 0.0016 0.0273 0.0022 0.0001 0.0289 0.0051 0.7582 0.0286 0.0037 0.0123 
0.0542 0.0268 0.0179 0.0062 0.0008 0.0286 0.0018 0.0264 0.0026 0.0008 0.0292 0.0059 0.7615 0.0283 0.0040 0.0051 
0.0561 0.0283 0.0117 0.0128 0.0018 0.0305 0.0013 0.0268 0.0001 0.0001 0.0321 0.0045 0.7606 0.0292 0.0016 0.0030 
0.0522 0.0260 0.0029 0.0209 0.0019 0.0329 0.0010 0.0276 0.0003 0.0002 0.0305 0.0144 0.7565 0.0272 0.0021 0.0034 
0.0521 0.0281 0.0022 0.0097 0.0045 0.0351 0.0011 0.0280 0.0008 0.0001 0.0316 0.0102 0.7591 0.0281 0.0038 0.0054 
0.0518 0.0292 0.0026 0.0096 0.0026 0.0297 0.0101 0.0268 0.0010 0.0001 0.0305 0.0123 0.7527 0.0308 0.0058 0.0048 
0.0549 0.0278 0.0107 0.0045 0.0014 0.0273 0.0022 0.0291 0.0019 0.0011 0.0308 0.0075 0.7581 0.0305 0.0073 0.0048 
0.0449 0.0214 0.0107 0.0056 0.0018 0.0272 0.0027 0.0222 0.0067 0.0008 0.0241 0.0077 0.6737 0.0236 0.0121 0.1148 
0.0647 0.0355 0.0506 0.0081 0.0053 0.0371 0.0454 0.0300 0.0010 0.0005 0.0318 0.0056 0.5956 0.0513 0.0099 0.0276 
0.0776 0.0632 0.0546 0.0147 0.0024 0.0564 0.0073 0.0356 0.0011 0.0010 0.0355 0.0059 0.5284 0.0364 0.0545 0.0254 
0.0900 0.0578 0.0291 0.0089 0.0034 0.0860 0.0027 0.0438 0.0091 0.0099 0.0732 0.0139 0.4039 0.0460 0.0091 0.1133 
0.1027 0.0495 0.0278 0.0206 0.0045 0.0677 0.0021 0.0471 0.0016 0.0014 0.1764 0.0591 0.3697 0.0484 0.0050 0.0163 
0.0856 0.0586 0.0409 0.0398 0.0050 0.0597 0.0180 0.0438 0.0053 0.0003 0.0910 0.1995 0.2845 0.0527 0.0053 0.0101 
0.0676 0.0399 0.0372 0.0508 0.0029 0.0380 0.0048 0.0311 0.0024 0.0003 0.0374 0.0498 0.5745 0.0367 0.0051 0.0214 
0.0550 0.0273 0.0637 0.0343 0.0104 0.0618 0.0040 0.0281 0.0040 0.0018 0.0331 0.0150 0.5979 0.0351 0.0065 0.0219 
0.0708 0.0458 0.0267 0.0342 0.0075 0.0450 0.0129 0.0436 0.0006 0.0011 0.0535 0.0214 0.5681 0.0565 0.0043 0.0078 
0.0905 0.0679 0.0252 0.1009 0.0018 0.0583 0.0050 0.0485 0.0110 0.0016 0.0473 0.0134 0.4543 0.0460 0.0080 0.0203 
0.0703 0.0332 0.1114 0.0989 0.0019 0.0326 0.0018 0.0321 0.0102 0.0125 0.0478 0.0053 0.4707 0.0332 0.0043 0.0339 
0.0904 0.0450 0.1236 0.1252 0.0022 0.0471 0.0038 0.0430 0.0006 0.0003 0.0449 0.0262 0.3970 0.0425 0.0040 0.0040 
0.0363 0.0188 0.0072 0.3070 0.0005 0.0264 0.0035 0.0172 0.0011 0.0001 0.0187 0.0029 0.5378 0.0174 0.0021 0.0034 
0.0554 0.0262 0.0088 0.2791 0.0013 0.0410 0.0018 0.0257 0.0005 0.0001 0.0292 0.0035 0.4990 0.0257 0.0019 0.0010 
0.0546 0.0275 0.0045 0.2129 0.0029 0.0374 0.0006 0.0275 0.0001 0.0001 0.0361 0.0024 0.5653 0.0262 0.0016 0.0008 
0.0526 0.0294 0.0013 0.0780 0.0058 0.0383 0.0005 0.0284 0.0006 0.0001 0.0288 0.0308 0.6776 0.0254 0.0021 0.0006 
0.0487 0.0320 0.0005 0.0534 0.0035 0.0380 0.0013 0.0257 0.0016 0.0001 0.0276 0.0042 0.7279 0.0262 0.0021 0.0075 
0.0550 0.0390 0.0086 0.0200 0.0014 0.0312 0.0032 0.0275 0.0026 0.0001 0.0313 0.0117 0.7298 0.0275 0.0083 0.0032 
0.0532 0.0344 0.0125 0.0176 0.0021 0.0294 0.0014 0.0270 0.0014 0.0006 0.0299 0.0058 0.7412 0.0264 0.0037 0.0136 
0.0514 0.0244 0.0125 0.0187 0.0027 0.0348 0.0021 0.0264 0.0010 0.0001 0.0280 0.0102 0.7449 0.0292 0.0064 0.0075 
0.0433 0.0267 0.0253 0.0066 0.0029 0.0278 0.0077 0.0249 0.0008 0.0001 0.0334 0.0083 0.7249 0.0369 0.0048 0.0259 
0.0518 0.0318 0.0182 0.0061 0.0053 0.0284 0.0158 0.0233 0.0014 0.0001 0.0339 0.0174 0.6901 0.0399 0.0225 0.0141 
0.0679 0.0366 0.0252 0.0078 0.0166 0.0364 0.0478 0.0353 0.0042 0.0008 0.0433 0.0139 0.2009 0.3821 0.0340 0.0471 
0.0510 0.0256 0.0966 0.0142 0.0021 0.0216 0.0045 0.0377 0.0030 0.0026 0.0241 0.0102 0.0669 0.0233 0.5393 0.0773 
0.0577 0.0273 0.0128 0.0081 0.0075 0.1099 0.0072 0.0297 0.0097 0.1054 0.0351 0.0083 0.2106 0.0315 0.0035 0.3355 
0.1126 0.0474 0.0089 0.0091 0.0085 0.0535 0.0027 0.0442 0.0011 0.0043 0.4462 0.0388 0.1736 0.0412 0.0024 0.0053 
0.0590 0.0944 0.0323 0.0066 0.0016 0.0590 0.0050 0.0310 0.0101 0.0013 0.0462 0.5352 0.0741 0.0283 0.0048 0.0113 
0.0765 0.0425 0.1097 0.0249 0.0013 0.0425 0.0094 0.0385 0.0022 0.0002 0.0567 0.0260 0.5182 0.0367 0.0037 0.0109 
0.0706 0.0391 0.0979 0.0133 0.0030 0.1471 0.0021 0.0367 0.0003 0.0003 0.0407 0.0062 0.4946 0.0345 0.0045 0.0089 
0.0752 0.0415 0.1334 0.0168 0.0014 0.0468 0.0016 0.0379 0.0006 0.0003 0.1337 0.0225 0.4446 0.0366 0.0016 0.0054 
0.0711 0.0497 0.0185 0.0712 0.0016 0.0406 0.0006 0.0339 0.0037 0.0003 0.0388 0.1131 0.5137 0.0351 0.0006 0.0073 
0.0530 0.0246 0.0073 0.0479 0.0014 0.0294 0.0016 0.0262 0.0003 0.0006 0.0356 0.0088 0.7287 0.0262 0.0043 0.0038 
0.0570 0.0318 0.0133 0.0137 0.0024 0.0331 0.0037 0.0286 0.0002 0.0001 0.0375 0.0209 0.7232 0.0288 0.0034 0.0027 
0.0483 0.0243 0.0002 0.0609 0.0021 0.0272 0.0008 0.0243 0.0010 0.0001 0.0288 0.0246 0.7321 0.0230 0.0013 0.0016 
0.0553 0.0260 0.0006 0.0112 0.0014 0.0425 0.0011 0.0288 0.0019 0.0003 0.0305 0.0091 0.7575 0.0265 0.0034 0.0038 
0.0527 0.0303 0.0018 0.0016 0.0051 0.0342 0.0077 0.0273 0.0003 0.0001 0.0297 0.0150 0.7595 0.0287 0.0027 0.0035 
0.0554 0.0390 0.0030 0.0013 0.0003 0.0262 0.0016 0.0327 0.0019 0.0001 0.0323 0.0077 0.7561 0.0273 0.0129 0.0024 
0.0548 0.0265 0.0038 0.0011 0.0002 0.0292 0.0070 0.0273 0.0086 0.0003 0.0302 0.0069 0.7499 0.0289 0.0070 0.0181 
0.0583 0.0300 0.0177 0.0001 0.0069 0.0273 0.0152 0.0272 0.0002 0.0001 0.0302 0.0073 0.7302 0.0326 0.0050 0.0121 
0.0885 0.0588 0.0059 0.0011 0.0323 0.0430 0.0337 0.0433 0.0001 0.0001 0.0487 0.0078 0.2875 0.3153 0.0185 0.0157 
0.0442 0.0235 0.0374 0.0046 0.0024 0.0208 0.0062 0.0393 0.0005 0.0010 0.0283 0.0058 0.0629 0.1351 0.5696 0.0184 
0.0717 0.0363 0.0398 0.0054 0.0013 0.0521 0.0027 0.0383 0.0212 0.0088 0.0409 0.0206 0.1201 0.0366 0.0879 0.4163 
0.3345 0.0736 0.0131 0.0062 0.0045 0.0377 0.0011 0.0303 0.0069 0.0029 0.0434 0.0054 0.1722 0.0303 0.0096 0.2282 
0.1650 0.0745 0.4587 0.0404 0.0102 0.0375 0.0160 0.0367 0.0010 0.0001 0.0521 0.0176 0.0329 0.0390 0.0069 0.0115 
0.0856 0.0460 0.0473 0.0083 0.0086 0.5641 0.0078 0.0478 0.0005 0.0016 0.0483 0.0417 0.0388 0.0447 0.0045 0.0043 
0.0842 0.0554 0.0182 0.0292 0.0024 0.0415 0.0011 0.0511 0.0032 0.0019 0.6189 0.0077 0.0163 0.0446 0.0062 0.0180 
0.0497 0.0486 0.0080 0.0540 0.0026 0.0264 0.0010 0.0216 0.0134 0.0005 0.0240 0.6981 0.0222 0.0225 0.0037 0.0040 
0.0508 0.0227 0.0161 0.0136 0.0027 0.0615 0.0026 0.0259 0.0019 0.0014 0.0289 0.0081 0.7231 0.0236 0.0064 0.0105 
0.0538 0.0272 0.0067 0.0125 0.0042 0.0415 0.0011 0.0286 0.0003 0.0001 0.0951 0.0131 0.6808 0.0280 0.0008 0.0064 
0.0425 0.0327 0.0026 0.0053 0.0021 0.0281 0.0013 0.0203 0.0013 0.0005 0.0204 0.2000 0.6176 0.0228 0.0010 0.0016 
0.0564 0.0371 0.0035 0.0260 0.0018 0.0281 0.0029 0.0302 0.0026 0.0001 0.0332 0.0070 0.7217 0.0304 0.0077 0.0115 
0.0465 0.0252 0.0992 0.0037 0.0010 0.0276 0.0029 0.0240 0.0022 0.0001 0.0248 0.0131 0.6883 0.0236 0.0113 0.0069 
0.0600 0.0331 0.0375 0.0062 0.0005 0.0353 0.0026 0.0310 0.0016 0.0001 0.0310 0.0045 0.7172 0.0287 0.0038 0.0070 
0.0653 0.0444 0.0107 0.0235 0.0008 0.0326 0.0014 0.0310 0.0024 0.0001 0.0315 0.0032 0.7110 0.0326 0.0032 0.0065 
0.0884 0.0446 0.0069 0.0155 0.0120 0.0817 0.0088 0.0430 0.0003 0.0011 0.0471 0.0027 0.5553 0.0671 0.0078 0.0177 
0.0724 0.0420 0.0134 0.0064 0.0011 0.0379 0.0014 0.0427 0.0001 0.0001 0.0449 0.0104 0.6067 0.0363 0.0775 0.0072 
0.0665 0.0324 0.0034 0.0089 0.0024 0.0459 0.0040 0.0344 0.0118 0.0010 0.0513 0.0276 0.6483 0.0318 0.0037 0.0267 
0.0687 0.0302 0.0035 0.0008 0.0008 0.0412 0.0030 0.0310 0.0002 0.0001 0.0497 0.0137 0.7185 0.0294 0.0022 0.0072 
0.0422 0.0847 0.0019 0.0003 0.0006 0.0700 0.0026 0.0201 0.0011 0.0001 0.0254 0.0345 0.6897 0.0193 0.0045 0.0034 
0.0483 0.0527 0.0412 0.0011 0.0003 0.0217 0.0034 0.0233 0.0005 0.0001 0.0407 0.0043 0.7276 0.0225 0.0016 0.0109 
0.0402 0.0227 0.1640 0.0077 0.0001 0.0195 0.0051 0.0204 0.0037 0.0001 0.0208 0.0149 0.6364 0.0265 0.0026 0.0158 
0.0527 0.0260 0.1124 0.0276 0.0010 0.0289 0.0051 0.0246 0.0006 0.0001 0.0262 0.0046 0.6419 0.0260 0.0125 0.0097 
0.0519 0.0449 0.1187 0.0462 0.0057 0.0275 0.0054 0.0254 0.0006 0.0001 0.0279 0.0026 0.5792 0.0270 0.0046 0.0326 
0.0864 0.0476 0.0085 0.1534 0.0216 0.0709 0.0166 0.0458 0.0010 0.0001 0.0463 0.0069 0.2906 0.1778 0.0046 0.0220 
0.1086 0.0663 0.0481 0.0246 0.0206 0.0724 0.0058 0.0668 0.0062 0.0003 0.0645 0.0136 0.3291 0.0546 0.1088 0.0097 
0.0989 0.1070 0.0083 0.0906 0.0065 0.0759 0.0193 0.0613 0.0230 0.0086 0.0653 0.0136 0.1944 0.0548 0.0029 0.1695 
0.2157 0.0826 0.1027 0.0735 0.0046 0.0796 0.0157 0.0657 0.0208 0.0054 0.0733 0.0299 0.1474 0.0641 0.0129 0.0062 
0.0887 0.0842 0.2685 0.0863 0.0027 0.0760 0.0120 0.0442 0.0142 0.0030 0.0599 0.0251 0.1508 0.0428 0.0212 0.0203 
0.0970 0.0484 0.0264 0.3977 0.0121 0.0553 0.0118 0.0547 0.0061 0.0019 0.0602 0.0342 0.0801 0.0500 0.0072 0.0569 
0.1347 0.0554 0.1035 0.1462 0.0275 0.1160 0.0184 0.0778 0.0133 0.0003 0.0618 0.0601 0.0508 0.0733 0.0174 0.0436 
0.1396 0.0553 0.0843 0.1048 0.0391 0.1083 0.0125 0.0725 0.1000 0.0051 0.0716 0.0061 0.0506 0.0867 0.0104 0.0530 
