0.0647 0.0304 0.4101 0.1425 0.0032 0.1070 0.0064 0.0329 0.0072 0.0043 0.0950 0.0163 0.0458 0.0276 0.0021 0.0045 
0.0890 0.1002 0.0530 0.3096 0.0050 0.0844 0.0069 0.0562 0.0236 0.0013 0.0941 0.0719 0.0514 0.0427 0.0042 0.0066 
0.0992 0.0658 0.0284 0.2637 0.0690 0.0642 0.0342 0.0533 0.0107 0.0016 0.0957 0.0668 0.0818 0.0588 0.0035 0.0034 
0.0961 0.0766 0.0224 0.2822 0.0125 0.0626 0.0032 0.0790 0.0018 0.0013 0.0580 0.0133 0.2242 0.0476 0.0045 0.0149 
0.1249 0.0798 0.0133 0.0225 0.0244 0.3136 0.0086 0.0706 0.0348 0.0141 0.0715 0.0390 0.0971 0.0610 0.0126 0.0121 
0.0871 0.0473 0.0208 0.0107 0.0815 0.0425 0.0767 0.0460 0.0051 0.0040 0.4291 0.0200 0.0783 0.0457 0.0024 0.0030 
0.1177 0.0664 0.0276 0.0334 0.0024 0.0517 0.0048 0.0918 0.0008 0.0021 0.0514 0.1434 0.1196 0.0553 0.2266 0.0048 
0.0732 0.0364 0.0550 0.0431 0.0021 0.0409 0.0011 0.0374 0.0607 0.0299 0.0403 0.0081 0.3425 0.0401 0.0050 0.1842 
0.2481 0.0567 0.0358 0.0486 0.0051 0.0581 0.0034 0.0527 0.0032 0.0001 0.0562 0.0086 0.3529 0.0526 0.0059 0.0121 
0.1118 0.0607 0.2480 0.1062 0.0057 0.0719 0.0117 0.0559 0.0014 0.0002 0.0648 0.0085 0.1810 0.0546 0.0088 0.0088 
0.0875 0.0626 0.0139 0.3698 0.0042 0.0665 0.0019 0.0468 0.0008 0.0002 0.0427 0.0150 0.2235 0.0439 0.0129 0.0078 
0.0688 0.0438 0.0252 0.5354 0.0045 0.0342 0.0062 0.0323 0.0145 0.0002 0.0359 0.0062 0.1246 0.0316 0.0091 0.0275 
0.0907 0.0396 0.0709 0.4042 0.0050 0.0880 0.0059 0.0433 0.0006 0.0008 0.0503 0.0097 0.1385 0.0396 0.0048 0.0081 
0.1028 0.0808 0.1613 0.1094 0.0077 0.2087 0.0022 0.0570 0.0099 0.0024 0.0632 0.0171 0.1064 0.0506 0.0062 0.0142 
0.0676 0.1745 0.0212 0.5112 0.0026 0.0289 0.0080 0.0294 0.0080 0.0001 0.0329 0.0208 0.0401 0.0278 0.0040 0.0232 
0.0866 0.0398 0.0901 0.0513 0.0080 0.4867 0.0113 0.0395 0.0008 0.0026 0.0393 0.0267 0.0666 0.0401 0.0069 0.0038 
0.0784 0.0419 0.0933 0.0377 0.0045 0.0622 0.0006 0.0441 0.0021 0.0003 0.5255 0.0034 0.0348 0.0414 0.0073 0.0225 
0.0385 0.0644 0.0051 0.1890 0.0037 0.0208 0.0024 0.0185 0.0030 0.0005 0.0219 0.5904 0.0133 0.0174 0.0050 0.0061 
0.0506 0.0251 0.0342 0.0201 0.0120 0.0882 0.0291 0.0254 0.0006 0.0013 0.0252 0.0227 0.6091 0.0283 0.0139 0.0142 
0.0631 0.0529 0.0364 0.0254 0.0027 0.0398 0.0026 0.0401 0.0011 0.0003 0.0869 0.0053 0.5835 0.0331 0.0073 0.0196 
0.0724 0.0545 0.0142 0.0495 0.0034 0.0514 0.0054 0.0337 0.0129 0.0024 0.0350 0.1118 0.5042 0.0334 0.0050 0.0107 
0.0653 0.0268 0.0470 0.0930 0.0006 0.0278 0.0040 0.0267 0.0018 0.0005 0.0497 0.0029 0.6114 0.0268 0.0061 0.0097 
0.0647 0.0358 0.1473 0.1027 0.0006 0.0345 0.0035 0.0308 0.0035 0.0006 0.0321 0.0334 0.4585 0.0345 0.0075 0.0097 
0.0430 0.0225 0.0390 0.2691 0.0019 0.0272 0.0008 0.0201 0.0001 0.0001 0.0208 0.0022 0.5235 0.0206 0.0048 0.0048 
0.0527 0.0326 0.0228 0.2254 0.0024 0.0387 0.0024 0.0280 0.0003 0.0001 0.0270 0.0016 0.5335 0.0251 0.0038 0.0040 
0.0457 0.0331 0.0093 0.3609 0.0022 0.0543 0.0013 0.0246 0.0021 0.0001 0.0280 0.0029 0.3997 0.0222 0.0037 0.0104 
0.0632 0.0759 0.0236 0.2637 0.0045 0.0425 0.0035 0.0329 0.0013 0.0001 0.0369 0.0085 0.4024 0.0315 0.0019 0.0078 
0.0791 0.0569 0.0209 0.2290 0.0077 0.0698 0.0040 0.0398 0.0014 0.0006 0.0460 0.0187 0.3687 0.0427 0.0030 0.0115 
0.1499 0.0799 0.0636 0.1002 0.0403 0.1046 0.0123 0.0773 0.0045 0.0003 0.1301 0.0246 0.0813 0.1170 0.0080 0.0062 
0.1425 0.0815 0.0420 0.1125 0.0077 0.0850 0.0043 0.0944 0.0029 0.0006 0.1067 0.0502 0.0703 0.0738 0.1121 0.0136 
0.1310 0.0934 0.0238 0.1171 0.0057 0.0698 0.0096 0.0717 0.0267 0.0054 0.0701 0.0254 0.0676 0.0632 0.0110 0.2084 
0.1272 0.0727 0.3584 0.1262 0.0035 0.0487 0.0112 0.0462 0.0125 0.0006 0.0468 0.0115 0.0297 0.0455 0.0080 0.0511 
0.0781 0.0394 0.1258 0.0434 0.0089 0.4904 0.0136 0.0383 0.0016 0.0093 0.0399 0.0083 0.0471 0.0393 0.0059 0.0105 
0.0752 0.0447 0.0394 0.1172 0.0051 0.0452 0.0010 0.0458 0.0029 0.0011 0.5107 0.0085 0.0565 0.0370 0.0026 0.0070 
0.0364 0.0786 0.0045 0.2655 0.0013 0.0171 0.0026 0.0152 0.0038 0.0003 0.0184 0.5174 0.0177 0.0155 0.0034 0.0024 
0.0550 0.0286 0.1710 0.2023 0.0024 0.0276 0.0067 0.0260 0.0011 0.0001 0.0276 0.0048 0.3906 0.0260 0.0153 0.0149 
0.0636 0.0404 0.1040 0.2299 0.0034 0.0522 0.0043 0.0313 0.0002 0.0001 0.0304 0.0038 0.4005 0.0300 0.0010 0.0053 
0.0540 0.0312 0.0089 0.3296 0.0059 0.0724 0.0016 0.0299 0.0003 0.0006 0.0388 0.0011 0.3982 0.0244 0.0026 0.0005 
0.0876 0.0864 0.0192 0.3409 0.0018 0.0612 0.0024 0.0465 0.0077 0.0001 0.0634 0.0248 0.2101 0.0436 0.0013 0.0032 
0.0683 0.0347 0.0085 0.3248 0.0056 0.0591 0.0027 0.0318 0.0034 0.0002 0.0455 0.0326 0.3448 0.0323 0.0037 0.0022 
0.0994 0.0775 0.0503 0.1505 0.0054 0.0641 0.0011 0.0542 0.0005 0.0001 0.0564 0.0160 0.3673 0.0489 0.0022 0.0064 
0.0677 0.0414 0.0054 0.2348 0.0018 0.0629 0.0062 0.0379 0.0035 0.0006 0.0476 0.0097 0.4211 0.0375 0.0065 0.0152 
0.1029 0.0645 0.0915 0.0931 0.0117 0.0620 0.0038 0.0487 0.0037 0.0008 0.0639 0.0190 0.3550 0.0524 0.0094 0.0174 
0.0973 0.0542 0.0131 0.0102 0.2834 0.0759 0.1449 0.0495 0.0006 0.0027 0.0607 0.0240 0.0505 0.1176 0.0048 0.0107 
0.0727 0.0431 0.0281 0.0318 0.0032 0.0353 0.0064 0.2393 0.0006 0.0008 0.0752 0.0069 0.0193 0.0399 0.3817 0.0157 
0.0604 0.0348 0.0556 0.0121 0.0024 0.0629 0.0053 0.0312 0.2625 0.0543 0.0355 0.0313 0.0344 0.0304 0.0053 0.2817 
0.4509 0.1554 0.0625 0.0388 0.0029 0.0462 0.0042 0.0465 0.0054 0.0022 0.0551 0.0073 0.0198 0.0497 0.0102 0.0430 
0.0631 0.0347 0.3062 0.0379 0.0073 0.3974 0.0088 0.0302 0.0010 0.0013 0.0335 0.0177 0.0192 0.0302 0.0051 0.0064 
0.0727 0.0395 0.0470 0.0663 0.0125 0.1728 0.0038 0.0423 0.0005 0.0016 0.4556 0.0097 0.0288 0.0382 0.0037 0.0051 
0.0489 0.0796 0.0083 0.0997 0.0054 0.0302 0.0014 0.0310 0.0062 0.0008 0.0476 0.5974 0.0131 0.0228 0.0038 0.0037 
0.0708 0.0372 0.0035 0.0303 0.0129 0.0775 0.0160 0.0380 0.0099 0.0054 0.0363 0.0511 0.5483 0.0363 0.0142 0.0123 
0.0706 0.0383 0.0356 0.0136 0.0021 0.0380 0.0024 0.0398 0.0043 0.0001 0.1409 0.0040 0.5518 0.0327 0.0081 0.0177 
0.0845 0.0781 0.0740 0.0270 0.0010 0.0460 0.0037 0.0388 0.0129 0.0008 0.0404 0.2222 0.3155 0.0379 0.0037 0.0134 
0.0598 0.0267 0.0510 0.0901 0.0011 0.0284 0.0042 0.0238 0.0024 0.0001 0.0304 0.0016 0.6399 0.0251 0.0056 0.0102 
0.0588 0.0378 0.1081 0.0779 0.0024 0.0377 0.0133 0.0291 0.0005 0.0001 0.0324 0.0099 0.5390 0.0326 0.0094 0.0112 
0.0721 0.0436 0.0305 0.2104 0.0016 0.0412 0.0027 0.0366 0.0001 0.0001 0.0395 0.0054 0.4547 0.0359 0.0174 0.0083 
0.1010 0.0516 0.0141 0.1304 0.0032 0.0761 0.0080 0.0503 0.0037 0.0011 0.0596 0.0053 0.4229 0.0475 0.0112 0.0142 
0.0840 0.0492 0.0233 0.0195 0.3294 0.0538 0.0324 0.0498 0.0010 0.0005 0.0658 0.0110 0.0837 0.1724 0.0088 0.0152 
0.1066 0.0639 0.0475 0.0187 0.2065 0.0516 0.0567 0.1176 0.0010 0.0005 0.0582 0.0232 0.0414 0.0783 0.1192 0.0093 
0.1193 0.0625 0.0123 0.0200 0.0040 0.0856 0.0048 0.1510 0.0153 0.1689 0.0602 0.0200 0.0968 0.0569 0.0443 0.0781 
0.1536 0.0850 0.0078 0.0177 0.0096 0.0513 0.0011 0.0522 0.0700 0.1227 0.0923 0.0209 0.1693 0.0479 0.0037 0.0949 
0.2173 0.0613 0.0085 0.0435 0.0058 0.0776 0.0022 0.0578 0.0034 0.0030 0.1265 0.0906 0.2380 0.0554 0.0062 0.0029 
0.0708 0.0359 0.1113 0.0476 0.0029 0.0431 0.0034 0.0372 0.0032 0.0006 0.1051 0.1596 0.3399 0.0350 0.0013 0.0032 
0.0327 0.0165 0.0064 0.1179 0.0022 0.0240 0.0006 0.0165 0.0010 0.0011 0.0168 0.1681 0.5786 0.0157 0.0003 0.0018 
0.0383 0.0214 0.0050 0.1383 0.0016 0.0192 0.0008 0.0195 0.0021 0.0008 0.0206 0.0083 0.6924 0.0233 0.0053 0.0032 
0.0385 0.0197 0.0043 0.1278 0.0019 0.0219 0.0013 0.0192 0.0011 0.0001 0.0193 0.0080 0.7052 0.0219 0.0069 0.0032 
0.0479 0.0235 0.0085 0.0640 0.0018 0.0265 0.0026 0.0254 0.0013 0.0001 0.0259 0.0016 0.7366 0.0241 0.0065 0.0040 
0.0466 0.0232 0.0019 0.0824 0.0021 0.0380 0.0022 0.0244 0.0019 0.0001 0.0224 0.0037 0.7140 0.0241 0.0053 0.0080 
0.0518 0.0310 0.0046 0.0192 0.0034 0.0450 0.0046 0.0259 0.0005 0.0001 0.0268 0.0035 0.7462 0.0249 0.0077 0.0051 
0.0497 0.0307 0.0064 0.0246 0.0003 0.0284 0.0011 0.0254 0.0021 0.0001 0.0430 0.0051 0.7396 0.0262 0.0024 0.0150 
0.0511 0.0273 0.0086 0.0230 0.0010 0.0334 0.0019 0.0246 0.0046 0.0003 0.0291 0.0371 0.7167 0.0273 0.0056 0.0085 
0.0518 0.0387 0.0527 0.0099 0.0109 0.0345 0.0160 0.0268 0.0016 0.0001 0.0278 0.0083 0.6296 0.0439 0.0201 0.0276 
0.0712 0.0398 0.0987 0.0260 0.0029 0.0409 0.0080 0.0409 0.0002 0.0001 0.0358 0.0059 0.5142 0.0340 0.0490 0.0324 
0.0871 0.0521 0.0332 0.0034 0.0035 0.1804 0.0038 0.0423 0.0133 0.0032 0.0465 0.0166 0.3780 0.0422 0.0072 0.0872 
0.0810 0.0473 0.0350 0.0161 0.0040 0.0430 0.0042 0.0444 0.0029 0.0005 0.4031 0.0196 0.2310 0.0466 0.0053 0.0161 
0.0634 0.0369 0.0487 0.0192 0.0022 0.0629 0.0037 0.0316 0.0024 0.0003 0.0377 0.3677 0.2821 0.0297 0.0051 0.0062 
0.0471 0.0288 0.0423 0.0380 0.0014 0.0276 0.0048 0.0249 0.0026 0.0008 0.0449 0.0133 0.6560 0.0265 0.0064 0.0345 
0.0554 0.0292 0.0484 0.0559 0.0112 0.0292 0.0046 0.0251 0.0011 0.0021 0.0270 0.0593 0.6072 0.0246 0.0029 0.0168 
0.0735 0.0390 0.0332 0.0652 0.0050 0.0532 0.0061 0.0409 0.0011 0.0002 0.0468 0.0085 0.5395 0.0426 0.0129 0.0324 
0.0795 0.0393 0.1064 0.0324 0.0059 0.0455 0.0104 0.0422 0.0080 0.0022 0.0599 0.0225 0.4834 0.0444 0.0117 0.0064 
0.0959 0.0666 0.0149 0.0248 0.0072 0.0888 0.0032 0.0502 0.0045 0.0008 0.0462 0.0304 0.4924 0.0417 0.0069 0.0257 
0.1120 0.0756 0.0537 0.0321 0.0030 0.0981 0.0198 0.0609 0.0134 0.0008 0.0868 0.0091 0.3069 0.0606 0.0066 0.0606 
0.0682 0.1115 0.3895 0.0375 0.0029 0.0324 0.0161 0.0323 0.0155 0.0002 0.0307 0.0260 0.1395 0.0412 0.0185 0.0380 
0.0797 0.0442 0.3619 0.1169 0.0056 0.1059 0.0149 0.0444 0.0016 0.0006 0.0594 0.0080 0.0776 0.0422 0.0208 0.0163 
0.0922 0.0620 0.3787 0.0479 0.0056 0.0609 0.0093 0.0500 0.0030 0.0019 0.0837 0.0153 0.1195 0.0457 0.0110 0.0134 
0.1050 0.0550 0.0233 0.3449 0.0203 0.0753 0.0078 0.0546 0.0073 0.0010 0.0709 0.1094 0.0526 0.0550 0.0081 0.0094 
0.1201 0.0697 0.0280 0.0489 0.1898 0.1277 0.0800 0.0615 0.0083 0.0014 0.0730 0.0390 0.0441 0.0909 0.0078 0.0097 
0.1007 0.1989 0.0772 0.2363 0.0042 0.0481 0.0019 0.0927 0.0101 0.0026 0.0507 0.0187 0.0420 0.0486 0.0364 0.0310 
0.0827 0.0393 0.1027 0.1666 0.0147 0.0767 0.0072 0.0406 0.0442 0.2040 0.0458 0.0246 0.0665 0.0393 0.0018 0.0433 
0.1441 0.1646 0.1927 0.1070 0.0134 0.0775 0.0027 0.0618 0.0026 0.0042 0.0826 0.0081 0.0467 0.0585 0.0163 0.0173 
0.0540 0.0645 0.0361 0.6332 0.0129 0.0315 0.0059 0.0297 0.0117 0.0010 0.0260 0.0222 0.0256 0.0244 0.0126 0.0086 
0.0620 0.0303 0.0359 0.0318 0.4125 0.1958 0.0588 0.0337 0.0018 0.0088 0.0410 0.0136 0.0305 0.0335 0.0064 0.0037 
0.0535 0.0345 0.0241 0.0632 0.0102 0.0465 0.0013 0.4028 0.0037 0.0021 0.2894 0.0088 0.0169 0.0252 0.0120 0.0057 
0.0169 0.0249 0.0088 0.1431 0.0050 0.0109 0.0016 0.0099 0.3888 0.0495 0.0305 0.2864 0.0067 0.0064 0.0011 0.0096 
0.4081 0.0393 0.0361 0.1401 0.0048 0.0623 0.0083 0.0436 0.0067 0.0014 0.0414 0.0251 0.1054 0.0426 0.0067 0.0281 
0.0752 0.0962 0.3006 0.1177 0.0073 0.1147 0.0196 0.0388 0.0064 0.0003 0.0473 0.0097 0.0992 0.0369 0.0169 0.0129 
0.0540 0.1369 0.0342 0.5460 0.0058 0.0265 0.0081 0.0267 0.0104 0.0008 0.0324 0.0069 0.0420 0.0224 0.0137 0.0332 
0.0768 0.0343 0.0684 0.4492 0.0088 0.1463 0.0190 0.0369 0.0061 0.0027 0.0380 0.0198 0.0481 0.0353 0.0038 0.0064 
0.0752 0.0401 0.0482 0.0607 0.3307 0.0578 0.0441 0.0406 0.0069 0.0029 0.2001 0.0086 0.0188 0.0592 0.0037 0.0024 
0.0685 0.0708 0.0081 0.1626 0.0065 0.0473 0.0046 0.2564 0.0099 0.0011 0.0403 0.0551 0.0160 0.0327 0.2123 0.0077 
0.0652 0.0412 0.0225 0.0693 0.0089 0.0502 0.0145 0.0374 0.2527 0.1102 0.0380 0.0200 0.0700 0.0327 0.0042 0.1631 
0.3095 0.1211 0.0409 0.0369 0.0101 0.1392 0.0042 0.0706 0.0048 0.0043 0.0898 0.0294 0.0550 0.0650 0.0062 0.0129 
0.0858 0.1992 0.1968 0.0391 0.0134 0.1706 0.0171 0.0481 0.0150 0.0019 0.0703 0.0225 0.0439 0.0407 0.0097 0.0256 
0.1070 0.0608 0.0602 0.0626 0.1094 0.0877 0.1605 0.0580 0.0050 0.0003 0.1044 0.0401 0.0683 0.0636 0.0040 0.0081 
0.0990 0.1556 0.2080 0.0704 0.0024 0.0511 0.0043 0.1164 0.0035 0.0013 0.0516 0.0768 0.0343 0.0487 0.0668 0.0097 
0.0735 0.0319 0.0450 0.2931 0.0029 0.0361 0.0014 0.0323 0.0925 0.1069 0.0439 0.0070 0.0468 0.0313 0.0136 0.1418 
0.2304 0.0748 0.1067 0.0569 0.0043 0.1596 0.0051 0.0668 0.0043 0.0014 0.0855 0.0292 0.0836 0.0669 0.0066 0.0179 
0.1450 0.1073 0.0679 0.0738 0.0072 0.1503 0.0057 0.0698 0.0008 0.0026 0.1551 0.0308 0.0752 0.0698 0.0053 0.0334 
0.1227 0.1676 0.1053 0.0569 0.0077 0.0788 0.0027 0.0598 0.0034 0.0021 0.0955 0.1139 0.1067 0.0558 0.0045 0.0168 
0.1153 0.0746 0.0345 0.0415 0.0064 0.1452 0.0065 0.0607 0.0022 0.0018 0.0681 0.0879 0.2760 0.0575 0.0091 0.0126 
0.0583 0.0308 0.0232 0.0246 0.0053 0.0430 0.0035 0.0305 0.0027 0.0003 0.2422 0.0173 0.4746 0.0288 0.0054 0.0096 
0.0375 0.0275 0.0185 0.0294 0.0030 0.0220 0.0056 0.0182 0.0013 0.0003 0.0249 0.2963 0.4852 0.0198 0.0016 0.0088 
0.0391 0.0219 0.0088 0.1466 0.0019 0.0166 0.0019 0.0182 0.0022 0.0005 0.0184 0.0169 0.6809 0.0185 0.0037 0.0038 
0.0371 0.0220 0.0494 0.1196 0.0034 0.0212 0.0072 0.0185 0.0045 0.0002 0.0160 0.0032 0.6476 0.0252 0.0107 0.0142 
0.0490 0.0295 0.0751 0.1990 0.0040 0.0272 0.0072 0.0235 0.0008 0.0001 0.0224 0.0010 0.5192 0.0238 0.0097 0.0086 
0.0460 0.0334 0.0177 0.2556 0.0029 0.0272 0.0018 0.0299 0.0029 0.0013 0.0297 0.0026 0.5146 0.0236 0.0057 0.0053 
0.0356 0.0233 0.0327 0.3559 0.0021 0.0212 0.0043 0.0206 0.0081 0.0002 0.0225 0.0086 0.4173 0.0179 0.0072 0.0224 
0.0907 0.0455 0.0359 0.1669 0.0862 0.0918 0.0454 0.0468 0.0014 0.0005 0.0546 0.0126 0.2319 0.0703 0.0040 0.0153 
0.1244 0.0867 0.0193 0.0326 0.0846 0.1603 0.0144 0.0854 0.0027 0.0010 0.0679 0.0134 0.1389 0.0864 0.0754 0.0065 
0.1285 0.0901 0.0270 0.1625 0.0019 0.0647 0.0021 0.0938 0.0243 0.0340 0.0828 0.0216 0.0455 0.0625 0.0238 0.1350 
0.1525 0.0899 0.1358 0.0824 0.0088 0.0712 0.0184 0.0564 0.1370 0.0118 0.0556 0.0387 0.0500 0.0596 0.0088 0.0232 
0.1578 0.0516 0.2703 0.1126 0.0176 0.1272 0.0054 0.0526 0.0003 0.0030 0.0950 0.0083 0.0302 0.0487 0.0067 0.0126 
0.0631 0.3139 0.0839 0.3118 0.0056 0.0449 0.0019 0.0446 0.0056 0.0008 0.0417 0.0256 0.0155 0.0307 0.0056 0.0050 
0.0559 0.0286 0.0522 0.6749 0.0053 0.0394 0.0040 0.0284 0.0093 0.0011 0.0263 0.0240 0.0161 0.0244 0.0061 0.0040 
0.0535 0.0310 0.0188 0.0711 0.3506 0.2962 0.0209 0.0305 0.0016 0.0013 0.0312 0.0069 0.0450 0.0268 0.0104 0.0042 
0.0955 0.0583 0.0212 0.1535 0.0112 0.0575 0.0014 0.2091 0.0065 0.0008 0.2760 0.0155 0.0348 0.0458 0.0037 0.0091 
0.0764 0.0462 0.0115 0.0863 0.0078 0.0425 0.0013 0.0383 0.1768 0.0626 0.0478 0.3179 0.0396 0.0340 0.0018 0.0093 
0.2201 0.0471 0.0281 0.0481 0.0081 0.0859 0.0024 0.0537 0.0032 0.0016 0.0727 0.0256 0.3473 0.0452 0.0061 0.0050 
0.0968 0.0831 0.1001 0.0939 0.0032 0.0497 0.0034 0.0521 0.0022 0.0003 0.0720 0.0567 0.3309 0.0463 0.0040 0.0053 
0.0679 0.0420 0.0094 0.1419 0.0024 0.0971 0.0042 0.0342 0.0080 0.0003 0.0332 0.0307 0.4882 0.0334 0.0030 0.0042 
0.0727 0.0551 0.0133 0.0765 0.0026 0.0366 0.0013 0.0316 0.0018 0.0003 0.0425 0.0029 0.6105 0.0342 0.0073 0.0109 
0.0647 0.0404 0.0243 0.1396 0.0003 0.0348 0.0032 0.0315 0.0065 0.0003 0.0340 0.0128 0.5617 0.0345 0.0058 0.0056 
0.0730 0.0372 0.1053 0.0909 0.0010 0.0372 0.0032 0.0351 0.0010 0.0003 0.0391 0.0045 0.5133 0.0380 0.0102 0.0107 
0.0934 0.0500 0.0597 0.2389 0.0069 0.0462 0.0026 0.0478 0.0001 0.0001 0.0482 0.0040 0.3410 0.0466 0.0097 0.0053 
0.1024 0.0529 0.0196 0.2037 0.1011 0.0832 0.0115 0.0543 0.0001 0.0001 0.0524 0.0042 0.1259 0.1762 0.0070 0.0058 
0.0960 0.0930 0.0043 0.3085 0.0070 0.0439 0.0010 0.0682 0.0008 0.0001 0.0479 0.0035 0.1647 0.0454 0.1104 0.0054 
0.1150 0.0559 0.0056 0.1474 0.0219 0.1870 0.0035 0.0599 0.0262 0.0391 0.0636 0.0097 0.1533 0.0573 0.0042 0.0503 
0.1768 0.0767 0.0184 0.0176 0.0117 0.0978 0.0008 0.0717 0.0024 0.0006 0.2171 0.0134 0.2259 0.0620 0.0034 0.0038 
0.0946 0.1637 0.0053 0.0775 0.0077 0.0741 0.0008 0.0513 0.0078 0.0013 0.0498 0.2265 0.1773 0.0449 0.0045 0.0131 
0.0792 0.0455 0.0438 0.1414 0.0006 0.0380 0.0026 0.0396 0.0043 0.0001 0.0514 0.0027 0.4848 0.0382 0.0046 0.0232 
0.1142 0.0556 0.1726 0.0864 0.0008 0.0685 0.0077 0.0514 0.0021 0.0001 0.0522 0.0300 0.2719 0.0578 0.0166 0.0121 
0.0880 0.0791 0.0810 0.2206 0.0016 0.0500 0.0026 0.0449 0.0003 0.0001 0.0479 0.0029 0.3123 0.0457 0.0107 0.0126 
0.0641 0.0339 0.0238 0.3794 0.0144 0.0450 0.0061 0.0361 0.0014 0.0003 0.0307 0.0053 0.3003 0.0329 0.0144 0.0120 
0.0938 0.0631 0.0304 0.3324 0.0323 0.0668 0.0097 0.0602 0.0069 0.0001 0.0463 0.0089 0.1027 0.0618 0.0104 0.0744 
0.1273 0.0522 0.0173 0.2040 0.0411 0.1243 0.0169 0.0796 0.0947 0.0016 0.0599 0.0042 0.0597 0.0744 0.0110 0.0318 
