0.0992 0.0439 0.3296 0.1629 0.0019 0.0688 0.0125 0.0390 0.0105 0.0075 0.1032 0.0249 0.0380 0.0382 0.0034 0.0165 
0.0804 0.0628 0.0264 0.0233 0.0073 0.5140 0.0026 0.0411 0.0010 0.0014 0.0984 0.0559 0.0355 0.0379 0.0021 0.0101 
0.0770 0.0406 0.0038 0.0399 0.0053 0.0476 0.0021 0.0419 0.0010 0.0042 0.5645 0.0721 0.0586 0.0367 0.0030 0.0018 
0.0313 0.0279 0.0006 0.0278 0.0019 0.0182 0.0003 0.0176 0.0046 0.0006 0.0238 0.6362 0.1900 0.0164 0.0011 0.0016 
0.0517 0.0259 0.0013 0.0232 0.0034 0.0350 0.0050 0.0272 0.0030 0.0008 0.0275 0.0211 0.7424 0.0267 0.0038 0.0022 
0.0538 0.0288 0.0069 0.0016 0.0022 0.0350 0.0010 0.0305 0.0019 0.0005 0.0332 0.0097 0.7504 0.0294 0.0077 0.0073 
0.0561 0.0292 0.0034 0.0002 0.0019 0.0377 0.0030 0.0311 0.0032 0.0001 0.0308 0.0363 0.7217 0.0268 0.0069 0.0118 
0.0665 0.0307 0.0030 0.0001 0.0006 0.0441 0.0032 0.0315 0.0010 0.0001 0.0403 0.0059 0.7353 0.0319 0.0016 0.0048 
0.0609 0.0372 0.0040 0.0001 0.0003 0.0342 0.0101 0.0294 0.0014 0.0001 0.0334 0.0142 0.7382 0.0286 0.0051 0.0032 
0.0599 0.0318 0.0158 0.0001 0.0021 0.0281 0.0149 0.0300 0.0001 0.0001 0.0404 0.0070 0.7199 0.0356 0.0058 0.0088 
0.0569 0.0260 0.0141 0.0002 0.0008 0.0246 0.0008 0.0284 0.0010 0.0001 0.0275 0.0212 0.7044 0.0436 0.0348 0.0158 
0.0642 0.0284 0.0222 0.0008 0.0005 0.0267 0.0040 0.0289 0.0072 0.0002 0.0275 0.0024 0.6708 0.0272 0.0195 0.0696 
0.0657 0.0335 0.0163 0.0024 0.0008 0.0334 0.0070 0.0305 0.0029 0.0006 0.0436 0.0013 0.7072 0.0337 0.0030 0.0181 
0.0615 0.0316 0.0171 0.0026 0.0008 0.0299 0.0021 0.0288 0.0001 0.0001 0.0327 0.0380 0.7208 0.0283 0.0045 0.0016 
0.0530 0.0280 0.0061 0.0173 0.0003 0.0299 0.0037 0.0281 0.0029 0.0001 0.0391 0.0105 0.7450 0.0273 0.0054 0.0035 
0.0534 0.0312 0.0013 0.0107 0.0016 0.0556 0.0029 0.0264 0.0019 0.0001 0.0307 0.0115 0.7314 0.0262 0.0058 0.0097 
0.0596 0.0476 0.0364 0.0008 0.0123 0.0265 0.0296 0.0267 0.0001 0.0001 0.0280 0.0099 0.6770 0.0300 0.0073 0.0085 
0.0625 0.0573 0.0120 0.0061 0.0002 0.0278 0.0035 0.0468 0.0005 0.0001 0.0353 0.0073 0.6470 0.0340 0.0307 0.0292 
0.0941 0.0519 0.1321 0.0351 0.0003 0.0435 0.0188 0.0436 0.0471 0.0005 0.0436 0.0032 0.0681 0.0307 0.0190 0.3684 
0.0926 0.0331 0.6218 0.0313 0.0018 0.0319 0.0096 0.0287 0.0008 0.0001 0.0313 0.0032 0.0206 0.0303 0.0374 0.0256 
0.0813 0.0412 0.2544 0.0192 0.0066 0.4141 0.0042 0.0407 0.0001 0.0005 0.0419 0.0121 0.0173 0.0379 0.0105 0.0184 
0.0757 0.0387 0.0019 0.0243 0.0034 0.1243 0.0011 0.0458 0.0016 0.0003 0.5895 0.0180 0.0257 0.0388 0.0021 0.0088 
0.0447 0.0810 0.0005 0.0190 0.0011 0.0406 0.0013 0.0227 0.0018 0.0010 0.0426 0.6890 0.0284 0.0220 0.0019 0.0024 
0.0500 0.0398 0.0029 0.0115 0.0075 0.0249 0.0035 0.0244 0.0019 0.0002 0.0463 0.0347 0.7153 0.0241 0.0065 0.0064 
0.0345 0.0182 0.1471 0.0032 0.0005 0.0197 0.0059 0.0173 0.0003 0.0001 0.0173 0.0297 0.6737 0.0166 0.0029 0.0133 
0.0511 0.0265 0.0355 0.0013 0.0022 0.0482 0.0043 0.0246 0.0001 0.0002 0.0272 0.0083 0.7407 0.0244 0.0014 0.0040 
0.0548 0.0305 0.0032 0.0046 0.0027 0.0262 0.0008 0.0326 0.0002 0.0001 0.0457 0.0107 0.7568 0.0268 0.0029 0.0016 
0.0525 0.0257 0.0010 0.0133 0.0005 0.0267 0.0056 0.0294 0.0053 0.0001 0.0323 0.0249 0.7413 0.0308 0.0056 0.0054 
0.0473 0.0351 0.0268 0.0002 0.0014 0.0307 0.0091 0.0236 0.0040 0.0001 0.0299 0.0177 0.7243 0.0252 0.0120 0.0126 
0.0530 0.0575 0.0214 0.0010 0.0120 0.0240 0.0037 0.0252 0.0001 0.0001 0.0256 0.0080 0.6843 0.0241 0.0110 0.0494 
0.0650 0.0358 0.0525 0.0008 0.0043 0.0490 0.0171 0.0369 0.0005 0.0018 0.0377 0.0057 0.0719 0.5844 0.0168 0.0198 
0.0490 0.0283 0.0490 0.0035 0.0005 0.0280 0.0024 0.0316 0.0018 0.0003 0.0391 0.0042 0.0462 0.0240 0.6551 0.0371 
0.0753 0.0586 0.0208 0.0069 0.0018 0.0372 0.0069 0.0380 0.0054 0.0021 0.0508 0.0361 0.0644 0.0355 0.0046 0.5557 
0.4478 0.0657 0.0701 0.0088 0.0014 0.0688 0.0086 0.0625 0.0002 0.0001 0.0693 0.0109 0.0754 0.0660 0.0112 0.0335 
0.0771 0.0636 0.5835 0.0161 0.0019 0.0514 0.0112 0.0401 0.0013 0.0001 0.0417 0.0045 0.0502 0.0382 0.0118 0.0075 
0.0919 0.0591 0.0368 0.0018 0.0064 0.5812 0.0019 0.0483 0.0010 0.0001 0.0663 0.0045 0.0324 0.0447 0.0074 0.0165 
0.0903 0.0511 0.0470 0.0018 0.0022 0.0473 0.0008 0.0465 0.0018 0.0005 0.6281 0.0145 0.0184 0.0401 0.0011 0.0086 
0.0441 0.0658 0.0131 0.0032 0.0024 0.0273 0.0003 0.0222 0.0081 0.0011 0.0270 0.7190 0.0395 0.0220 0.0011 0.0037 
0.0548 0.0236 0.0535 0.0080 0.0014 0.0214 0.0050 0.0228 0.0013 0.0001 0.0380 0.0104 0.7211 0.0224 0.0061 0.0104 
0.0484 0.0262 0.0420 0.0096 0.0014 0.0284 0.0061 0.0233 0.0011 0.0001 0.0292 0.0177 0.7216 0.0291 0.0021 0.0139 
0.0546 0.0276 0.0040 0.0294 0.0008 0.0276 0.0016 0.0278 0.0006 0.0002 0.0294 0.0149 0.7464 0.0272 0.0062 0.0016 
0.0519 0.0275 0.0008 0.0273 0.0021 0.0289 0.0030 0.0270 0.0032 0.0001 0.0313 0.0040 0.7532 0.0264 0.0069 0.0067 
0.0516 0.0296 0.0113 0.0113 0.0038 0.0363 0.0118 0.0272 0.0006 0.0001 0.0278 0.0080 0.7431 0.0265 0.0043 0.0067 
0.0585 0.0546 0.0198 0.0073 0.0046 0.0264 0.0056 0.0296 0.0005 0.0001 0.0267 0.0048 0.6918 0.0292 0.0118 0.0288 
0.0712 0.0428 0.0364 0.0056 0.0070 0.0645 0.0300 0.0377 0.0172 0.0002 0.0374 0.0046 0.3324 0.0431 0.0326 0.2372 
0.1058 0.0581 0.1634 0.0173 0.0024 0.0591 0.0171 0.0537 0.0120 0.0006 0.0984 0.0045 0.2297 0.0494 0.0260 0.1026 
0.1073 0.2505 0.3112 0.0776 0.0010 0.0182 0.0097 0.0174 0.0169 0.0026 0.0182 0.0251 0.0248 0.0203 0.0021 0.0971 
0.0941 0.0391 0.2302 0.0674 0.0205 0.3215 0.0043 0.0320 0.0038 0.0030 0.0324 0.0190 0.0923 0.0324 0.0043 0.0035 
0.0744 0.0698 0.0297 0.0910 0.0182 0.1244 0.0034 0.0466 0.0008 0.0011 0.4603 0.0048 0.0251 0.0374 0.0008 0.0121 
0.0251 0.0102 0.0014 0.2706 0.0026 0.0089 0.0011 0.0145 0.0042 0.0011 0.1208 0.5216 0.0065 0.0088 0.0010 0.0016 
0.0265 0.0150 0.0169 0.0617 0.0027 0.0149 0.0005 0.0141 0.0225 0.0010 0.0141 0.2391 0.5564 0.0123 0.0016 0.0008 
0.0420 0.0209 0.0027 0.1174 0.0040 0.0332 0.0022 0.0230 0.0013 0.0005 0.0206 0.0050 0.6972 0.0224 0.0005 0.0070 
0.0550 0.0264 0.0045 0.0406 0.0021 0.0452 0.0006 0.0281 0.0010 0.0001 0.0252 0.0037 0.7338 0.0278 0.0054 0.0006 
0.0541 0.0366 0.0053 0.0398 0.0016 0.0260 0.0008 0.0281 0.0048 0.0002 0.0323 0.0027 0.7330 0.0273 0.0056 0.0019 
0.0575 0.0256 0.0010 0.0751 0.0008 0.0294 0.0035 0.0273 0.0014 0.0001 0.0254 0.0110 0.7037 0.0278 0.0040 0.0067 
0.0551 0.0262 0.0072 0.0070 0.0005 0.0936 0.0010 0.0270 0.0013 0.0001 0.0281 0.0013 0.7142 0.0264 0.0069 0.0045 
0.0612 0.0498 0.0008 0.0057 0.0005 0.0327 0.0010 0.0294 0.0005 0.0001 0.0351 0.0035 0.7459 0.0291 0.0029 0.0021 
0.0583 0.0433 0.0021 0.0083 0.0002 0.0268 0.0034 0.0294 0.0003 0.0001 0.0300 0.0054 0.7577 0.0286 0.0038 0.0026 
0.0534 0.0276 0.0275 0.0040 0.0002 0.0260 0.0032 0.0265 0.0019 0.0001 0.0278 0.0054 0.7425 0.0307 0.0059 0.0176 
0.0530 0.0273 0.0272 0.0053 0.0019 0.0240 0.0123 0.0265 0.0006 0.0001 0.0348 0.0069 0.7441 0.0275 0.0045 0.0043 
0.0602 0.0318 0.0380 0.0099 0.0048 0.0288 0.0046 0.0280 0.0003 0.0001 0.0379 0.0101 0.6830 0.0428 0.0034 0.0166 
0.0954 0.0607 0.0166 0.0137 0.0152 0.0572 0.0326 0.0467 0.0136 0.0002 0.0484 0.0086 0.1657 0.3044 0.0190 0.1021 
0.0751 0.0524 0.1920 0.0225 0.0037 0.0337 0.0174 0.0369 0.0013 0.0029 0.0332 0.0086 0.0625 0.0388 0.3383 0.0808 
0.0805 0.0412 0.0176 0.0097 0.0050 0.2290 0.0117 0.0490 0.0037 0.1729 0.0468 0.0125 0.1834 0.0417 0.0021 0.0933 
0.1309 0.0709 0.0038 0.0273 0.0042 0.0439 0.0014 0.0407 0.0046 0.0064 0.5443 0.0173 0.0553 0.0406 0.0046 0.0037 
0.0545 0.0652 0.0038 0.0683 0.0021 0.0345 0.0064 0.0265 0.0089 0.0014 0.0556 0.6099 0.0303 0.0254 0.0032 0.0040 
0.0920 0.0506 0.1886 0.0177 0.0019 0.0573 0.0064 0.0457 0.0014 0.0024 0.0495 0.0575 0.3514 0.0457 0.0091 0.0227 
0.0733 0.0358 0.0321 0.0120 0.0029 0.1248 0.0018 0.0372 0.0013 0.0006 0.0597 0.0161 0.5511 0.0353 0.0112 0.0048 
0.0862 0.0714 0.0246 0.0379 0.0011 0.0450 0.0024 0.0431 0.0054 0.0006 0.0661 0.1009 0.4681 0.0417 0.0018 0.0035 
0.0533 0.0217 0.0016 0.2413 0.0003 0.0217 0.0050 0.0184 0.0014 0.0001 0.0190 0.0358 0.5558 0.0214 0.0014 0.0019 
0.0513 0.0252 0.0625 0.0299 0.0006 0.0473 0.0026 0.0244 0.0001 0.0002 0.0264 0.0018 0.6911 0.0249 0.0091 0.0029 
0.0570 0.0391 0.0046 0.0327 0.0013 0.0380 0.0006 0.0292 0.0001 0.0001 0.0351 0.0043 0.7233 0.0280 0.0029 0.0040 
0.0533 0.0321 0.0016 0.0465 0.0010 0.0281 0.0014 0.0283 0.0005 0.0001 0.0318 0.0086 0.7381 0.0260 0.0021 0.0008 
0.0570 0.0300 0.0067 0.0193 0.0002 0.0391 0.0026 0.0308 0.0013 0.0001 0.0318 0.0093 0.7278 0.0329 0.0021 0.0093 
0.0490 0.0467 0.0577 0.0091 0.0021 0.0243 0.0037 0.0241 0.0019 0.0001 0.0273 0.0072 0.7023 0.0267 0.0104 0.0077 
0.0524 0.0297 0.0403 0.0066 0.0077 0.0313 0.0050 0.0252 0.0002 0.0001 0.0316 0.0035 0.6697 0.0257 0.0113 0.0599 
0.0687 0.0403 0.0149 0.0061 0.0094 0.0753 0.0121 0.0390 0.0021 0.0003 0.0661 0.0069 0.0768 0.4916 0.0040 0.0864 
0.0551 0.0284 0.1368 0.0102 0.0010 0.0256 0.0027 0.0302 0.0005 0.0046 0.0508 0.0391 0.0709 0.0268 0.5116 0.0056 
0.0637 0.1065 0.0410 0.0137 0.0046 0.0519 0.0053 0.0310 0.0050 0.0046 0.0308 0.0323 0.1132 0.0326 0.0040 0.4598 
0.1524 0.0374 0.0050 0.0412 0.0091 0.1056 0.0048 0.0404 0.0003 0.0038 0.1300 0.0053 0.4188 0.0372 0.0073 0.0013 
0.0688 0.0739 0.0129 0.0056 0.0040 0.0660 0.0014 0.0433 0.0013 0.0056 0.2956 0.2367 0.1474 0.0342 0.0005 0.0027 
0.0358 0.0241 0.0001 0.0201 0.0013 0.0674 0.0021 0.0203 0.0035 0.0008 0.0299 0.5394 0.2384 0.0161 0.0006 0.0003 
0.0510 0.0257 0.0069 0.0006 0.0003 0.0310 0.0013 0.0262 0.0011 0.0001 0.0780 0.0137 0.7330 0.0270 0.0024 0.0018 
0.0410 0.0230 0.0030 0.0005 0.0005 0.0192 0.0010 0.0204 0.0003 0.0001 0.0257 0.1335 0.6992 0.0230 0.0062 0.0035 
0.0535 0.0273 0.0120 0.0003 0.0003 0.0246 0.0014 0.0276 0.0008 0.0001 0.0307 0.0102 0.7681 0.0278 0.0104 0.0051 
0.0541 0.0268 0.0050 0.0010 0.0002 0.0275 0.0043 0.0263 0.0010 0.0001 0.0268 0.0059 0.7504 0.0382 0.0029 0.0299 
0.0533 0.0264 0.0508 0.0021 0.0035 0.0233 0.0273 0.0251 0.0011 0.0001 0.0273 0.0035 0.6953 0.0351 0.0104 0.0157 
0.0562 0.0270 0.0840 0.0006 0.0056 0.0363 0.0944 0.0272 0.0001 0.0001 0.0262 0.0040 0.1604 0.4224 0.0273 0.0286 
0.0618 0.0331 0.0230 0.0024 0.0002 0.0323 0.0045 0.0385 0.0016 0.0011 0.0668 0.0014 0.0942 0.0339 0.5356 0.0696 
0.0562 0.0629 0.0193 0.0037 0.0016 0.0240 0.0182 0.0248 0.0272 0.0048 0.0228 0.0615 0.0347 0.0219 0.0107 0.6057 
0.2117 0.0804 0.1433 0.0155 0.0174 0.1005 0.0867 0.0676 0.0209 0.0002 0.0700 0.0233 0.0479 0.0768 0.0067 0.0312 
0.1027 0.0489 0.2947 0.0045 0.0364 0.1446 0.0126 0.0581 0.0671 0.0029 0.0538 0.0083 0.0359 0.0768 0.0078 0.0447 
