0.0986 0.0396 0.1620 0.3243 0.0058 0.1094 0.0189 0.0375 0.0043 0.0043 0.0748 0.0200 0.0497 0.0363 0.0032 0.0113 
0.0660 0.0778 0.1196 0.0641 0.0067 0.3564 0.0101 0.0427 0.0003 0.0014 0.1390 0.0152 0.0554 0.0319 0.0035 0.0099 
0.0811 0.0516 0.0184 0.1177 0.0069 0.0677 0.0051 0.0422 0.0168 0.0013 0.3490 0.1275 0.0687 0.0382 0.0043 0.0037 
0.1017 0.0990 0.0059 0.1051 0.0014 0.0744 0.0024 0.0525 0.0091 0.0006 0.0559 0.2907 0.1439 0.0500 0.0013 0.0059 
0.0768 0.0382 0.0085 0.0353 0.0035 0.0770 0.0016 0.0372 0.0013 0.0038 0.0727 0.0208 0.5729 0.0361 0.0043 0.0101 
0.0618 0.0498 0.0065 0.0037 0.0126 0.0819 0.0008 0.0355 0.0002 0.0008 0.0510 0.1100 0.5462 0.0307 0.0054 0.0030 
0.0733 0.0479 0.0037 0.0121 0.0008 0.0347 0.0051 0.0380 0.0029 0.0001 0.0636 0.0514 0.6157 0.0364 0.0014 0.0131 
0.0591 0.0256 0.0327 0.0161 0.0002 0.0246 0.0024 0.0251 0.0073 0.0002 0.0235 0.0479 0.7053 0.0256 0.0024 0.0021 
0.0521 0.0265 0.0503 0.0054 0.0018 0.0273 0.0014 0.0257 0.0008 0.0002 0.0257 0.0008 0.7473 0.0262 0.0056 0.0029 
0.0538 0.0267 0.0008 0.0172 0.0011 0.0532 0.0008 0.0297 0.0001 0.0001 0.0294 0.0056 0.7505 0.0265 0.0034 0.0014 
0.0576 0.0455 0.0003 0.0043 0.0008 0.0366 0.0018 0.0286 0.0051 0.0001 0.0308 0.0085 0.7474 0.0292 0.0018 0.0019 
0.0609 0.0300 0.0006 0.0193 0.0002 0.0268 0.0010 0.0291 0.0006 0.0001 0.0304 0.0046 0.7490 0.0350 0.0080 0.0045 
0.0533 0.0260 0.0676 0.0027 0.0003 0.0283 0.0040 0.0252 0.0014 0.0001 0.0256 0.0035 0.7212 0.0283 0.0099 0.0029 
0.0574 0.0304 0.0083 0.0040 0.0005 0.0340 0.0021 0.0278 0.0003 0.0001 0.0308 0.0014 0.7626 0.0278 0.0077 0.0051 
0.0567 0.0323 0.0002 0.0045 0.0001 0.0532 0.0042 0.0294 0.0002 0.0001 0.0316 0.0029 0.7516 0.0276 0.0018 0.0042 
0.0490 0.1101 0.0021 0.0066 0.0001 0.0220 0.0054 0.0236 0.0026 0.0001 0.0276 0.0073 0.7020 0.0251 0.0061 0.0105 
0.0673 0.0363 0.0661 0.0273 0.0005 0.0305 0.0053 0.0315 0.0002 0.0001 0.0312 0.0026 0.6511 0.0318 0.0053 0.0134 
0.0190 0.0099 0.3653 0.0093 0.0005 0.0220 0.0035 0.0107 0.0002 0.0001 0.0171 0.0003 0.5192 0.0102 0.0032 0.0097 
0.0495 0.0503 0.0263 0.1720 0.0013 0.0228 0.0014 0.0246 0.0010 0.0001 0.0275 0.0192 0.5715 0.0246 0.0026 0.0056 
0.0754 0.0366 0.0035 0.3157 0.0081 0.0660 0.0088 0.0375 0.0032 0.0002 0.0403 0.0069 0.3678 0.0193 0.0029 0.0078 
0.1382 0.0982 0.0602 0.0612 0.0332 0.0848 0.0045 0.0720 0.0043 0.0001 0.0874 0.0097 0.1487 0.1214 0.0629 0.0131 
0.0884 0.0513 0.0072 0.0732 0.0089 0.1249 0.0190 0.0500 0.0026 0.0035 0.0459 0.0086 0.1531 0.0470 0.2229 0.0936 
0.1190 0.0545 0.1131 0.0157 0.0024 0.0762 0.0011 0.0534 0.0187 0.0272 0.1573 0.0040 0.0470 0.0522 0.0134 0.2449 
0.2005 0.1456 0.0484 0.0192 0.0045 0.0995 0.0032 0.0599 0.0233 0.0089 0.0877 0.1831 0.0225 0.0617 0.0061 0.0259 
0.1173 0.0746 0.2301 0.0158 0.0142 0.1773 0.0059 0.0569 0.0032 0.0016 0.0991 0.0864 0.0503 0.0540 0.0077 0.0056 
0.1214 0.0628 0.0174 0.0112 0.0024 0.2784 0.0038 0.0749 0.0022 0.0014 0.2313 0.0773 0.0510 0.0580 0.0019 0.0045 
0.0933 0.0530 0.0086 0.0061 0.0018 0.0522 0.0022 0.0478 0.0070 0.0008 0.3410 0.2399 0.0928 0.0468 0.0010 0.0057 
0.0434 0.0217 0.0176 0.0048 0.0014 0.0225 0.0006 0.0209 0.0014 0.0003 0.0291 0.4459 0.3657 0.0217 0.0013 0.0016 
0.0537 0.0267 0.0137 0.0064 0.0016 0.0294 0.0010 0.0278 0.0010 0.0001 0.0302 0.0155 0.7599 0.0286 0.0018 0.0030 
0.0562 0.0276 0.0018 0.0086 0.0008 0.0334 0.0027 0.0291 0.0002 0.0001 0.0275 0.0086 0.7663 0.0294 0.0050 0.0030 
0.0572 0.0339 0.0014 0.0043 0.0006 0.0273 0.0011 0.0283 0.0006 0.0001 0.0292 0.0030 0.7684 0.0355 0.0042 0.0051 
0.0564 0.0288 0.0046 0.0040 0.0003 0.0272 0.0022 0.0280 0.0016 0.0001 0.0291 0.0048 0.7690 0.0334 0.0066 0.0042 
0.0543 0.0268 0.0203 0.0019 0.0006 0.0281 0.0021 0.0270 0.0006 0.0001 0.0288 0.0030 0.7562 0.0297 0.0081 0.0125 
0.0538 0.0264 0.0157 0.0029 0.0005 0.0288 0.0085 0.0264 0.0010 0.0001 0.0307 0.0061 0.7538 0.0272 0.0048 0.0139 
0.0565 0.0289 0.0141 0.0065 0.0013 0.0252 0.0067 0.0252 0.0005 0.0002 0.0284 0.0091 0.7316 0.0308 0.0056 0.0294 
0.0495 0.0273 0.0457 0.0072 0.0022 0.0299 0.0214 0.0241 0.0018 0.0003 0.0251 0.0109 0.5171 0.1587 0.0125 0.0663 
0.0999 0.0465 0.0732 0.0115 0.0019 0.0535 0.0113 0.0465 0.0018 0.0010 0.0800 0.0069 0.3234 0.0559 0.1449 0.0419 
0.1008 0.0543 0.0995 0.0201 0.0027 0.0597 0.0184 0.0487 0.0058 0.0040 0.0626 0.0356 0.1610 0.0704 0.0050 0.2513 
0.1800 0.0925 0.1152 0.0530 0.0081 0.0653 0.0278 0.0633 0.0067 0.0024 0.0856 0.0377 0.1412 0.0756 0.0268 0.0187 
0.1247 0.0792 0.1068 0.0489 0.0051 0.1824 0.0042 0.0639 0.0168 0.0059 0.0720 0.0318 0.1100 0.0637 0.0259 0.0588 
0.1171 0.0628 0.1288 0.0845 0.0067 0.0685 0.0021 0.0589 0.0112 0.0091 0.2696 0.0280 0.0567 0.0588 0.0064 0.0308 
0.1053 0.0722 0.1188 0.0669 0.0107 0.0918 0.0019 0.0503 0.0014 0.0019 0.0695 0.3268 0.0233 0.0462 0.0034 0.0096 
0.1299 0.1029 0.0093 0.0728 0.0050 0.1735 0.0054 0.0661 0.0056 0.0006 0.0949 0.0398 0.2134 0.0637 0.0038 0.0133 
0.0947 0.0462 0.0096 0.0564 0.0054 0.0604 0.0053 0.0482 0.0022 0.0016 0.2586 0.0527 0.3078 0.0454 0.0011 0.0045 
0.0430 0.0243 0.0099 0.0137 0.0011 0.0318 0.0008 0.0227 0.0013 0.0003 0.0254 0.3978 0.4056 0.0204 0.0008 0.0011 
0.0522 0.0270 0.0034 0.0256 0.0006 0.0307 0.0018 0.0264 0.0042 0.0005 0.0294 0.0211 0.7478 0.0265 0.0013 0.0018 
0.0558 0.0281 0.0006 0.0072 0.0006 0.0380 0.0016 0.0281 0.0001 0.0003 0.0305 0.0051 0.7700 0.0281 0.0034 0.0026 
0.0538 0.0310 0.0011 0.0008 0.0003 0.0281 0.0008 0.0264 0.0011 0.0001 0.0307 0.0147 0.7677 0.0364 0.0054 0.0018 
0.0586 0.0275 0.0016 0.0016 0.0003 0.0307 0.0016 0.0275 0.0008 0.0001 0.0319 0.0081 0.7708 0.0287 0.0075 0.0029 
0.0530 0.0345 0.0168 0.0001 0.0037 0.0260 0.0048 0.0267 0.0003 0.0001 0.0271 0.0053 0.7405 0.0268 0.0053 0.0294 
0.0511 0.0251 0.0046 0.0003 0.0275 0.0324 0.0295 0.0252 0.0001 0.0001 0.0244 0.0027 0.6500 0.1138 0.0069 0.0065 
0.0473 0.0503 0.0256 0.0002 0.0001 0.0200 0.0022 0.0380 0.0002 0.0001 0.0230 0.0013 0.6110 0.0224 0.1476 0.0115 
0.0615 0.0297 0.0018 0.0117 0.0005 0.0291 0.0026 0.0289 0.0410 0.0093 0.0385 0.0072 0.5520 0.0287 0.0056 0.1521 
0.1348 0.0299 0.0125 0.0003 0.0019 0.0425 0.0014 0.0313 0.0001 0.0001 0.0385 0.0073 0.6566 0.0291 0.0120 0.0022 
0.0762 0.0824 0.0283 0.0008 0.0059 0.0449 0.0043 0.0395 0.0003 0.0001 0.0605 0.0254 0.5740 0.0415 0.0016 0.0144 
0.0679 0.0597 0.0019 0.0252 0.0024 0.0265 0.0001 0.0267 0.0027 0.0001 0.0310 0.0393 0.6685 0.0296 0.0099 0.0088 
0.0431 0.0230 0.0286 0.0016 0.0006 0.0575 0.0081 0.0224 0.0040 0.0001 0.0236 0.0109 0.6791 0.0227 0.0062 0.0684 
0.0481 0.0235 0.0097 0.0014 0.0010 0.0377 0.0054 0.0235 0.0003 0.0001 0.1373 0.0040 0.6594 0.0249 0.0030 0.0208 
0.0161 0.0217 0.0037 0.0003 0.0026 0.0152 0.0006 0.0091 0.0002 0.0001 0.0149 0.3520 0.5536 0.0066 0.0027 0.0008 
0.0470 0.0243 0.0013 0.0024 0.0005 0.0302 0.0032 0.0281 0.0010 0.0001 0.0383 0.0471 0.7341 0.0228 0.0057 0.0142 
0.0530 0.0281 0.0075 0.0005 0.0014 0.0347 0.0061 0.0259 0.0003 0.0002 0.0278 0.0235 0.7526 0.0267 0.0006 0.0112 
0.0622 0.0320 0.0051 0.0001 0.0014 0.0358 0.0011 0.0284 0.0005 0.0002 0.0334 0.0046 0.7595 0.0272 0.0029 0.0059 
0.0497 0.0366 0.0048 0.0001 0.0006 0.0262 0.0037 0.0276 0.0005 0.0001 0.0417 0.0180 0.7532 0.0265 0.0057 0.0054 
0.0498 0.0265 0.0038 0.0001 0.0002 0.0281 0.0043 0.0259 0.0019 0.0001 0.0276 0.0386 0.7370 0.0310 0.0077 0.0179 
0.0573 0.0297 0.0109 0.0002 0.0001 0.0271 0.0051 0.0268 0.0016 0.0001 0.0295 0.0046 0.7518 0.0303 0.0059 0.0192 
0.0513 0.0286 0.0463 0.0001 0.0011 0.0249 0.0038 0.0243 0.0006 0.0001 0.0280 0.0086 0.7393 0.0296 0.0072 0.0065 
0.0548 0.0286 0.0466 0.0006 0.0001 0.0276 0.0018 0.0254 0.0008 0.0001 0.0364 0.0035 0.7119 0.0291 0.0075 0.0256 
0.0435 0.0203 0.1276 0.0029 0.0008 0.0185 0.0061 0.0181 0.0056 0.0001 0.0204 0.0142 0.5746 0.0097 0.0072 0.1307 
0.0591 0.0385 0.0222 0.0008 0.0933 0.0297 0.4926 0.0286 0.0005 0.0006 0.0281 0.0056 0.1393 0.0382 0.0121 0.0105 
0.0740 0.0518 0.0297 0.0040 0.0045 0.0366 0.0067 0.2293 0.0001 0.0001 0.0642 0.0053 0.1213 0.0398 0.3169 0.0161 
0.0302 0.0315 0.0676 0.0107 0.0002 0.0147 0.0042 0.0177 0.4228 0.0069 0.0150 0.0128 0.0177 0.0158 0.0096 0.3227 
0.4359 0.0489 0.2529 0.0137 0.0097 0.0449 0.0120 0.0428 0.0070 0.0010 0.0452 0.0051 0.0102 0.0423 0.0123 0.0160 
0.0490 0.0425 0.4024 0.0252 0.0113 0.3316 0.0043 0.0278 0.0001 0.0010 0.0388 0.0038 0.0080 0.0211 0.0081 0.0251 
0.0280 0.0163 0.0056 0.2897 0.0110 0.2051 0.0019 0.0257 0.0078 0.0003 0.3481 0.0390 0.0053 0.0147 0.0006 0.0008 
0.0460 0.1561 0.0037 0.0709 0.0056 0.0415 0.0029 0.0241 0.0104 0.0006 0.0323 0.5663 0.0141 0.0208 0.0035 0.0013 
0.0915 0.0580 0.0043 0.2293 0.0038 0.0578 0.0244 0.0524 0.0042 0.0022 0.0527 0.0141 0.1641 0.0435 0.0136 0.1841 
0.0583 0.1364 0.4126 0.0050 0.0096 0.1203 0.0212 0.0289 0.0053 0.0005 0.0280 0.0099 0.1212 0.0281 0.0030 0.0118 
0.0947 0.1221 0.0291 0.0013 0.0086 0.3635 0.0034 0.0609 0.0040 0.0026 0.0655 0.0083 0.1767 0.0462 0.0064 0.0069 
0.0955 0.0529 0.0150 0.0051 0.0006 0.0489 0.0030 0.0660 0.0149 0.0003 0.4442 0.0545 0.1236 0.0433 0.0064 0.0257 
0.0594 0.0594 0.1562 0.0027 0.0008 0.0225 0.0018 0.0233 0.0099 0.0005 0.0268 0.5103 0.0891 0.0246 0.0011 0.0115 
0.0813 0.0345 0.0321 0.0003 0.0021 0.0831 0.0006 0.0304 0.0005 0.0005 0.0329 0.0073 0.6366 0.0310 0.0139 0.0129 
0.0688 0.0556 0.0172 0.0001 0.0011 0.0454 0.0019 0.0372 0.0002 0.0001 0.1131 0.0048 0.6052 0.0350 0.0064 0.0083 
0.0519 0.0382 0.0008 0.0002 0.0003 0.0244 0.0053 0.0254 0.0011 0.0001 0.0326 0.1957 0.5797 0.0288 0.0080 0.0077 
0.0556 0.0278 0.0048 0.0001 0.0001 0.0463 0.0032 0.0280 0.0002 0.0001 0.0371 0.0125 0.7355 0.0289 0.0075 0.0129 
0.0332 0.1878 0.0222 0.0001 0.0003 0.0137 0.0064 0.0150 0.0010 0.0001 0.0163 0.0067 0.6640 0.0155 0.0070 0.0112 
0.0380 0.0195 0.1236 0.0008 0.0010 0.0211 0.0149 0.0201 0.0001 0.0001 0.0204 0.0030 0.6946 0.0212 0.0054 0.0166 
0.0326 0.0193 0.1788 0.0001 0.0003 0.0257 0.0016 0.0153 0.0002 0.0001 0.0169 0.0022 0.6736 0.0150 0.0010 0.0176 
0.0570 0.0297 0.0001 0.0073 0.0006 0.0404 0.0019 0.0289 0.0002 0.0048 0.0451 0.0086 0.7444 0.0275 0.0018 0.0019 
0.0511 0.0335 0.0133 0.0010 0.0001 0.0238 0.0010 0.0249 0.0008 0.0001 0.0441 0.0203 0.7444 0.0256 0.0093 0.0072 
0.0553 0.0278 0.0037 0.0422 0.0003 0.0244 0.0065 0.0256 0.0013 0.0001 0.0268 0.0339 0.7096 0.0284 0.0019 0.0125 
0.0567 0.0225 0.1123 0.0107 0.0005 0.0353 0.0019 0.0240 0.0003 0.0001 0.0238 0.0013 0.6743 0.0254 0.0085 0.0027 
0.0428 0.1637 0.0018 0.0035 0.0042 0.0452 0.0046 0.0222 0.0013 0.0001 0.0249 0.0045 0.6429 0.0235 0.0093 0.0059 
0.0765 0.0559 0.0016 0.0963 0.0019 0.0319 0.0048 0.0369 0.0046 0.0001 0.0339 0.0093 0.5499 0.0409 0.0112 0.0446 
0.0840 0.0473 0.1874 0.0080 0.0019 0.0773 0.0264 0.0441 0.0281 0.0001 0.0455 0.0109 0.2524 0.0473 0.0235 0.1160 
0.1190 0.0580 0.0912 0.0056 0.0145 0.1340 0.1730 0.0500 0.0053 0.0006 0.0861 0.0147 0.1185 0.0574 0.0062 0.0657 
0.1211 0.1492 0.0283 0.0262 0.0010 0.0842 0.0030 0.0807 0.0045 0.0019 0.1478 0.0762 0.1430 0.0601 0.0669 0.0061 
0.1000 0.2660 0.0484 0.0320 0.0014 0.0486 0.0117 0.0484 0.0607 0.0027 0.0506 0.0629 0.0508 0.0481 0.0171 0.1505 
0.1075 0.0613 0.4225 0.0302 0.0097 0.0883 0.0236 0.0559 0.0013 0.0005 0.0565 0.0155 0.0401 0.0565 0.0075 0.0228 
0.0885 0.2379 0.0209 0.0019 0.0543 0.3587 0.0038 0.0548 0.0014 0.0037 0.0549 0.0137 0.0323 0.0447 0.0083 0.0201 
0.1125 0.1030 0.0102 0.0564 0.0048 0.0572 0.0026 0.0757 0.0246 0.0006 0.4118 0.0291 0.0403 0.0542 0.0043 0.0128 
0.0968 0.0947 0.2171 0.0308 0.0013 0.0483 0.0050 0.0473 0.0305 0.0014 0.0524 0.2427 0.0562 0.0473 0.0083 0.0198 
0.1134 0.0529 0.3428 0.0173 0.0072 0.0559 0.0061 0.0439 0.0014 0.0002 0.0433 0.0125 0.2363 0.0412 0.0073 0.0184 
0.1105 0.0715 0.1707 0.0061 0.0067 0.0934 0.0120 0.0650 0.0003 0.0005 0.0653 0.0073 0.3160 0.0553 0.0070 0.0123 
0.1383 0.0699 0.0313 0.0112 0.0022 0.0985 0.0022 0.0789 0.0177 0.0013 0.1920 0.0195 0.2530 0.0669 0.0043 0.0128 
0.0888 0.0476 0.0019 0.0010 0.0030 0.2589 0.0112 0.0383 0.0051 0.0016 0.0583 0.2268 0.2132 0.0380 0.0029 0.0034 
0.0612 0.0332 0.0070 0.0002 0.0010 0.0238 0.0099 0.0246 0.0003 0.0002 0.2263 0.0450 0.5338 0.0235 0.0029 0.0072 
0.0243 0.0481 0.0035 0.0003 0.0006 0.0136 0.0069 0.0128 0.0006 0.0016 0.0145 0.3625 0.4931 0.0120 0.0027 0.0029 
0.0583 0.0280 0.0136 0.0008 0.0011 0.0329 0.0018 0.0281 0.0010 0.0001 0.0307 0.0048 0.7566 0.0275 0.0065 0.0086 
0.0505 0.0248 0.0444 0.0005 0.0002 0.0273 0.0054 0.0270 0.0035 0.0001 0.0318 0.0152 0.7322 0.0233 0.0064 0.0078 
0.0613 0.0486 0.0163 0.0029 0.0002 0.0272 0.0126 0.0286 0.0016 0.0001 0.0347 0.0107 0.6719 0.0297 0.0051 0.0489 
0.0570 0.0260 0.1117 0.0053 0.0010 0.0267 0.0053 0.0257 0.0018 0.0001 0.0340 0.0080 0.6444 0.0259 0.0120 0.0155 
0.0450 0.0356 0.0802 0.0011 0.0021 0.0394 0.0142 0.0246 0.0003 0.0002 0.0271 0.0065 0.6805 0.0214 0.0048 0.0169 
0.0633 0.0897 0.0035 0.0118 0.0133 0.0392 0.0471 0.0406 0.0030 0.0001 0.0308 0.0133 0.2028 0.4130 0.0038 0.0249 
0.0864 0.0703 0.0922 0.0246 0.0013 0.0411 0.0319 0.0454 0.0201 0.0001 0.0407 0.0059 0.0604 0.0521 0.3613 0.0663 
0.0521 0.0216 0.2872 0.0105 0.0006 0.0396 0.0136 0.0158 0.0064 0.0468 0.0196 0.0062 0.0958 0.0165 0.0155 0.3522 
0.1834 0.0609 0.0597 0.0032 0.0027 0.2332 0.0126 0.0525 0.0038 0.0113 0.1669 0.0187 0.1097 0.0502 0.0024 0.0287 
0.1002 0.0848 0.0149 0.0238 0.0013 0.0751 0.0040 0.0479 0.0021 0.0035 0.4212 0.1043 0.0558 0.0478 0.0093 0.0042 
0.0446 0.3912 0.0756 0.0784 0.0014 0.0225 0.0142 0.0232 0.0040 0.0006 0.0264 0.1792 0.0618 0.0272 0.0184 0.0313 
0.0601 0.0276 0.3167 0.1055 0.0037 0.0773 0.0064 0.0276 0.0002 0.0013 0.0260 0.0147 0.2218 0.0291 0.0361 0.0459 
0.0784 0.0439 0.1410 0.0105 0.0112 0.2840 0.0022 0.0505 0.0006 0.0019 0.1624 0.0056 0.1453 0.0406 0.0050 0.0168 
0.0452 0.3544 0.0001 0.0756 0.0029 0.0965 0.0038 0.0324 0.0011 0.0038 0.0574 0.1778 0.1152 0.0228 0.0091 0.0019 
0.0984 0.1888 0.0026 0.0145 0.0187 0.0939 0.0763 0.0521 0.0091 0.0024 0.0866 0.0790 0.1822 0.0508 0.0134 0.0313 
0.0805 0.0398 0.1162 0.0010 0.0650 0.0443 0.1596 0.0406 0.0005 0.0010 0.0567 0.0792 0.2301 0.0390 0.0064 0.0403 
0.0673 0.0332 0.1931 0.0001 0.0021 0.0997 0.0062 0.0970 0.0011 0.0008 0.0407 0.0332 0.3767 0.0302 0.0144 0.0045 
0.0783 0.0433 0.0121 0.0001 0.0019 0.0356 0.0038 0.0433 0.0190 0.0420 0.1308 0.0366 0.4971 0.0364 0.0141 0.0058 
0.0714 0.0425 0.0005 0.0001 0.0037 0.0367 0.0043 0.0377 0.0026 0.0011 0.0511 0.2006 0.5012 0.0342 0.0075 0.0050 
0.0672 0.0367 0.0117 0.0001 0.0006 0.0315 0.0056 0.0291 0.0005 0.0006 0.0484 0.0271 0.6773 0.0326 0.0029 0.0284 
0.0417 0.0172 0.0747 0.0001 0.0010 0.0225 0.0032 0.0172 0.0011 0.0016 0.0355 0.0762 0.6576 0.0164 0.0050 0.0292 
0.0529 0.0286 0.0062 0.0001 0.0005 0.0249 0.0070 0.0283 0.0008 0.0001 0.0340 0.0474 0.7218 0.0276 0.0065 0.0136 
0.0581 0.0482 0.0022 0.0003 0.0002 0.0232 0.0064 0.0246 0.0016 0.0001 0.0275 0.0211 0.7353 0.0302 0.0118 0.0094 
0.0532 0.0292 0.0498 0.0011 0.0002 0.0254 0.0054 0.0240 0.0010 0.0001 0.0256 0.0042 0.7288 0.0256 0.0040 0.0228 
0.0562 0.0256 0.0388 0.0019 0.0005 0.0273 0.0018 0.0248 0.0002 0.0001 0.0286 0.0032 0.7310 0.0297 0.0072 0.0233 
0.0837 0.0447 0.0483 0.0045 0.0018 0.0575 0.0105 0.0428 0.0027 0.0001 0.0449 0.0153 0.5282 0.0498 0.0091 0.0561 
0.0818 0.0880 0.0422 0.0217 0.0038 0.0395 0.0102 0.0387 0.0051 0.0001 0.0494 0.0054 0.4620 0.0415 0.0736 0.0372 
0.1115 0.0623 0.0436 0.0160 0.0099 0.0784 0.0356 0.0556 0.0040 0.0032 0.0542 0.0248 0.4001 0.0623 0.0046 0.0339 
0.1251 0.0716 0.0284 0.0123 0.0048 0.0730 0.0050 0.0768 0.0043 0.0011 0.1549 0.0075 0.2814 0.1238 0.0123 0.0177 
0.1298 0.0711 0.0543 0.0382 0.0038 0.0656 0.0110 0.0672 0.0235 0.0024 0.1183 0.1348 0.1137 0.0743 0.0353 0.0567 
0.1059 0.0567 0.1037 0.0457 0.0062 0.0644 0.0123 0.0533 0.0113 0.0008 0.0664 0.0588 0.2873 0.0588 0.0157 0.0527 
0.1212 0.0500 0.1188 0.0648 0.0115 0.0382 0.0476 0.0650 0.0089 0.0013 0.0533 0.0321 0.2111 0.0535 0.0102 0.1123 
0.1420 0.0711 0.0887 0.1098 0.0220 0.0901 0.0443 0.0954 0.0275 0.0006 0.0681 0.0342 0.0893 0.0708 0.0110 0.0351 
0.1822 0.0580 0.0688 0.0335 0.0311 0.1065 0.0192 0.0811 0.1329 0.0053 0.0692 0.0065 0.0577 0.1078 0.0062 0.0339 
