0.1249 0.0505 0.1978 0.3208 0.0085 0.0446 0.0212 0.0436 0.0131 0.0064 0.0556 0.0217 0.0435 0.0331 0.0014 0.0134 
0.1166 0.0516 0.0355 0.0378 0.0120 0.4534 0.0037 0.0551 0.0109 0.0211 0.0805 0.0190 0.0454 0.0442 0.0070 0.0064 
0.0762 0.0343 0.0109 0.1519 0.0029 0.0363 0.0008 0.0372 0.0118 0.0019 0.5457 0.0256 0.0257 0.0324 0.0021 0.0043 
0.0337 0.0251 0.0091 0.2043 0.0018 0.0176 0.0016 0.0145 0.0069 0.0019 0.0144 0.6408 0.0126 0.0133 0.0011 0.0013 
0.0463 0.0238 0.0139 0.0403 0.0038 0.1230 0.0016 0.0244 0.0003 0.0019 0.0264 0.0067 0.6465 0.0235 0.0115 0.0061 
0.0540 0.0570 0.0094 0.0388 0.0027 0.0380 0.0018 0.0294 0.0011 0.0001 0.0815 0.0091 0.6322 0.0272 0.0035 0.0144 
0.0867 0.0534 0.0037 0.0300 0.0029 0.0652 0.0048 0.0450 0.0022 0.0005 0.0466 0.1492 0.4601 0.0433 0.0024 0.0040 
0.0609 0.0305 0.0344 0.0085 0.0010 0.0374 0.0006 0.0336 0.0027 0.0001 0.0689 0.0058 0.6667 0.0350 0.0070 0.0072 
0.0572 0.0295 0.0136 0.0206 0.0038 0.0316 0.0040 0.0289 0.0024 0.0001 0.0407 0.1246 0.6012 0.0280 0.0067 0.0072 
0.0712 0.0399 0.0059 0.0035 0.0099 0.0722 0.0220 0.0356 0.0006 0.0001 0.0364 0.0243 0.4749 0.1819 0.0053 0.0161 
0.0683 0.0378 0.0048 0.0077 0.0027 0.0372 0.0027 0.0390 0.0019 0.0003 0.0533 0.0062 0.4808 0.0386 0.2102 0.0083 
0.0586 0.0326 0.0192 0.0142 0.0021 0.0286 0.0091 0.0332 0.0201 0.0026 0.0340 0.0216 0.2446 0.0300 0.0093 0.4401 
0.1246 0.0324 0.0688 0.0065 0.0027 0.0527 0.0260 0.0347 0.0059 0.0002 0.0388 0.0075 0.5486 0.0380 0.0051 0.0073 
0.0731 0.0458 0.0834 0.0072 0.0038 0.0685 0.0024 0.0519 0.0010 0.0016 0.1108 0.0203 0.4845 0.0351 0.0034 0.0072 
0.1296 0.1085 0.0094 0.0703 0.0027 0.0904 0.0109 0.0698 0.0187 0.0003 0.0741 0.1118 0.1654 0.0701 0.0097 0.0582 
0.0687 0.0422 0.1810 0.0361 0.0038 0.0466 0.0246 0.0324 0.0022 0.0002 0.0474 0.0093 0.4457 0.0347 0.0101 0.0150 
0.0912 0.0618 0.1976 0.0431 0.0123 0.0622 0.0093 0.0572 0.0006 0.0010 0.0644 0.0165 0.3130 0.0462 0.0080 0.0157 
0.1073 0.0738 0.0458 0.0463 0.0029 0.1482 0.0078 0.0653 0.0083 0.0013 0.0760 0.0406 0.2575 0.0578 0.0069 0.0540 
0.1107 0.1479 0.0404 0.0198 0.0064 0.1120 0.0155 0.0564 0.0139 0.0029 0.1623 0.0222 0.1927 0.0709 0.0061 0.0200 
0.1164 0.1083 0.0530 0.0482 0.0032 0.1037 0.0211 0.0628 0.0045 0.0037 0.1033 0.1219 0.1618 0.0565 0.0208 0.0109 
0.1042 0.1043 0.0899 0.0353 0.0104 0.0760 0.0264 0.0521 0.0077 0.0046 0.0676 0.0743 0.1471 0.0802 0.0149 0.1051 
0.1005 0.0510 0.0796 0.0419 0.0078 0.0713 0.0260 0.0546 0.0019 0.0013 0.1259 0.0267 0.2699 0.0532 0.0684 0.0201 
0.0874 0.1468 0.0744 0.0388 0.0037 0.0649 0.0042 0.0465 0.0050 0.0089 0.0971 0.0693 0.1703 0.0442 0.0016 0.1369 
0.1073 0.0540 0.0359 0.0144 0.0040 0.2104 0.0083 0.0474 0.0083 0.0032 0.0537 0.1419 0.2577 0.0439 0.0048 0.0048 
0.0668 0.0460 0.1009 0.0105 0.0013 0.0720 0.0089 0.0372 0.0008 0.0002 0.2302 0.0184 0.3578 0.0335 0.0065 0.0089 
0.0851 0.0997 0.0260 0.0292 0.0008 0.0593 0.0034 0.0423 0.0018 0.0003 0.0505 0.2730 0.2774 0.0412 0.0051 0.0050 
0.0668 0.0312 0.0189 0.0169 0.0030 0.0383 0.0027 0.0284 0.0021 0.0002 0.0470 0.0193 0.6776 0.0336 0.0083 0.0058 
0.0551 0.0296 0.0286 0.0117 0.0022 0.0288 0.0072 0.0294 0.0010 0.0001 0.0384 0.0254 0.6458 0.0324 0.0158 0.0487 
0.0756 0.0337 0.0567 0.0126 0.0005 0.0412 0.0077 0.0371 0.0013 0.0002 0.0350 0.0129 0.5260 0.0430 0.0328 0.0839 
0.0709 0.0436 0.3466 0.0054 0.0006 0.0356 0.0161 0.0315 0.0046 0.0006 0.0334 0.0029 0.3158 0.0313 0.0249 0.0360 
0.0634 0.0292 0.0069 0.0008 0.0034 0.4451 0.0168 0.0284 0.0001 0.0005 0.0394 0.0102 0.3100 0.0289 0.0112 0.0059 
0.0620 0.0316 0.0206 0.0008 0.0010 0.0308 0.0011 0.0316 0.0003 0.0001 0.5177 0.0292 0.2321 0.0310 0.0005 0.0096 
0.0241 0.0163 0.0018 0.0037 0.0011 0.0109 0.0005 0.0120 0.0014 0.0005 0.0161 0.6222 0.2752 0.0112 0.0021 0.0010 
0.0546 0.0286 0.0050 0.0013 0.0016 0.0264 0.0027 0.0284 0.0003 0.0001 0.0313 0.0072 0.7720 0.0283 0.0053 0.0072 
0.0534 0.0259 0.0029 0.0021 0.0014 0.0323 0.0070 0.0260 0.0003 0.0001 0.0272 0.0166 0.7584 0.0260 0.0038 0.0168 
0.0559 0.0363 0.0037 0.0021 0.0003 0.0249 0.0022 0.0281 0.0008 0.0001 0.0388 0.0029 0.7689 0.0284 0.0014 0.0053 
0.0508 0.0248 0.0024 0.0026 0.0021 0.0262 0.0035 0.0254 0.0054 0.0001 0.0241 0.0319 0.7456 0.0332 0.0081 0.0139 
0.0498 0.0379 0.0109 0.0013 0.0053 0.0265 0.0240 0.0273 0.0011 0.0001 0.0260 0.0016 0.7236 0.0348 0.0109 0.0192 
0.0674 0.0339 0.0450 0.0034 0.0005 0.0291 0.0056 0.0393 0.0024 0.0002 0.0308 0.0032 0.6539 0.0323 0.0340 0.0192 
0.0727 0.0447 0.0316 0.0027 0.0008 0.0412 0.0107 0.0339 0.0361 0.0014 0.0353 0.0051 0.4142 0.0361 0.0141 0.2193 
0.1262 0.0521 0.1269 0.0227 0.0006 0.0510 0.0070 0.0481 0.0035 0.0001 0.0772 0.0075 0.3469 0.0473 0.0179 0.0653 
0.0601 0.0425 0.4873 0.0582 0.0005 0.0267 0.0121 0.0257 0.0054 0.0001 0.0332 0.0153 0.1545 0.0284 0.0144 0.0358 
0.0819 0.0414 0.2644 0.0321 0.0174 0.2601 0.0099 0.0359 0.0008 0.0006 0.0423 0.0089 0.1564 0.0361 0.0078 0.0038 
0.0553 0.0478 0.0126 0.0081 0.1629 0.0612 0.0471 0.0379 0.0002 0.0010 0.2670 0.0123 0.0109 0.2607 0.0026 0.0126 
0.0273 0.0359 0.0030 0.0158 0.0042 0.0173 0.0097 0.1759 0.0038 0.0024 0.0356 0.0992 0.0089 0.0126 0.5454 0.0029 
0.0240 0.0396 0.0331 0.0070 0.0011 0.0112 0.0042 0.0133 0.1942 0.0128 0.0232 0.0169 0.0308 0.0109 0.0048 0.5730 
0.5045 0.0641 0.1145 0.0121 0.0042 0.0545 0.0086 0.0527 0.0094 0.0021 0.0577 0.0355 0.0176 0.0527 0.0043 0.0056 
0.0701 0.0391 0.2903 0.0062 0.0064 0.4029 0.0035 0.0355 0.0002 0.0024 0.0489 0.0078 0.0359 0.0339 0.0088 0.0081 
0.0810 0.0580 0.0018 0.0435 0.0313 0.1259 0.0037 0.0446 0.0005 0.0019 0.4866 0.0270 0.0471 0.0423 0.0024 0.0024 
0.0538 0.0692 0.0101 0.0216 0.0030 0.0264 0.0037 0.0364 0.0024 0.0008 0.0419 0.6419 0.0562 0.0254 0.0048 0.0026 
0.0569 0.0260 0.0054 0.0296 0.0027 0.0377 0.0065 0.0267 0.0235 0.0013 0.0327 0.0203 0.6615 0.0252 0.0145 0.0294 
0.0665 0.0382 0.1198 0.0113 0.0010 0.0297 0.0145 0.0286 0.0043 0.0001 0.0337 0.0081 0.5725 0.0315 0.0048 0.0355 
0.0644 0.0514 0.1757 0.0717 0.0024 0.0319 0.0158 0.0323 0.0016 0.0006 0.0323 0.0101 0.4486 0.0339 0.0168 0.0105 
0.0540 0.0291 0.1080 0.0613 0.0121 0.0784 0.0050 0.0283 0.0008 0.0003 0.0295 0.0042 0.5163 0.0503 0.0129 0.0096 
0.0791 0.0546 0.0220 0.1041 0.0051 0.0660 0.0010 0.0533 0.0010 0.0005 0.0631 0.0081 0.4693 0.0385 0.0219 0.0125 
0.0898 0.1013 0.0133 0.2050 0.0035 0.0524 0.0042 0.0449 0.0300 0.0011 0.0575 0.0264 0.2778 0.0404 0.0112 0.0414 
0.1209 0.0525 0.0728 0.0679 0.0410 0.1485 0.0241 0.0497 0.0018 0.0021 0.0573 0.0278 0.2650 0.0517 0.0040 0.0128 
0.1193 0.1784 0.0853 0.0661 0.0192 0.0703 0.0037 0.0955 0.0014 0.0006 0.0696 0.0319 0.1624 0.0645 0.0131 0.0187 
0.1221 0.0657 0.0145 0.0834 0.0144 0.1497 0.0305 0.0698 0.0655 0.0027 0.0732 0.0366 0.1561 0.0647 0.0158 0.0353 
0.1202 0.0704 0.0826 0.0254 0.0107 0.0883 0.0109 0.0706 0.0026 0.0045 0.2359 0.0348 0.1686 0.0562 0.0069 0.0115 
0.1099 0.2199 0.0692 0.0417 0.0053 0.0738 0.0070 0.0637 0.0249 0.0027 0.0843 0.1382 0.0594 0.0671 0.0061 0.0268 
0.1038 0.0511 0.2838 0.0985 0.0056 0.0505 0.0050 0.0473 0.0070 0.0021 0.0585 0.0423 0.1326 0.0441 0.0240 0.0439 
0.0976 0.0657 0.2368 0.0695 0.0567 0.0748 0.0944 0.0529 0.0027 0.0026 0.0497 0.0161 0.0558 0.0762 0.0120 0.0364 
0.1105 0.0982 0.0602 0.3298 0.0069 0.0642 0.0038 0.0773 0.0035 0.0003 0.0545 0.0065 0.0706 0.0535 0.0500 0.0101 
0.1020 0.0554 0.0372 0.3009 0.0067 0.1086 0.0027 0.0545 0.0176 0.0787 0.0714 0.0139 0.0569 0.0495 0.0137 0.0303 
0.1542 0.0668 0.0411 0.2738 0.0216 0.0872 0.0050 0.0626 0.0034 0.0006 0.0906 0.0283 0.0907 0.0543 0.0099 0.0101 
0.0963 0.0711 0.0495 0.3621 0.0471 0.0478 0.0321 0.0537 0.0042 0.0002 0.0572 0.0339 0.0388 0.0800 0.0038 0.0224 
0.0974 0.0497 0.0583 0.3070 0.0099 0.1152 0.0141 0.0561 0.0112 0.0089 0.0489 0.0201 0.0465 0.0510 0.1008 0.0050 
0.0706 0.1758 0.0812 0.2518 0.0043 0.0384 0.0008 0.0328 0.0213 0.0452 0.0444 0.0101 0.0342 0.0371 0.0059 0.1462 
0.1495 0.0473 0.0073 0.0995 0.0134 0.4364 0.0064 0.0414 0.0029 0.0366 0.0508 0.0294 0.0188 0.0430 0.0102 0.0070 
0.0652 0.0708 0.1874 0.0679 0.0029 0.0423 0.0037 0.0348 0.0051 0.0011 0.4328 0.0179 0.0187 0.0328 0.0053 0.0113 
0.0535 0.0377 0.0182 0.2094 0.0029 0.0430 0.0042 0.0254 0.0029 0.0075 0.0236 0.5224 0.0128 0.0235 0.0048 0.0083 
0.0609 0.0286 0.1655 0.0987 0.0030 0.0556 0.0030 0.0299 0.0016 0.0010 0.0414 0.0058 0.4340 0.0299 0.0166 0.0246 
0.0928 0.0484 0.0230 0.0792 0.0026 0.0978 0.0030 0.0452 0.0075 0.0002 0.0864 0.0340 0.4172 0.0454 0.0110 0.0062 
0.0871 0.0554 0.0262 0.0666 0.0018 0.0527 0.0078 0.0423 0.0016 0.0008 0.0561 0.1030 0.4449 0.0404 0.0050 0.0083 
0.0709 0.0594 0.0147 0.0888 0.0018 0.0564 0.0029 0.0335 0.0016 0.0001 0.0335 0.0243 0.5436 0.0395 0.0096 0.0196 
0.0628 0.0304 0.0765 0.0262 0.0040 0.0872 0.0072 0.0289 0.0019 0.0001 0.0465 0.0061 0.5710 0.0296 0.0121 0.0096 
0.0850 0.0474 0.0081 0.0187 0.0043 0.0450 0.0026 0.0449 0.0001 0.0010 0.1139 0.0324 0.5458 0.0427 0.0032 0.0050 
0.0345 0.0310 0.0008 0.0193 0.0018 0.0286 0.0030 0.0190 0.0046 0.0002 0.0262 0.1848 0.6153 0.0188 0.0093 0.0027 
0.0503 0.0305 0.0086 0.0201 0.0006 0.0252 0.0176 0.0225 0.0018 0.0005 0.0305 0.0137 0.6030 0.0225 0.0361 0.1163 
0.0382 0.0204 0.2369 0.0050 0.0008 0.0419 0.0283 0.0192 0.0005 0.0003 0.0187 0.0260 0.4974 0.0206 0.0244 0.0214 
0.0711 0.0406 0.0711 0.0013 0.0029 0.0714 0.0064 0.0355 0.0006 0.0003 0.0543 0.0056 0.5847 0.0345 0.0070 0.0128 
0.0652 0.0347 0.0051 0.0110 0.0008 0.0435 0.0045 0.0344 0.0005 0.0001 0.1179 0.0316 0.6140 0.0294 0.0045 0.0030 
0.0446 0.0545 0.0179 0.0018 0.0008 0.0419 0.0022 0.0236 0.0042 0.0001 0.0280 0.1783 0.5562 0.0278 0.0125 0.0059 
0.0625 0.0348 0.0415 0.0019 0.0088 0.0321 0.0220 0.0291 0.0008 0.0002 0.0427 0.0083 0.6522 0.0364 0.0110 0.0157 
0.0770 0.0573 0.1377 0.0069 0.0024 0.0358 0.0026 0.0393 0.0002 0.0001 0.0524 0.0228 0.4792 0.0369 0.0062 0.0435 
0.0813 0.0561 0.0302 0.0053 0.0048 0.0460 0.0390 0.0435 0.0026 0.0018 0.0542 0.0369 0.5229 0.0427 0.0118 0.0211 
0.0786 0.0532 0.0676 0.0204 0.0316 0.0399 0.0621 0.0420 0.0042 0.0001 0.0529 0.0171 0.2346 0.2308 0.0077 0.0575 
0.0713 0.0296 0.0483 0.0141 0.0540 0.0364 0.3656 0.0371 0.0024 0.0013 0.0276 0.0105 0.1090 0.0395 0.1356 0.0179 
0.0907 0.0471 0.1696 0.0125 0.0019 0.0519 0.0088 0.1270 0.0157 0.0827 0.0687 0.0059 0.0604 0.0460 0.0851 0.1259 
0.0976 0.0617 0.0141 0.0744 0.0024 0.0433 0.0061 0.0388 0.2870 0.0570 0.0462 0.0227 0.0287 0.0561 0.0109 0.1532 
0.2812 0.0637 0.1275 0.1085 0.0141 0.0668 0.0125 0.0589 0.0051 0.0008 0.0669 0.0540 0.0462 0.0607 0.0160 0.0173 
0.0810 0.0315 0.3155 0.0371 0.0254 0.1828 0.0174 0.0527 0.0195 0.0006 0.0478 0.0224 0.0262 0.0455 0.0131 0.0815 
0.1198 0.1016 0.0163 0.2126 0.0510 0.1330 0.0045 0.0714 0.0613 0.0008 0.0617 0.0149 0.0371 0.0751 0.0117 0.0275 
