0.1557 0.0668 0.0287 0.0561 0.0086 0.0856 0.0248 0.0609 0.0080 0.0078 0.2686 0.0923 0.0498 0.0591 0.0070 0.0201 
0.1182 0.1312 0.1580 0.0904 0.0029 0.0569 0.0042 0.0551 0.0099 0.0005 0.0810 0.1166 0.0981 0.0500 0.0093 0.0177 
0.1080 0.0545 0.0361 0.1815 0.0105 0.0778 0.0072 0.0490 0.0064 0.0042 0.0626 0.0489 0.2658 0.0546 0.0045 0.0284 
0.0747 0.0599 0.0075 0.0976 0.0064 0.0567 0.0032 0.0402 0.0019 0.0008 0.0438 0.0113 0.5323 0.0420 0.0185 0.0032 
0.0722 0.0923 0.0038 0.1700 0.0019 0.0380 0.0029 0.0395 0.0088 0.0008 0.0391 0.0316 0.4233 0.0377 0.0073 0.0307 
0.0973 0.0417 0.0235 0.1455 0.0061 0.0473 0.0158 0.0426 0.0029 0.0001 0.0410 0.0073 0.4748 0.0399 0.0046 0.0099 
0.0759 0.0377 0.1046 0.0131 0.0035 0.1436 0.0048 0.0449 0.0003 0.0003 0.0420 0.0032 0.4807 0.0363 0.0038 0.0053 
0.0751 0.0463 0.0013 0.0169 0.0019 0.1675 0.0008 0.0395 0.0024 0.0003 0.0843 0.0171 0.5073 0.0359 0.0019 0.0014 
0.0733 0.0711 0.0051 0.0249 0.0024 0.0332 0.0005 0.0336 0.0093 0.0001 0.0414 0.0542 0.6152 0.0332 0.0014 0.0013 
0.0538 0.0228 0.0358 0.0058 0.0013 0.0530 0.0030 0.0264 0.0013 0.0001 0.0246 0.0236 0.7154 0.0244 0.0066 0.0021 
0.0308 0.1510 0.0200 0.0003 0.0029 0.0214 0.0046 0.0181 0.0005 0.0001 0.0188 0.0037 0.6700 0.0166 0.0107 0.0308 
0.0542 0.0358 0.0097 0.0075 0.0008 0.0318 0.0058 0.0278 0.0006 0.0001 0.0297 0.0067 0.7280 0.0257 0.0088 0.0273 
0.0478 0.0126 0.2712 0.0043 0.0001 0.0096 0.0040 0.0107 0.0040 0.0001 0.0120 0.0045 0.5130 0.0150 0.0046 0.0870 
0.0787 0.0315 0.2126 0.0195 0.0008 0.0476 0.0088 0.0294 0.0016 0.0003 0.0292 0.0118 0.4555 0.0319 0.0150 0.0257 
0.0974 0.0625 0.0637 0.0367 0.0034 0.0521 0.0018 0.0463 0.0005 0.0001 0.0771 0.0014 0.4720 0.0463 0.0070 0.0318 
0.0949 0.0684 0.0150 0.1097 0.0040 0.0498 0.0032 0.0486 0.0002 0.0003 0.0567 0.0356 0.4565 0.0487 0.0027 0.0057 
0.0615 0.0307 0.0126 0.1035 0.0016 0.0319 0.0024 0.0297 0.0013 0.0001 0.0303 0.0126 0.6477 0.0289 0.0026 0.0029 
0.0797 0.0402 0.0056 0.0498 0.0035 0.1097 0.0022 0.0409 0.0026 0.0001 0.0541 0.0053 0.5576 0.0390 0.0021 0.0077 
0.0690 0.0364 0.0014 0.0141 0.0061 0.1092 0.0013 0.0390 0.0002 0.0001 0.0996 0.0129 0.5736 0.0326 0.0035 0.0011 
0.0665 0.1078 0.0056 0.0097 0.0022 0.0315 0.0006 0.0353 0.0053 0.0001 0.0398 0.1267 0.5335 0.0321 0.0008 0.0026 
0.0629 0.0259 0.0011 0.0061 0.0030 0.0585 0.0032 0.0297 0.0083 0.0005 0.0265 0.0217 0.6843 0.0588 0.0053 0.0042 
0.0618 0.0452 0.0134 0.0002 0.0016 0.0363 0.0034 0.0318 0.0026 0.0001 0.0870 0.0029 0.5628 0.0310 0.1105 0.0097 
0.0647 0.0770 0.0083 0.0034 0.0003 0.0308 0.0042 0.0340 0.0032 0.0003 0.0380 0.0772 0.5186 0.0329 0.0026 0.1045 
0.0936 0.0278 0.0473 0.0016 0.0006 0.0315 0.0131 0.0270 0.0013 0.0001 0.0292 0.0050 0.6695 0.0335 0.0056 0.0136 
0.0479 0.0270 0.1663 0.0011 0.0027 0.0321 0.0045 0.0246 0.0001 0.0001 0.0383 0.0042 0.6136 0.0240 0.0081 0.0057 
0.0597 0.0387 0.0010 0.0014 0.1578 0.0545 0.0332 0.0313 0.0001 0.0003 0.0351 0.0121 0.5291 0.0404 0.0016 0.0038 
0.0872 0.0527 0.0104 0.0112 0.0014 0.0351 0.0022 0.1289 0.0002 0.0001 0.0532 0.0117 0.5122 0.0382 0.0500 0.0053 
0.0489 0.0244 0.0217 0.0066 0.0013 0.0284 0.0026 0.0248 0.1954 0.0043 0.0268 0.0221 0.4871 0.0235 0.0067 0.0754 
0.1663 0.0355 0.0425 0.0021 0.0019 0.0470 0.0107 0.0353 0.0018 0.0003 0.0427 0.0035 0.5511 0.0345 0.0121 0.0126 
0.0481 0.0462 0.0796 0.0013 0.0026 0.0676 0.0016 0.0251 0.0001 0.0001 0.0465 0.0166 0.6295 0.0243 0.0026 0.0086 
0.0561 0.0347 0.0067 0.0141 0.0021 0.0399 0.0005 0.0302 0.0011 0.0003 0.0435 0.0792 0.6601 0.0273 0.0014 0.0029 
0.0596 0.0278 0.0061 0.0561 0.0006 0.0254 0.0029 0.0280 0.0056 0.0001 0.0367 0.0171 0.6526 0.0283 0.0109 0.0426 
0.0482 0.0259 0.0834 0.0105 0.0065 0.0740 0.0291 0.0238 0.0024 0.0003 0.0256 0.0236 0.5958 0.0256 0.0088 0.0165 
0.1083 0.1212 0.0711 0.0222 0.0141 0.0602 0.0117 0.0586 0.0014 0.0001 0.0597 0.0051 0.3313 0.0666 0.0174 0.0510 
0.1167 0.0565 0.0276 0.0580 0.0018 0.0966 0.0080 0.0642 0.0088 0.0021 0.0647 0.0198 0.3258 0.0706 0.0516 0.0273 
0.0733 0.0372 0.0899 0.0125 0.0046 0.0439 0.0013 0.0374 0.0104 0.0089 0.2072 0.0305 0.3658 0.0399 0.0061 0.0311 
0.1500 0.1037 0.0072 0.0249 0.0091 0.1005 0.0364 0.0724 0.0040 0.0006 0.1065 0.1824 0.0765 0.0962 0.0113 0.0184 
0.1027 0.0639 0.1115 0.0149 0.0030 0.0810 0.0254 0.0502 0.0032 0.0011 0.0765 0.0612 0.2868 0.0519 0.0519 0.0145 
0.0823 0.0620 0.2579 0.0179 0.0019 0.0345 0.0145 0.0353 0.0203 0.0016 0.0463 0.0165 0.0526 0.0318 0.0169 0.3076 
0.0869 0.0396 0.5184 0.1073 0.0038 0.0355 0.0265 0.0356 0.0014 0.0008 0.0398 0.0142 0.0259 0.0356 0.0040 0.0246 
0.0690 0.0345 0.1318 0.0099 0.0299 0.5260 0.0040 0.0380 0.0002 0.0057 0.0508 0.0142 0.0428 0.0353 0.0059 0.0021 
0.1064 0.0669 0.0313 0.0375 0.0072 0.0581 0.0013 0.0778 0.0027 0.0006 0.4507 0.0457 0.0554 0.0510 0.0019 0.0054 
0.0893 0.1046 0.0008 0.0345 0.0061 0.0808 0.0058 0.0455 0.0265 0.0046 0.0462 0.4504 0.0498 0.0409 0.0081 0.0059 
0.0982 0.0724 0.0280 0.0037 0.1770 0.0564 0.2120 0.0559 0.0056 0.0002 0.0658 0.0104 0.1268 0.0607 0.0102 0.0168 
0.1064 0.0500 0.1415 0.0267 0.0089 0.0454 0.0093 0.2022 0.0014 0.0001 0.0502 0.0244 0.0756 0.0476 0.1880 0.0224 
0.0879 0.0390 0.1086 0.0083 0.0014 0.0735 0.0010 0.0454 0.3280 0.0490 0.0401 0.0072 0.0564 0.0489 0.0027 0.1027 
0.4431 0.0762 0.0232 0.0091 0.0080 0.0858 0.0053 0.0621 0.0185 0.0013 0.1080 0.0038 0.0673 0.0637 0.0070 0.0176 
0.1029 0.3129 0.0546 0.0248 0.0021 0.1231 0.0062 0.0589 0.0005 0.0011 0.0787 0.0684 0.0829 0.0524 0.0137 0.0168 
0.1230 0.2988 0.0576 0.0674 0.0010 0.0923 0.0027 0.0623 0.0094 0.0005 0.0731 0.0276 0.0934 0.0607 0.0121 0.0180 
0.1444 0.0800 0.2546 0.0645 0.0070 0.0994 0.0099 0.0730 0.0003 0.0001 0.0899 0.0161 0.0655 0.0719 0.0104 0.0131 
0.1128 0.0943 0.0778 0.0291 0.2762 0.0681 0.0401 0.0604 0.0001 0.0001 0.0598 0.0189 0.0561 0.0764 0.0115 0.0189 
0.1375 0.0695 0.0361 0.2479 0.0439 0.0724 0.0126 0.0829 0.0008 0.0006 0.0717 0.0096 0.1021 0.0684 0.0382 0.0058 
0.1155 0.0519 0.1185 0.0585 0.0078 0.0676 0.0006 0.0709 0.0086 0.1633 0.0639 0.0185 0.1633 0.0498 0.0024 0.0388 
0.0829 0.0490 0.0011 0.0014 0.0042 0.5270 0.0045 0.0567 0.0072 0.0128 0.0463 0.0406 0.1173 0.0372 0.0091 0.0027 
0.0762 0.0415 0.0001 0.0034 0.0050 0.0554 0.0010 0.0358 0.0018 0.0002 0.5677 0.0216 0.1481 0.0347 0.0030 0.0050 
0.0296 0.0251 0.0115 0.0003 0.0005 0.0139 0.0008 0.0158 0.0016 0.0001 0.0235 0.6618 0.1938 0.0142 0.0013 0.0064 
0.0492 0.0233 0.0184 0.0003 0.0002 0.0417 0.0051 0.0240 0.0006 0.0001 0.0270 0.0329 0.7395 0.0251 0.0029 0.0099 
0.0452 0.0703 0.0064 0.0001 0.0005 0.0249 0.0096 0.0232 0.0003 0.0001 0.0273 0.0048 0.7383 0.0270 0.0080 0.0145 
0.0486 0.0409 0.0188 0.0011 0.0008 0.0225 0.0137 0.0241 0.0001 0.0001 0.0278 0.0083 0.7427 0.0246 0.0085 0.0177 
0.0502 0.0216 0.0596 0.0016 0.0003 0.0219 0.0180 0.0233 0.0011 0.0001 0.0238 0.0050 0.7151 0.0217 0.0077 0.0294 
0.0489 0.0265 0.0411 0.0029 0.0021 0.0256 0.0125 0.0246 0.0030 0.0002 0.0312 0.0104 0.7137 0.0252 0.0035 0.0288 
0.0546 0.0278 0.0046 0.0035 0.0046 0.0811 0.0045 0.0281 0.0002 0.0016 0.0287 0.0107 0.7084 0.0262 0.0051 0.0102 
0.0468 0.0427 0.0150 0.0006 0.0006 0.0326 0.0027 0.0288 0.0027 0.0014 0.1233 0.0045 0.6484 0.0288 0.0043 0.0168 
0.0728 0.0700 0.0034 0.0019 0.0011 0.0435 0.0045 0.0364 0.0078 0.0003 0.0516 0.1286 0.4979 0.0471 0.0157 0.0174 
0.0818 0.0417 0.0794 0.0026 0.0011 0.0396 0.0102 0.0367 0.0003 0.0001 0.0561 0.0406 0.5310 0.0382 0.0165 0.0244 
0.0888 0.0398 0.0431 0.0016 0.0014 0.1032 0.0144 0.0401 0.0006 0.0005 0.0550 0.0189 0.5298 0.0391 0.0077 0.0160 
0.0550 0.0455 0.0431 0.0006 0.0048 0.0481 0.0112 0.0286 0.0003 0.0001 0.0842 0.0155 0.6221 0.0276 0.0080 0.0054 
0.0497 0.0419 0.0022 0.0061 0.0006 0.0233 0.0032 0.0297 0.0006 0.0002 0.0441 0.0828 0.6805 0.0248 0.0016 0.0088 
0.0541 0.0228 0.0038 0.0030 0.0003 0.0402 0.0046 0.0257 0.0059 0.0018 0.0228 0.0399 0.7283 0.0334 0.0070 0.0061 
0.0438 0.0361 0.0078 0.0002 0.0045 0.0248 0.0225 0.0217 0.0019 0.0001 0.0720 0.0042 0.7194 0.0235 0.0126 0.0053 
0.0435 0.0272 0.0091 0.0056 0.0011 0.0177 0.0048 0.0235 0.0002 0.0001 0.0305 0.1101 0.6843 0.0198 0.0072 0.0155 
0.0529 0.0208 0.0169 0.0070 0.0010 0.0196 0.0014 0.0230 0.0126 0.0002 0.0216 0.0152 0.6931 0.0249 0.0099 0.0800 
0.0479 0.0264 0.0145 0.0010 0.0035 0.0312 0.0251 0.0259 0.0019 0.0003 0.0272 0.0050 0.7298 0.0353 0.0072 0.0179 
0.0543 0.0463 0.0102 0.0077 0.0021 0.0473 0.0037 0.0339 0.0006 0.0006 0.1176 0.0118 0.6087 0.0268 0.0161 0.0121 
0.1073 0.1375 0.0337 0.0190 0.0008 0.0473 0.0085 0.0502 0.0133 0.0014 0.0510 0.1521 0.1441 0.0497 0.0096 0.1746 
0.0590 0.0254 0.0935 0.0174 0.0030 0.0928 0.0102 0.0259 0.0014 0.0002 0.0296 0.0157 0.5878 0.0268 0.0037 0.0077 
0.0570 0.0310 0.0248 0.0050 0.0046 0.0508 0.0035 0.0420 0.0001 0.0016 0.3233 0.0107 0.4086 0.0292 0.0014 0.0065 
0.0578 0.0385 0.0010 0.0203 0.0024 0.0272 0.0021 0.0315 0.0043 0.0014 0.0668 0.5441 0.1668 0.0300 0.0024 0.0034 
0.0804 0.0470 0.0107 0.0058 0.0054 0.0482 0.0463 0.0422 0.0046 0.0003 0.0406 0.0816 0.4949 0.0626 0.0160 0.0134 
0.0840 0.0625 0.1104 0.0118 0.0018 0.0427 0.0051 0.0439 0.0019 0.0001 0.0431 0.0032 0.4786 0.0423 0.0296 0.0391 
0.1013 0.0465 0.0372 0.0251 0.0016 0.0518 0.0011 0.0447 0.0034 0.0251 0.0460 0.0046 0.5275 0.0442 0.0027 0.0372 
0.0871 0.0441 0.0645 0.0220 0.0011 0.0460 0.0024 0.0411 0.0024 0.0001 0.0551 0.0032 0.5782 0.0439 0.0030 0.0059 
0.0858 0.0470 0.0209 0.0754 0.0008 0.0441 0.0051 0.0415 0.0011 0.0001 0.0452 0.0192 0.5530 0.0422 0.0141 0.0048 
0.0949 0.0486 0.0278 0.0516 0.0006 0.1037 0.0024 0.0479 0.0006 0.0001 0.0588 0.0051 0.4911 0.0466 0.0094 0.0110 
0.0970 0.1510 0.0502 0.0228 0.0045 0.0810 0.0021 0.0474 0.0006 0.0001 0.0577 0.0105 0.4085 0.0471 0.0048 0.0150 
0.0752 0.1753 0.0184 0.0273 0.0045 0.0731 0.0010 0.0356 0.0010 0.0001 0.0332 0.0097 0.4583 0.0393 0.0069 0.0414 
0.0764 0.0446 0.0513 0.0174 0.0024 0.0745 0.0034 0.0404 0.0062 0.0001 0.0745 0.0040 0.5296 0.0377 0.0024 0.0355 
0.0645 0.0363 0.0558 0.0107 0.0029 0.0390 0.0011 0.0316 0.0010 0.0026 0.0888 0.0749 0.5542 0.0294 0.0006 0.0066 
0.0540 0.0610 0.0136 0.0541 0.0040 0.0265 0.0014 0.0257 0.0022 0.0003 0.0343 0.1192 0.5668 0.0347 0.0008 0.0013 
0.0794 0.0404 0.0224 0.2829 0.0059 0.0412 0.0093 0.0388 0.0008 0.0003 0.0367 0.0097 0.2306 0.1570 0.0193 0.0252 
0.0914 0.0482 0.1417 0.0933 0.0032 0.0684 0.0048 0.0489 0.0018 0.0003 0.0462 0.0029 0.2495 0.0460 0.1423 0.0112 
0.1037 0.1078 0.0272 0.1920 0.0016 0.0526 0.0034 0.0511 0.0054 0.0022 0.0551 0.0042 0.1919 0.0486 0.0032 0.1502 
0.1580 0.0564 0.0064 0.3835 0.0008 0.0764 0.0078 0.0538 0.0016 0.0001 0.0537 0.0046 0.1284 0.0559 0.0037 0.0091 
0.1045 0.0585 0.1324 0.2560 0.0019 0.0911 0.0034 0.0508 0.0011 0.0001 0.0602 0.0022 0.1783 0.0513 0.0051 0.0034 
0.0993 0.0546 0.0187 0.3086 0.0081 0.0815 0.0008 0.0524 0.0001 0.0001 0.0698 0.0123 0.2405 0.0484 0.0040 0.0011 
0.0898 0.1050 0.0078 0.3157 0.0040 0.0479 0.0021 0.0503 0.0019 0.0001 0.0489 0.0238 0.2489 0.0452 0.0014 0.0073 
0.1007 0.0473 0.0062 0.4483 0.0045 0.0548 0.0019 0.0484 0.0115 0.0003 0.0516 0.0075 0.1494 0.0457 0.0094 0.0125 
0.1203 0.0813 0.1444 0.0136 0.0535 0.1305 0.0898 0.0657 0.0032 0.0018 0.0673 0.0131 0.1280 0.0623 0.0073 0.0179 
0.1157 0.1744 0.0153 0.0629 0.0032 0.0893 0.0043 0.0800 0.0030 0.0008 0.1003 0.0134 0.2294 0.0596 0.0102 0.0380 
0.1596 0.1328 0.0337 0.0622 0.0040 0.0976 0.0097 0.0725 0.1305 0.0022 0.0738 0.0433 0.0399 0.0693 0.0141 0.0546 
0.0981 0.0613 0.4378 0.0936 0.0051 0.0478 0.0165 0.0500 0.0013 0.0003 0.0835 0.0077 0.0313 0.0471 0.0081 0.0105 
0.1043 0.0482 0.1348 0.0869 0.0061 0.3136 0.0014 0.0636 0.0042 0.0019 0.0639 0.0901 0.0265 0.0442 0.0081 0.0021 
0.1100 0.1917 0.0361 0.0867 0.0057 0.0735 0.0018 0.0607 0.0067 0.0008 0.2185 0.0589 0.0706 0.0535 0.0010 0.0238 
0.1161 0.0524 0.0006 0.0490 0.0075 0.1425 0.0040 0.0546 0.0034 0.0141 0.0679 0.2442 0.1813 0.0510 0.0057 0.0057 
0.1203 0.1425 0.0474 0.0113 0.0040 0.0577 0.0030 0.0613 0.0129 0.0002 0.1375 0.0101 0.3004 0.0594 0.0072 0.0248 
0.0949 0.0483 0.0511 0.0575 0.0011 0.0618 0.0066 0.0487 0.0030 0.0001 0.0481 0.1786 0.3413 0.0479 0.0062 0.0048 
0.0490 0.0302 0.1502 0.0080 0.0010 0.0358 0.0042 0.0240 0.0013 0.0001 0.0302 0.0016 0.6311 0.0241 0.0056 0.0040 
0.0517 0.0345 0.0022 0.0530 0.0006 0.0313 0.0069 0.0265 0.0006 0.0001 0.0354 0.0081 0.7116 0.0255 0.0075 0.0045 
0.0633 0.0296 0.0088 0.0268 0.0032 0.0363 0.0027 0.0281 0.0003 0.0002 0.0427 0.0085 0.7133 0.0294 0.0019 0.0050 
0.0824 0.0431 0.0168 0.0102 0.0288 0.0423 0.0037 0.0419 0.0018 0.0001 0.0534 0.0248 0.5351 0.0746 0.0089 0.0323 
0.0800 0.0434 0.0565 0.0046 0.0067 0.0636 0.0418 0.0474 0.0003 0.0008 0.0425 0.0150 0.4637 0.0420 0.0762 0.0153 
0.0977 0.0580 0.0262 0.0091 0.0019 0.0617 0.0027 0.0588 0.0029 0.0224 0.0847 0.0056 0.4073 0.0489 0.0064 0.1059 
0.1075 0.0853 0.0043 0.0043 0.0019 0.0984 0.0080 0.0535 0.0094 0.0027 0.0877 0.1008 0.3635 0.0548 0.0093 0.0086 
0.0816 0.0433 0.0295 0.0078 0.0019 0.0615 0.0061 0.0406 0.0011 0.0001 0.1554 0.0605 0.4525 0.0393 0.0062 0.0126 
0.0855 0.0556 0.0273 0.0029 0.0011 0.0722 0.0078 0.0444 0.0014 0.0001 0.0617 0.1134 0.4653 0.0427 0.0037 0.0152 
0.0557 0.0267 0.0375 0.0022 0.0010 0.0463 0.0054 0.0265 0.0005 0.0006 0.0819 0.0153 0.6673 0.0262 0.0029 0.0038 
0.0604 0.0404 0.0144 0.0005 0.0018 0.0374 0.0010 0.0316 0.0002 0.0002 0.0411 0.0696 0.6615 0.0313 0.0018 0.0070 
0.0551 0.0286 0.0035 0.0035 0.0013 0.0254 0.0022 0.0291 0.0010 0.0001 0.0315 0.0292 0.7444 0.0329 0.0056 0.0067 
0.0541 0.0311 0.0260 0.0035 0.0003 0.0246 0.0021 0.0259 0.0011 0.0001 0.0264 0.0073 0.7481 0.0292 0.0112 0.0091 
0.0604 0.0276 0.0149 0.0050 0.0006 0.0296 0.0040 0.0280 0.0016 0.0001 0.0310 0.0021 0.7535 0.0280 0.0042 0.0097 
0.0561 0.0283 0.0249 0.0089 0.0021 0.0259 0.0010 0.0284 0.0002 0.0001 0.0315 0.0053 0.7508 0.0276 0.0045 0.0048 
0.0893 0.0455 0.0026 0.0203 0.0117 0.0590 0.0133 0.0471 0.0018 0.0001 0.0449 0.0166 0.0802 0.5571 0.0042 0.0066 
0.0629 0.0321 0.0050 0.0057 0.0029 0.0327 0.0034 0.0343 0.0008 0.0003 0.0382 0.0034 0.0859 0.0292 0.6596 0.0035 
0.0517 0.0308 0.0128 0.0067 0.0022 0.0294 0.0026 0.0265 0.0070 0.0102 0.0268 0.0227 0.1223 0.0284 0.0032 0.6165 
0.3362 0.0608 0.0150 0.0038 0.0088 0.0741 0.0174 0.0591 0.0019 0.0005 0.0751 0.0102 0.2528 0.0602 0.0201 0.0040 
0.0891 0.1324 0.2776 0.0262 0.0022 0.0481 0.0059 0.0518 0.0034 0.0002 0.1037 0.0134 0.0610 0.0534 0.0030 0.1286 
0.1133 0.0506 0.1317 0.2258 0.0021 0.0745 0.0045 0.0516 0.0121 0.0006 0.0540 0.1310 0.0804 0.0503 0.0157 0.0019 
0.0928 0.0517 0.0478 0.0112 0.0050 0.4034 0.0035 0.0497 0.0014 0.0037 0.0554 0.0085 0.1936 0.0458 0.0056 0.0209 
0.0848 0.0396 0.0006 0.0423 0.0019 0.0696 0.0018 0.0431 0.0030 0.0008 0.5332 0.0230 0.1093 0.0372 0.0019 0.0077 
0.0521 0.0772 0.0038 0.0024 0.0022 0.0323 0.0032 0.0251 0.0013 0.0043 0.0463 0.6177 0.0973 0.0265 0.0024 0.0059 
0.0596 0.0321 0.0099 0.0053 0.0011 0.0270 0.0014 0.0313 0.0022 0.0001 0.0471 0.0431 0.6653 0.0399 0.0201 0.0144 
0.0668 0.0391 0.0922 0.0022 0.0008 0.0340 0.0141 0.0332 0.0024 0.0001 0.0375 0.0363 0.5430 0.0372 0.0278 0.0335 
0.0624 0.0327 0.0613 0.0019 0.0011 0.0465 0.0128 0.0284 0.0008 0.0003 0.0308 0.0042 0.6279 0.0279 0.0107 0.0501 
0.0767 0.0526 0.1077 0.0019 0.0008 0.0323 0.0107 0.0312 0.0006 0.0001 0.0307 0.0065 0.5740 0.0323 0.0120 0.0304 
0.0676 0.0329 0.1563 0.0069 0.0010 0.0653 0.0193 0.0329 0.0010 0.0003 0.0406 0.0056 0.5260 0.0326 0.0037 0.0081 
0.1029 0.0589 0.0839 0.0038 0.0010 0.0652 0.0050 0.0522 0.0016 0.0010 0.0927 0.0144 0.4217 0.0492 0.0086 0.0380 
0.0903 0.0513 0.0123 0.0500 0.0030 0.0454 0.0094 0.0417 0.0016 0.0001 0.0978 0.0900 0.4542 0.0436 0.0029 0.0067 
0.0572 0.0369 0.0244 0.0190 0.0046 0.0291 0.0019 0.0273 0.0003 0.0001 0.0268 0.0623 0.6768 0.0270 0.0026 0.0038 
0.0459 0.0230 0.0029 0.0120 0.0043 0.0868 0.0030 0.0288 0.0010 0.0002 0.0288 0.0019 0.7270 0.0222 0.0018 0.0107 
0.0434 0.0891 0.0016 0.0021 0.0011 0.0469 0.0019 0.0329 0.0019 0.0003 0.0434 0.0110 0.6993 0.0212 0.0006 0.0030 
0.0607 0.0927 0.0046 0.0024 0.0006 0.0443 0.0016 0.0294 0.0144 0.0013 0.0320 0.0344 0.6483 0.0289 0.0029 0.0016 
0.0537 0.0259 0.0498 0.0024 0.0003 0.0246 0.0013 0.0257 0.0010 0.0006 0.0722 0.0123 0.6731 0.0288 0.0070 0.0212 
0.0452 0.0224 0.0617 0.0021 0.0008 0.0219 0.0029 0.0216 0.0005 0.0001 0.0272 0.0914 0.6649 0.0233 0.0074 0.0070 
0.0567 0.0276 0.0026 0.0056 0.0010 0.0308 0.0010 0.0284 0.0001 0.0001 0.0345 0.0105 0.7647 0.0284 0.0054 0.0029 
0.0537 0.0264 0.0001 0.0019 0.0010 0.0534 0.0042 0.0270 0.0002 0.0001 0.0284 0.0141 0.7602 0.0262 0.0027 0.0010 
0.0569 0.0316 0.0001 0.0011 0.0008 0.0331 0.0030 0.0287 0.0003 0.0001 0.0335 0.0064 0.7627 0.0278 0.0038 0.0104 
0.0553 0.0267 0.0016 0.0001 0.0022 0.0332 0.0043 0.0262 0.0002 0.0001 0.0463 0.0117 0.7524 0.0272 0.0059 0.0069 
0.0501 0.0268 0.0182 0.0001 0.0006 0.0230 0.0010 0.0259 0.0003 0.0001 0.0423 0.0396 0.7385 0.0254 0.0038 0.0048 
0.0556 0.0264 0.0024 0.0001 0.0002 0.0278 0.0022 0.0281 0.0070 0.0002 0.0257 0.0284 0.7578 0.0310 0.0040 0.0032 
0.0532 0.0332 0.0030 0.0001 0.0001 0.0270 0.0045 0.0265 0.0018 0.0001 0.0276 0.0019 0.7642 0.0312 0.0153 0.0109 
0.0492 0.0409 0.0236 0.0002 0.0003 0.0219 0.0075 0.0219 0.0005 0.0001 0.0251 0.0053 0.7433 0.0235 0.0070 0.0300 
0.0478 0.0197 0.0585 0.0022 0.0001 0.0187 0.0021 0.0198 0.0014 0.0001 0.0217 0.0038 0.7046 0.0200 0.0072 0.0727 
0.0465 0.0246 0.0954 0.0077 0.0003 0.0227 0.0185 0.0233 0.0026 0.0001 0.0251 0.0030 0.5038 0.0816 0.0062 0.1390 
0.0858 0.0514 0.1121 0.0096 0.0034 0.0725 0.0441 0.0398 0.0008 0.0002 0.0436 0.0077 0.4257 0.0441 0.0514 0.0080 
0.0984 0.0910 0.0465 0.0035 0.0109 0.0792 0.0728 0.0498 0.0008 0.0034 0.1436 0.0065 0.1560 0.1562 0.0104 0.0709 
0.1206 0.0802 0.0358 0.0256 0.0026 0.0537 0.0014 0.0669 0.0021 0.0050 0.1018 0.0922 0.0377 0.0606 0.2951 0.0189 
0.0883 0.0617 0.0251 0.0061 0.0089 0.1050 0.0053 0.0476 0.0192 0.0414 0.0538 0.0553 0.2663 0.0503 0.0105 0.1553 
0.1226 0.0612 0.0160 0.0144 0.0097 0.0524 0.0050 0.0492 0.0018 0.0008 0.2696 0.0096 0.3293 0.0438 0.0064 0.0083 
0.0482 0.0273 0.0799 0.0120 0.0040 0.0329 0.0029 0.0272 0.0110 0.0072 0.0517 0.4916 0.1735 0.0220 0.0018 0.0069 
0.0676 0.0291 0.0109 0.0375 0.0018 0.0866 0.0037 0.0320 0.0019 0.0010 0.0387 0.0636 0.5935 0.0286 0.0013 0.0024 
0.0607 0.0435 0.0048 0.0181 0.0069 0.0586 0.0029 0.0329 0.0008 0.0001 0.0606 0.0091 0.6645 0.0299 0.0048 0.0022 
0.0516 0.0316 0.0024 0.0101 0.0139 0.0276 0.0220 0.0299 0.0002 0.0002 0.0304 0.0483 0.7019 0.0260 0.0008 0.0032 
0.0583 0.0272 0.0050 0.0113 0.0003 0.0273 0.0003 0.0371 0.0040 0.0001 0.0268 0.0096 0.7591 0.0291 0.0032 0.0014 
0.0502 0.0251 0.0069 0.0078 0.0006 0.0233 0.0005 0.0259 0.0252 0.0102 0.0262 0.0050 0.7458 0.0275 0.0072 0.0126 
0.0583 0.0289 0.0043 0.0067 0.0013 0.0320 0.0013 0.0281 0.0002 0.0001 0.0299 0.0030 0.7672 0.0291 0.0056 0.0043 
0.0548 0.0331 0.0337 0.0080 0.0003 0.0249 0.0021 0.0276 0.0013 0.0001 0.0286 0.0043 0.7433 0.0270 0.0032 0.0080 
0.0562 0.0264 0.0050 0.0938 0.0006 0.0254 0.0021 0.0249 0.0011 0.0001 0.0246 0.0019 0.7042 0.0268 0.0016 0.0056 
0.0518 0.0281 0.0268 0.0088 0.0021 0.0626 0.0024 0.0249 0.0003 0.0001 0.0267 0.0018 0.7273 0.0281 0.0067 0.0018 
0.0553 0.0370 0.0008 0.0185 0.0006 0.0279 0.0013 0.0294 0.0001 0.0001 0.0350 0.0021 0.7561 0.0273 0.0054 0.0035 
0.0521 0.0275 0.0019 0.0436 0.0011 0.0235 0.0061 0.0252 0.0121 0.0001 0.0296 0.0101 0.7291 0.0246 0.0040 0.0097 
0.0526 0.0260 0.0096 0.0212 0.0013 0.0308 0.0053 0.0264 0.0005 0.0001 0.0300 0.0101 0.7503 0.0294 0.0034 0.0032 
0.0478 0.0527 0.0144 0.0053 0.0014 0.0652 0.0058 0.0251 0.0003 0.0001 0.0318 0.0073 0.7116 0.0240 0.0030 0.0045 
0.0522 0.0612 0.0011 0.0216 0.0027 0.0256 0.0096 0.0273 0.0021 0.0001 0.0339 0.0123 0.6960 0.0276 0.0043 0.0225 
0.0656 0.0364 0.0089 0.0032 0.0105 0.0952 0.0075 0.0372 0.0038 0.0001 0.0340 0.0315 0.5822 0.0331 0.0171 0.0337 
0.0698 0.0411 0.0342 0.0085 0.0026 0.0351 0.0026 0.0476 0.0019 0.0134 0.1318 0.0171 0.5302 0.0359 0.0064 0.0219 
0.0633 0.0564 0.0083 0.0030 0.0073 0.1006 0.0011 0.0319 0.0045 0.0062 0.0345 0.2912 0.3542 0.0291 0.0019 0.0064 
0.0640 0.0390 0.0125 0.0011 0.0018 0.0645 0.0062 0.0313 0.0021 0.0002 0.1196 0.0142 0.5994 0.0291 0.0102 0.0048 
0.0741 0.0666 0.0096 0.0024 0.0008 0.0433 0.0054 0.0390 0.0027 0.0001 0.1275 0.1918 0.3805 0.0398 0.0059 0.0107 
0.0572 0.0399 0.0209 0.0045 0.0006 0.0249 0.0032 0.0276 0.0010 0.0001 0.0292 0.1212 0.6131 0.0286 0.0142 0.0139 
0.0666 0.0307 0.0570 0.0054 0.0008 0.0487 0.0101 0.0316 0.0021 0.0001 0.0304 0.0110 0.6412 0.0425 0.0065 0.0153 
0.0700 0.0367 0.0252 0.0034 0.0008 0.0358 0.0027 0.0351 0.0002 0.0001 0.0593 0.0021 0.6664 0.0395 0.0160 0.0070 
0.0760 0.0540 0.0120 0.0356 0.0027 0.0367 0.0056 0.0414 0.0048 0.0032 0.0398 0.0433 0.5382 0.0407 0.0149 0.0511 
0.1545 0.0475 0.0166 0.0618 0.0086 0.0591 0.0383 0.0530 0.0094 0.0001 0.0475 0.0144 0.2714 0.0535 0.0120 0.1524 
0.1361 0.0633 0.1443 0.0053 0.0275 0.0789 0.0387 0.0649 0.0260 0.0002 0.0551 0.0029 0.1048 0.1563 0.0077 0.0882 
