0.0639 0.0336 0.2063 0.3987 0.0088 0.0553 0.0109 0.0308 0.0227 0.0038 0.0625 0.0088 0.0433 0.0292 0.0027 0.0187 
0.0747 0.0402 0.0589 0.4055 0.0176 0.1268 0.0043 0.0444 0.0013 0.0019 0.0830 0.0351 0.0632 0.0335 0.0032 0.0062 
0.0509 0.1515 0.0097 0.5018 0.0096 0.0422 0.0059 0.0262 0.0240 0.0003 0.0417 0.0316 0.0720 0.0248 0.0014 0.0064 
0.0590 0.0300 0.0208 0.6541 0.0016 0.0262 0.0088 0.0280 0.0109 0.0062 0.0383 0.0088 0.0682 0.0256 0.0043 0.0093 
0.0898 0.0454 0.0380 0.1107 0.0050 0.4529 0.0050 0.0444 0.0019 0.0105 0.0458 0.0465 0.0553 0.0431 0.0029 0.0029 
0.0953 0.0469 0.0072 0.1105 0.0073 0.0896 0.0011 0.0508 0.0016 0.0030 0.4109 0.0110 0.1137 0.0457 0.0030 0.0022 
0.0514 0.0307 0.0038 0.0313 0.0014 0.0379 0.0010 0.0275 0.0021 0.0008 0.0876 0.6098 0.0877 0.0248 0.0016 0.0006 
0.0537 0.0319 0.0014 0.0235 0.0024 0.0289 0.0021 0.0257 0.0014 0.0001 0.0326 0.1022 0.6657 0.0257 0.0008 0.0019 
0.0586 0.0315 0.0016 0.0155 0.0029 0.0391 0.0008 0.0292 0.0018 0.0001 0.0284 0.0099 0.7447 0.0275 0.0045 0.0042 
0.0519 0.0291 0.0016 0.0053 0.0013 0.0348 0.0034 0.0364 0.0002 0.0001 0.0347 0.0030 0.7549 0.0256 0.0080 0.0101 
0.0517 0.0481 0.0072 0.0011 0.0005 0.0260 0.0045 0.0256 0.0067 0.0001 0.0276 0.0152 0.7473 0.0249 0.0026 0.0112 
0.0626 0.0273 0.0131 0.0054 0.0001 0.0254 0.0032 0.0265 0.0027 0.0002 0.0335 0.0029 0.7590 0.0279 0.0054 0.0048 
0.0465 0.0246 0.0535 0.0013 0.0021 0.0214 0.0053 0.0228 0.0008 0.0001 0.0249 0.0136 0.7313 0.0241 0.0105 0.0173 
0.0741 0.0366 0.0086 0.0061 0.0139 0.0434 0.0310 0.0383 0.0018 0.0001 0.0382 0.0062 0.0573 0.6190 0.0046 0.0209 
0.0492 0.0446 0.0062 0.0021 0.0010 0.0254 0.0046 0.0331 0.0011 0.0001 0.0280 0.0030 0.0228 0.0252 0.7399 0.0139 
0.0410 0.0996 0.0182 0.0219 0.0006 0.0160 0.0097 0.0180 0.0263 0.0043 0.0187 0.0034 0.0136 0.0174 0.0062 0.6849 
0.5365 0.0569 0.0745 0.0602 0.0034 0.0596 0.0059 0.0562 0.0005 0.0001 0.0582 0.0026 0.0168 0.0566 0.0054 0.0069 
0.0513 0.0367 0.3984 0.0120 0.0042 0.3880 0.0016 0.0294 0.0005 0.0005 0.0288 0.0032 0.0089 0.0249 0.0070 0.0046 
0.0912 0.0725 0.0043 0.1376 0.0104 0.0483 0.0003 0.0498 0.0153 0.0001 0.4899 0.0120 0.0152 0.0459 0.0056 0.0019 
0.0591 0.1554 0.0038 0.0830 0.0026 0.0263 0.0037 0.0366 0.0034 0.0006 0.0481 0.5123 0.0334 0.0257 0.0032 0.0029 
0.0661 0.0569 0.1238 0.2199 0.0059 0.0347 0.0125 0.0337 0.0142 0.0002 0.0383 0.0222 0.1437 0.0356 0.0062 0.1861 
0.0236 0.0104 0.4144 0.0498 0.1911 0.0096 0.2113 0.0105 0.0002 0.0006 0.0075 0.0034 0.0393 0.0120 0.0042 0.0121 
0.0478 0.0406 0.3815 0.2174 0.0014 0.0288 0.0029 0.1618 0.0010 0.0005 0.0256 0.0037 0.0335 0.0230 0.0152 0.0155 
0.0918 0.0292 0.0530 0.1713 0.1392 0.0738 0.0072 0.0263 0.1004 0.1601 0.0495 0.0118 0.0332 0.0417 0.0032 0.0081 
0.0982 0.4002 0.0583 0.2525 0.0046 0.0203 0.0011 0.0393 0.0030 0.0006 0.0184 0.0198 0.0299 0.0176 0.0311 0.0051 
0.0398 0.0187 0.0042 0.1482 0.0307 0.2829 0.0294 0.0193 0.0067 0.2563 0.0323 0.0155 0.0415 0.0204 0.0054 0.0487 
0.0765 0.0436 0.0117 0.0278 0.1234 0.0439 0.0073 0.0489 0.0013 0.0018 0.5093 0.0307 0.0326 0.0361 0.0029 0.0024 
0.0596 0.0973 0.0163 0.0510 0.0011 0.0310 0.0078 0.0882 0.0165 0.0043 0.0324 0.1645 0.0329 0.0319 0.3575 0.0077 
0.0337 0.0088 0.1541 0.0224 0.0006 0.0102 0.0032 0.0096 0.2573 0.0126 0.0077 0.0083 0.0305 0.0077 0.0032 0.4301 
0.3874 0.0609 0.1954 0.0296 0.0040 0.0762 0.0069 0.0577 0.0016 0.0006 0.0722 0.0037 0.0286 0.0577 0.0067 0.0109 
0.0724 0.0438 0.4320 0.0420 0.0019 0.2394 0.0021 0.0420 0.0006 0.0005 0.0439 0.0118 0.0203 0.0353 0.0062 0.0057 
0.0591 0.4269 0.0018 0.0736 0.0061 0.2857 0.0013 0.0302 0.0013 0.0001 0.0422 0.0072 0.0209 0.0281 0.0043 0.0113 
0.1140 0.0503 0.0251 0.1070 0.0128 0.0522 0.0056 0.0506 0.0008 0.0002 0.4477 0.0323 0.0340 0.0502 0.0064 0.0109 
0.0336 0.0157 0.3036 0.0061 0.0038 0.0227 0.0005 0.0197 0.0008 0.0011 0.0211 0.4765 0.0781 0.0144 0.0010 0.0014 
0.0567 0.0337 0.0086 0.0050 0.0069 0.1359 0.0018 0.0319 0.0089 0.0016 0.0324 0.0256 0.6166 0.0273 0.0040 0.0030 
0.0513 0.0319 0.0002 0.0029 0.0075 0.0307 0.0021 0.0278 0.0006 0.0001 0.1557 0.0070 0.6534 0.0246 0.0026 0.0019 
0.0364 0.0466 0.0117 0.0005 0.0005 0.0176 0.0043 0.0201 0.0046 0.0001 0.0220 0.2680 0.5386 0.0196 0.0051 0.0045 
0.0609 0.0273 0.0059 0.0045 0.0002 0.0289 0.0051 0.0280 0.0048 0.0001 0.0387 0.0064 0.7437 0.0292 0.0069 0.0097 
0.0513 0.0296 0.0546 0.0013 0.0014 0.0248 0.0236 0.0264 0.0037 0.0001 0.0331 0.0101 0.6784 0.0265 0.0059 0.0296 
0.0716 0.0307 0.0663 0.0085 0.0486 0.0281 0.2673 0.0297 0.0001 0.0005 0.0283 0.0069 0.2333 0.1502 0.0152 0.0150 
0.0631 0.0353 0.1361 0.0056 0.0053 0.0315 0.0101 0.1480 0.0018 0.0001 0.0299 0.0027 0.0991 0.0427 0.3567 0.0323 
0.0826 0.0267 0.0511 0.0029 0.0209 0.0674 0.0160 0.0339 0.2167 0.0585 0.0289 0.0037 0.0388 0.0475 0.0058 0.2987 
