0.1165 0.0475 0.0356 0.1104 0.0019 0.2063 0.0045 0.0553 0.0203 0.0775 0.1678 0.0134 0.0669 0.0467 0.0043 0.0252 
0.1586 0.0861 0.0337 0.0449 0.0024 0.0666 0.0037 0.0572 0.0227 0.0072 0.2198 0.1335 0.1000 0.0534 0.0045 0.0058 
0.0762 0.0353 0.0121 0.0874 0.0042 0.0810 0.0110 0.0363 0.0018 0.0024 0.0414 0.3540 0.2196 0.0340 0.0022 0.0011 
0.0470 0.0297 0.0022 0.0968 0.0013 0.0327 0.0029 0.0246 0.0011 0.0006 0.0786 0.0062 0.6456 0.0236 0.0005 0.0065 
0.0388 0.0187 0.0022 0.0214 0.0042 0.0514 0.0013 0.0198 0.0010 0.0034 0.0272 0.1538 0.6364 0.0184 0.0019 0.0002 
0.0532 0.0525 0.0029 0.0038 0.0042 0.0291 0.0006 0.0307 0.0003 0.0002 0.0340 0.0129 0.7452 0.0262 0.0018 0.0024 
0.0535 0.0276 0.0001 0.0137 0.0008 0.0318 0.0014 0.0291 0.0027 0.0001 0.0305 0.0324 0.7426 0.0294 0.0019 0.0026 
0.0557 0.0366 0.0120 0.0010 0.0011 0.0287 0.0027 0.0273 0.0042 0.0001 0.0284 0.0112 0.7199 0.0537 0.0081 0.0096 
0.0562 0.0292 0.0091 0.0067 0.0005 0.0268 0.0038 0.0280 0.0006 0.0001 0.0294 0.0040 0.7172 0.0289 0.0503 0.0093 
0.0594 0.0281 0.0278 0.0061 0.0010 0.0297 0.0137 0.0260 0.0104 0.0001 0.0252 0.0016 0.1924 0.0257 0.0153 0.5375 
0.0730 0.0323 0.3202 0.0142 0.0035 0.0324 0.0743 0.0291 0.0006 0.0002 0.0286 0.0037 0.3177 0.0367 0.0182 0.0153 
0.1096 0.1156 0.0599 0.0088 0.0021 0.2837 0.0113 0.0607 0.0010 0.0008 0.0601 0.0022 0.1800 0.0540 0.0107 0.0395 
0.1101 0.0524 0.0411 0.0273 0.0038 0.0784 0.0050 0.0566 0.0123 0.0078 0.4656 0.0220 0.0380 0.0511 0.0067 0.0217 
0.0658 0.0575 0.0128 0.0121 0.0112 0.0561 0.0008 0.0358 0.0019 0.0003 0.0906 0.5962 0.0157 0.0348 0.0013 0.0072 
0.0765 0.0458 0.0051 0.0168 0.0032 0.0588 0.0065 0.0452 0.0029 0.0003 0.0837 0.1177 0.4853 0.0379 0.0048 0.0094 
0.0494 0.0332 0.0166 0.0037 0.0029 0.0398 0.0097 0.0244 0.0097 0.0003 0.0489 0.0586 0.6568 0.0323 0.0051 0.0085 
0.0561 0.0299 0.0093 0.0077 0.0021 0.0292 0.0038 0.0241 0.0037 0.0001 0.0257 0.0583 0.7142 0.0262 0.0061 0.0037 
0.0500 0.0272 0.0196 0.0118 0.0016 0.0246 0.0034 0.0265 0.0038 0.0006 0.0273 0.0054 0.7195 0.0283 0.0077 0.0426 
0.0548 0.0268 0.0430 0.0099 0.0024 0.0334 0.0094 0.0272 0.0013 0.0002 0.0251 0.0070 0.7155 0.0307 0.0085 0.0050 
0.0490 0.0693 0.0177 0.0136 0.0005 0.0248 0.0032 0.0262 0.0027 0.0001 0.0299 0.0058 0.7153 0.0249 0.0112 0.0061 
0.0473 0.0224 0.0088 0.0698 0.0018 0.0246 0.0075 0.0228 0.0051 0.0008 0.0342 0.0069 0.6970 0.0227 0.0050 0.0235 
0.0617 0.0375 0.1093 0.0260 0.0062 0.0329 0.0109 0.0327 0.0019 0.0001 0.0286 0.0139 0.4810 0.0893 0.0102 0.0580 
0.0952 0.0510 0.1489 0.0374 0.0117 0.0888 0.0412 0.0490 0.0011 0.0010 0.0467 0.0043 0.3109 0.0475 0.0489 0.0165 
0.0923 0.0648 0.0487 0.0179 0.0057 0.1474 0.0032 0.0545 0.0042 0.0126 0.1006 0.0062 0.3083 0.0524 0.0088 0.0724 
0.1366 0.1077 0.0200 0.0294 0.0029 0.1115 0.0101 0.0660 0.0203 0.0037 0.1885 0.0915 0.1217 0.0688 0.0113 0.0101 
0.1184 0.1600 0.2118 0.0596 0.0029 0.0463 0.0118 0.0481 0.0069 0.0003 0.0565 0.0773 0.0367 0.0500 0.0228 0.0906 
0.0523 0.0300 0.6075 0.0876 0.0051 0.0408 0.0233 0.0261 0.0003 0.0008 0.0251 0.0190 0.0222 0.0254 0.0048 0.0297 
0.1023 0.0607 0.2729 0.0631 0.0072 0.2405 0.0027 0.0532 0.0008 0.0022 0.0802 0.0042 0.0388 0.0476 0.0129 0.0105 
0.0703 0.0476 0.0094 0.4435 0.0045 0.0447 0.0016 0.0403 0.0050 0.0003 0.1821 0.0963 0.0144 0.0367 0.0010 0.0024 
0.0941 0.0450 0.0046 0.2724 0.0045 0.0893 0.0024 0.0460 0.0019 0.0008 0.0498 0.1887 0.1489 0.0439 0.0061 0.0016 
0.0655 0.0382 0.0217 0.0923 0.0026 0.0332 0.0011 0.0326 0.0024 0.0001 0.0639 0.0077 0.5935 0.0321 0.0043 0.0091 
0.0492 0.0334 0.0032 0.1318 0.0066 0.0291 0.0016 0.0240 0.0013 0.0005 0.0254 0.0490 0.6146 0.0236 0.0035 0.0032 
0.0483 0.0240 0.0089 0.0514 0.0069 0.0374 0.0019 0.0273 0.0005 0.0001 0.0286 0.0037 0.7268 0.0249 0.0034 0.0061 
0.0465 0.0268 0.0078 0.0212 0.0024 0.0594 0.0070 0.0308 0.0024 0.0005 0.0296 0.0235 0.7058 0.0257 0.0064 0.0042 
0.0521 0.0356 0.0027 0.0272 0.0013 0.0391 0.0048 0.0265 0.0040 0.0024 0.0379 0.0139 0.6871 0.0268 0.0139 0.0248 
0.0470 0.0233 0.0190 0.0109 0.0038 0.0280 0.0109 0.0209 0.0016 0.0021 0.0345 0.0415 0.6958 0.0224 0.0141 0.0243 
0.0470 0.0371 0.0284 0.0128 0.0013 0.0291 0.0097 0.0240 0.0010 0.0001 0.0343 0.0184 0.6789 0.0252 0.0096 0.0433 
0.0532 0.0315 0.0684 0.0241 0.0008 0.0329 0.0067 0.0268 0.0078 0.0003 0.0332 0.0179 0.6210 0.0273 0.0206 0.0275 
0.0494 0.0295 0.2225 0.0193 0.0037 0.0307 0.0147 0.0228 0.0010 0.0002 0.0321 0.0118 0.5085 0.0248 0.0083 0.0208 
0.1086 0.0548 0.0541 0.0260 0.0018 0.1281 0.0034 0.0612 0.0002 0.0011 0.0669 0.0382 0.3744 0.0573 0.0059 0.0180 
0.1414 0.1117 0.0391 0.0391 0.0042 0.0919 0.0072 0.0714 0.0216 0.0010 0.1695 0.0292 0.1058 0.0839 0.0299 0.0534 
0.1401 0.0722 0.0548 0.0695 0.0131 0.0858 0.0088 0.0705 0.0021 0.0005 0.1019 0.1342 0.1366 0.0705 0.0238 0.0157 
0.0969 0.0829 0.0494 0.0241 0.0069 0.0944 0.0184 0.0527 0.0056 0.0005 0.0503 0.0364 0.4071 0.0454 0.0067 0.0224 
0.0682 0.0417 0.0209 0.0422 0.0056 0.0468 0.0096 0.0393 0.0081 0.0022 0.1171 0.0216 0.5224 0.0407 0.0069 0.0066 
0.0805 0.0588 0.0415 0.0201 0.0042 0.0732 0.0157 0.0474 0.0078 0.0022 0.0538 0.1650 0.3537 0.0460 0.0097 0.0203 
0.1078 0.0609 0.0602 0.0629 0.0014 0.0617 0.0184 0.0543 0.0139 0.0014 0.0854 0.0182 0.2900 0.0605 0.0179 0.0850 
0.0922 0.0534 0.3853 0.0425 0.0097 0.0407 0.0406 0.0382 0.0065 0.0021 0.0428 0.0187 0.1188 0.0577 0.0171 0.0337 
0.1059 0.0519 0.0738 0.0246 0.0080 0.3109 0.0254 0.0534 0.0006 0.0046 0.0543 0.0139 0.1738 0.0532 0.0305 0.0150 
0.0994 0.0623 0.0776 0.0224 0.0037 0.0590 0.0019 0.0518 0.0088 0.0205 0.4309 0.0181 0.0467 0.0495 0.0161 0.0315 
0.0994 0.1230 0.0168 0.0169 0.0042 0.0992 0.0058 0.0449 0.0075 0.0077 0.0623 0.3919 0.0601 0.0439 0.0050 0.0117 
0.0787 0.0350 0.0248 0.0155 0.0046 0.0463 0.0065 0.0375 0.0022 0.0021 0.1896 0.0375 0.4713 0.0369 0.0022 0.0091 
0.0840 0.0439 0.0204 0.0217 0.0022 0.0500 0.0042 0.0447 0.0021 0.0011 0.1241 0.3419 0.2147 0.0396 0.0021 0.0032 
0.0609 0.0375 0.0101 0.0236 0.0016 0.0404 0.0034 0.0302 0.0043 0.0001 0.0356 0.1655 0.5480 0.0302 0.0013 0.0073 
0.0506 0.0246 0.0190 0.0447 0.0013 0.0249 0.0029 0.0257 0.0010 0.0005 0.0270 0.0110 0.7379 0.0252 0.0019 0.0018 
0.0502 0.0294 0.0227 0.0320 0.0013 0.0251 0.0026 0.0264 0.0019 0.0001 0.0262 0.0051 0.7447 0.0268 0.0040 0.0019 
0.0479 0.0225 0.0030 0.0658 0.0019 0.0401 0.0026 0.0244 0.0013 0.0002 0.0232 0.0051 0.7308 0.0235 0.0050 0.0027 
0.0537 0.0300 0.0077 0.0097 0.0037 0.0339 0.0029 0.0278 0.0005 0.0001 0.0275 0.0032 0.7609 0.0275 0.0037 0.0077 
0.0534 0.0264 0.0003 0.0137 0.0022 0.0318 0.0050 0.0268 0.0006 0.0005 0.0387 0.0053 0.7589 0.0284 0.0032 0.0048 
0.0529 0.0288 0.0018 0.0026 0.0008 0.0272 0.0006 0.0273 0.0018 0.0005 0.0454 0.0171 0.7572 0.0289 0.0042 0.0032 
0.0508 0.0260 0.0034 0.0032 0.0008 0.0268 0.0016 0.0254 0.0029 0.0003 0.0294 0.0425 0.7488 0.0276 0.0038 0.0066 
0.0551 0.0272 0.0066 0.0016 0.0003 0.0278 0.0032 0.0283 0.0001 0.0001 0.0324 0.0064 0.7714 0.0307 0.0043 0.0050 
0.0538 0.0276 0.0078 0.0008 0.0011 0.0340 0.0019 0.0267 0.0001 0.0001 0.0288 0.0118 0.7701 0.0273 0.0038 0.0045 
0.0566 0.0299 0.0016 0.0034 0.0006 0.0262 0.0013 0.0280 0.0003 0.0001 0.0324 0.0048 0.7750 0.0283 0.0022 0.0096 
0.0548 0.0260 0.0064 0.0067 0.0006 0.0281 0.0021 0.0267 0.0006 0.0001 0.0296 0.0078 0.7582 0.0318 0.0045 0.0161 
0.0534 0.0270 0.0220 0.0016 0.0008 0.0363 0.0014 0.0270 0.0002 0.0002 0.0281 0.0059 0.7583 0.0260 0.0075 0.0043 
0.0543 0.0439 0.0043 0.0057 0.0010 0.0267 0.0014 0.0268 0.0008 0.0001 0.0331 0.0042 0.7583 0.0275 0.0011 0.0110 
0.0561 0.0273 0.0034 0.0177 0.0016 0.0289 0.0016 0.0260 0.0006 0.0001 0.0288 0.0158 0.7583 0.0268 0.0030 0.0042 
0.0505 0.0256 0.0109 0.0070 0.0042 0.0484 0.0027 0.0268 0.0014 0.0001 0.0324 0.0113 0.7114 0.0575 0.0045 0.0056 
0.0572 0.0401 0.0053 0.0126 0.0016 0.0273 0.0086 0.0291 0.0011 0.0001 0.0294 0.0142 0.6851 0.0297 0.0518 0.0069 
0.0484 0.0281 0.0088 0.0198 0.0018 0.0268 0.0043 0.0244 0.0083 0.0029 0.0275 0.0064 0.6871 0.0272 0.0030 0.0752 
0.0821 0.0307 0.0476 0.0112 0.0018 0.0334 0.0083 0.0334 0.0022 0.0002 0.0353 0.0067 0.5896 0.0385 0.0104 0.0687 
0.0706 0.0380 0.1510 0.0157 0.0043 0.0575 0.0339 0.0377 0.0030 0.0002 0.0399 0.0112 0.4377 0.0521 0.0061 0.0412 
0.1163 0.0904 0.1002 0.0211 0.0073 0.0804 0.0177 0.0537 0.0088 0.0034 0.0719 0.0192 0.2941 0.0572 0.0396 0.0187 
0.1267 0.1013 0.0971 0.0264 0.0046 0.1120 0.0198 0.0642 0.0027 0.0075 0.0954 0.0516 0.0963 0.0725 0.0145 0.1072 
0.1263 0.0637 0.0561 0.0303 0.0070 0.1054 0.0091 0.0632 0.0024 0.0335 0.1685 0.0425 0.1821 0.0661 0.0177 0.0259 
0.1330 0.1536 0.0503 0.0319 0.0062 0.0767 0.0085 0.0685 0.0118 0.0006 0.1704 0.0891 0.0966 0.0652 0.0077 0.0297 
0.1246 0.0596 0.0880 0.0864 0.0027 0.0770 0.0101 0.0570 0.0042 0.0003 0.0792 0.1711 0.1738 0.0538 0.0037 0.0085 
0.0719 0.0324 0.2577 0.0355 0.0011 0.0580 0.0027 0.0332 0.0019 0.0002 0.0510 0.0248 0.3925 0.0327 0.0022 0.0022 
0.0604 0.0401 0.0123 0.1430 0.0046 0.0657 0.0058 0.0302 0.0010 0.0003 0.0332 0.0355 0.5259 0.0367 0.0040 0.0014 
0.0455 0.0561 0.0016 0.1617 0.0027 0.0246 0.0026 0.0232 0.0003 0.0001 0.0275 0.0045 0.6087 0.0220 0.0144 0.0048 
0.0589 0.0299 0.0077 0.1306 0.0053 0.0316 0.0037 0.0300 0.0026 0.0024 0.0378 0.0091 0.5554 0.0490 0.0113 0.0347 
0.0804 0.0343 0.0463 0.0316 0.0048 0.0430 0.0014 0.0361 0.0002 0.0002 0.0343 0.0142 0.6043 0.0332 0.0327 0.0029 
0.0628 0.0358 0.0046 0.0211 0.0058 0.1141 0.0058 0.0350 0.0037 0.0021 0.0430 0.0046 0.6049 0.0312 0.0026 0.0232 
0.0748 0.0420 0.0019 0.0097 0.0032 0.0540 0.0024 0.0368 0.0022 0.0002 0.0949 0.0197 0.6012 0.0406 0.0085 0.0080 
0.0439 0.0497 0.0112 0.0065 0.0027 0.0241 0.0018 0.0225 0.0030 0.0008 0.0329 0.1423 0.6254 0.0216 0.0042 0.0073 
0.0481 0.0262 0.0070 0.0168 0.0034 0.0283 0.0021 0.0268 0.0019 0.0005 0.0275 0.0233 0.7322 0.0252 0.0034 0.0273 
0.0497 0.0238 0.0345 0.0069 0.0014 0.0375 0.0085 0.0246 0.0005 0.0001 0.0233 0.0126 0.7333 0.0288 0.0050 0.0097 
0.0502 0.0262 0.0120 0.0144 0.0016 0.0329 0.0054 0.0233 0.0024 0.0003 0.0340 0.0059 0.7333 0.0348 0.0093 0.0139 
0.0495 0.0337 0.0109 0.0233 0.0021 0.0248 0.0032 0.0233 0.0014 0.0005 0.0257 0.0224 0.7257 0.0241 0.0126 0.0168 
0.0393 0.0211 0.0286 0.0295 0.0022 0.0283 0.0099 0.0196 0.0026 0.0001 0.0220 0.0107 0.6729 0.0228 0.0153 0.0751 
0.0412 0.0236 0.0733 0.0115 0.0042 0.0490 0.0110 0.0209 0.0003 0.0005 0.0399 0.0080 0.6727 0.0240 0.0085 0.0113 
0.0423 0.0776 0.0489 0.0077 0.0030 0.0313 0.0105 0.0244 0.0011 0.0001 0.0321 0.0318 0.6498 0.0235 0.0078 0.0081 
0.0524 0.0294 0.0086 0.0996 0.0022 0.0280 0.0161 0.0267 0.0080 0.0013 0.0414 0.0182 0.5874 0.0291 0.0053 0.0463 
0.0938 0.0502 0.1769 0.0540 0.0066 0.0534 0.0260 0.0505 0.0051 0.0005 0.0495 0.0374 0.2588 0.0609 0.0181 0.0585 
0.0920 0.0462 0.1522 0.0494 0.0070 0.1174 0.0652 0.0474 0.0032 0.0070 0.0521 0.0153 0.2668 0.0460 0.0139 0.0188 
0.1283 0.0882 0.0419 0.0334 0.0069 0.1309 0.0081 0.0626 0.0067 0.0232 0.1900 0.0264 0.1467 0.0759 0.0157 0.0153 
0.0866 0.4308 0.0490 0.0692 0.0019 0.0454 0.0032 0.0396 0.0144 0.0056 0.0618 0.0819 0.0350 0.0422 0.0166 0.0168 
0.0975 0.0475 0.1151 0.0387 0.0067 0.2737 0.0038 0.0459 0.0026 0.0054 0.0491 0.0566 0.1970 0.0443 0.0038 0.0125 
0.0870 0.0382 0.0676 0.0134 0.0026 0.0525 0.0019 0.0521 0.0008 0.0021 0.4229 0.0110 0.2001 0.0377 0.0051 0.0051 
0.0435 0.0411 0.0034 0.0855 0.0022 0.0227 0.0029 0.0219 0.0153 0.0001 0.0497 0.6496 0.0379 0.0217 0.0013 0.0014 
0.0530 0.0235 0.0026 0.0613 0.0006 0.0383 0.0021 0.0248 0.0003 0.0013 0.0257 0.0851 0.6514 0.0235 0.0030 0.0034 
0.0591 0.0315 0.0075 0.0081 0.0008 0.0337 0.0005 0.0292 0.0021 0.0001 0.0329 0.0029 0.7524 0.0320 0.0019 0.0056 
0.0554 0.0300 0.0002 0.0228 0.0010 0.0270 0.0006 0.0281 0.0002 0.0001 0.0302 0.0099 0.7633 0.0275 0.0032 0.0006 
0.0565 0.0295 0.0053 0.0054 0.0006 0.0272 0.0013 0.0287 0.0006 0.0001 0.0280 0.0043 0.7766 0.0311 0.0032 0.0018 
0.0557 0.0272 0.0010 0.0214 0.0003 0.0280 0.0019 0.0272 0.0008 0.0001 0.0272 0.0019 0.7697 0.0281 0.0040 0.0059 
0.0556 0.0276 0.0058 0.0013 0.0034 0.0350 0.0008 0.0275 0.0001 0.0001 0.0353 0.0013 0.7736 0.0283 0.0024 0.0026 
0.0554 0.0363 0.0008 0.0021 0.0011 0.0268 0.0010 0.0299 0.0001 0.0001 0.0332 0.0136 0.7640 0.0275 0.0058 0.0029 
0.0566 0.0278 0.0016 0.0035 0.0005 0.0289 0.0018 0.0292 0.0064 0.0001 0.0364 0.0141 0.7508 0.0281 0.0022 0.0121 
0.0589 0.0308 0.0058 0.0001 0.0018 0.0302 0.0035 0.0276 0.0010 0.0002 0.0299 0.0150 0.7312 0.0435 0.0043 0.0165 
0.0522 0.0428 0.0029 0.0003 0.0021 0.0548 0.0109 0.0270 0.0001 0.0001 0.0329 0.0059 0.7102 0.0257 0.0192 0.0133 
0.0479 0.0340 0.0137 0.0010 0.0010 0.0208 0.0062 0.0230 0.0003 0.0003 0.0791 0.0219 0.6841 0.0248 0.0070 0.0348 
0.0489 0.0232 0.0201 0.0120 0.0005 0.0220 0.0011 0.0227 0.0016 0.0005 0.0219 0.0762 0.6979 0.0273 0.0059 0.0182 
0.0562 0.0254 0.0180 0.0110 0.0021 0.0252 0.0014 0.0273 0.0013 0.0010 0.0316 0.0024 0.7424 0.0382 0.0080 0.0085 
0.0540 0.0506 0.0075 0.0102 0.0027 0.0276 0.0014 0.0272 0.0008 0.0001 0.0275 0.0081 0.7428 0.0283 0.0065 0.0048 
0.0557 0.0257 0.0013 0.0337 0.0014 0.0398 0.0029 0.0294 0.0016 0.0001 0.0300 0.0046 0.7369 0.0257 0.0061 0.0051 
0.0506 0.0302 0.0029 0.0011 0.0006 0.0657 0.0021 0.0289 0.0014 0.0001 0.0319 0.0073 0.7435 0.0264 0.0034 0.0042 
0.0471 0.0976 0.0014 0.0014 0.0013 0.0265 0.0026 0.0243 0.0003 0.0001 0.0289 0.0081 0.7276 0.0232 0.0050 0.0050 
0.0605 0.0292 0.0294 0.0051 0.0003 0.0243 0.0086 0.0270 0.0016 0.0001 0.0297 0.0086 0.7247 0.0260 0.0027 0.0224 
0.0516 0.0235 0.1198 0.0038 0.0003 0.0243 0.0043 0.0236 0.0026 0.0001 0.0259 0.0102 0.6452 0.0399 0.0062 0.0190 
0.0639 0.0326 0.0615 0.0139 0.0008 0.0335 0.0022 0.0316 0.0005 0.0003 0.0530 0.0064 0.6252 0.0332 0.0323 0.0091 
0.0960 0.0898 0.0134 0.0740 0.0010 0.0470 0.0157 0.0467 0.0018 0.0001 0.0455 0.0109 0.2927 0.0478 0.0091 0.2090 
0.1317 0.0522 0.2232 0.0855 0.0067 0.0725 0.0264 0.0521 0.0040 0.0001 0.0502 0.0042 0.1898 0.0639 0.0161 0.0216 
0.1099 0.0540 0.2131 0.0998 0.0200 0.1169 0.0173 0.0644 0.0118 0.0008 0.0610 0.0077 0.0823 0.0572 0.0177 0.0661 
0.1738 0.0663 0.0197 0.1791 0.0367 0.0992 0.0166 0.0805 0.0682 0.0006 0.0698 0.0163 0.0668 0.0796 0.0081 0.0185 
