0.0896 0.0411 0.0748 0.1979 0.0081 0.1403 0.0046 0.0415 0.0784 0.1244 0.0575 0.0058 0.0473 0.0458 0.0018 0.0411 
0.1345 0.1647 0.1634 0.0252 0.0086 0.2560 0.0014 0.0484 0.0029 0.0046 0.0736 0.0190 0.0492 0.0428 0.0018 0.0038 
0.0503 0.2358 0.0050 0.4824 0.0051 0.0241 0.0024 0.0278 0.0131 0.0013 0.0652 0.0278 0.0324 0.0243 0.0008 0.0022 
0.0463 0.0419 0.0641 0.6431 0.0029 0.0348 0.0022 0.0248 0.0112 0.0024 0.0220 0.0529 0.0230 0.0236 0.0026 0.0022 
0.0815 0.0476 0.0950 0.2937 0.0081 0.2504 0.0021 0.0396 0.0022 0.0057 0.0476 0.0022 0.0645 0.0387 0.0133 0.0077 
0.0989 0.1559 0.0216 0.1407 0.0050 0.2988 0.0021 0.0530 0.0144 0.0029 0.1129 0.0142 0.0246 0.0482 0.0032 0.0037 
0.1096 0.0524 0.0077 0.0692 0.0110 0.1174 0.0035 0.0548 0.0070 0.0053 0.2838 0.1779 0.0470 0.0500 0.0014 0.0021 
0.0821 0.0462 0.0136 0.0527 0.0035 0.0613 0.0024 0.0420 0.0021 0.0014 0.0965 0.4312 0.1211 0.0366 0.0030 0.0043 
0.0640 0.0374 0.0030 0.0861 0.0016 0.0358 0.0083 0.0331 0.0059 0.0003 0.0513 0.0784 0.5496 0.0315 0.0115 0.0022 
0.0510 0.0476 0.1069 0.0407 0.0022 0.0252 0.0078 0.0238 0.0048 0.0001 0.0252 0.0161 0.6051 0.0243 0.0078 0.0115 
0.0577 0.0260 0.0128 0.1489 0.0021 0.0476 0.0113 0.0270 0.0005 0.0002 0.0256 0.0022 0.5903 0.0265 0.0050 0.0165 
0.0665 0.0339 0.0284 0.0118 0.0019 0.0722 0.0029 0.0342 0.0011 0.0062 0.0481 0.0027 0.6475 0.0328 0.0042 0.0056 
0.0582 0.0312 0.0001 0.0342 0.0037 0.0562 0.0010 0.0308 0.0003 0.0075 0.1209 0.0208 0.5943 0.0278 0.0067 0.0064 
0.0474 0.0612 0.0026 0.0070 0.0029 0.0244 0.0013 0.0228 0.0053 0.0001 0.0294 0.1597 0.6052 0.0244 0.0005 0.0061 
0.0569 0.0246 0.0021 0.0018 0.0006 0.0714 0.0024 0.0268 0.0014 0.0018 0.0265 0.0139 0.7322 0.0267 0.0080 0.0030 
0.0465 0.0252 0.0177 0.0001 0.0018 0.0256 0.0038 0.0241 0.0008 0.0001 0.1070 0.0054 0.7026 0.0240 0.0061 0.0096 
0.0203 0.0201 0.0010 0.0003 0.0006 0.0094 0.0021 0.0107 0.0005 0.0001 0.0134 0.2950 0.6096 0.0099 0.0040 0.0032 
0.0503 0.0236 0.0022 0.0001 0.0005 0.0554 0.0050 0.0254 0.0027 0.0001 0.0313 0.0094 0.7483 0.0335 0.0053 0.0072 
0.0443 0.0682 0.0158 0.0001 0.0003 0.0214 0.0110 0.0209 0.0037 0.0001 0.0272 0.0099 0.7192 0.0273 0.0109 0.0201 
0.0446 0.0243 0.1047 0.0045 0.0001 0.0160 0.0168 0.0168 0.0005 0.0001 0.0208 0.0083 0.6441 0.0192 0.0358 0.0439 
0.0376 0.0216 0.2450 0.0022 0.0003 0.0166 0.0161 0.0158 0.0002 0.0001 0.0161 0.0035 0.3931 0.0454 0.0141 0.1724 
0.0775 0.0363 0.0227 0.0005 0.0014 0.3319 0.0323 0.0361 0.0010 0.0013 0.0441 0.0043 0.3096 0.0366 0.0335 0.0310 
0.0623 0.0545 0.0137 0.0022 0.0040 0.0302 0.0137 0.0321 0.0005 0.0011 0.5666 0.0147 0.0609 0.1329 0.0018 0.0088 
0.0379 0.0762 0.0110 0.0115 0.0002 0.0153 0.0027 0.0126 0.0021 0.0001 0.0147 0.4606 0.0393 0.0157 0.2980 0.0022 
0.0361 0.0169 0.0446 0.0153 0.0016 0.0294 0.0014 0.0171 0.0011 0.0272 0.0252 0.0045 0.4340 0.0171 0.0067 0.3217 
0.0691 0.0402 0.0048 0.0050 0.0032 0.0760 0.0014 0.0383 0.0001 0.0001 0.1113 0.0088 0.6006 0.0369 0.0030 0.0014 
0.0527 0.0834 0.0006 0.0267 0.0011 0.0262 0.0034 0.0283 0.0011 0.0001 0.0387 0.1476 0.5599 0.0252 0.0037 0.0014 
0.0404 0.0228 0.0045 0.2223 0.0003 0.0176 0.0030 0.0180 0.0013 0.0001 0.0184 0.0137 0.6104 0.0201 0.0016 0.0056 
0.0519 0.0241 0.0494 0.0276 0.0006 0.0938 0.0037 0.0236 0.0006 0.0001 0.0281 0.0065 0.6586 0.0241 0.0051 0.0021 
0.0618 0.0580 0.0021 0.0134 0.0037 0.0396 0.0011 0.0323 0.0001 0.0006 0.0503 0.0053 0.6950 0.0307 0.0035 0.0026 
0.0506 0.0287 0.0003 0.0385 0.0006 0.0249 0.0026 0.0270 0.0029 0.0001 0.0278 0.0356 0.7246 0.0281 0.0051 0.0027 
0.0508 0.0249 0.0069 0.0035 0.0005 0.0356 0.0069 0.0254 0.0034 0.0002 0.0280 0.0066 0.7220 0.0398 0.0235 0.0222 
0.0404 0.0283 0.1045 0.0010 0.0018 0.0272 0.0073 0.0203 0.0010 0.0001 0.0257 0.0029 0.6618 0.0201 0.0204 0.0375 
0.0618 0.0417 0.1148 0.0014 0.0005 0.0257 0.0211 0.0256 0.0014 0.0001 0.0279 0.0117 0.5238 0.0257 0.0160 0.1011 
0.0776 0.0765 0.0824 0.0042 0.0091 0.0529 0.0262 0.0402 0.0045 0.0005 0.0434 0.0102 0.4283 0.0952 0.0048 0.0441 
0.0997 0.0492 0.2914 0.0118 0.0010 0.0498 0.0022 0.0713 0.0016 0.0002 0.0665 0.0217 0.2112 0.0460 0.0633 0.0131 
0.0824 0.1167 0.2577 0.0299 0.0042 0.0570 0.0163 0.0410 0.0275 0.0008 0.0426 0.0240 0.0966 0.0391 0.0051 0.1591 
0.1400 0.0451 0.0161 0.0177 0.0101 0.3277 0.0018 0.0430 0.0006 0.0024 0.0633 0.0160 0.2647 0.0412 0.0037 0.0067 
0.0851 0.0641 0.0115 0.0112 0.0072 0.0522 0.0014 0.0457 0.0013 0.0014 0.5415 0.0433 0.0668 0.0623 0.0018 0.0032 
0.0462 0.0650 0.0026 0.0219 0.0013 0.0340 0.0013 0.0272 0.0011 0.0006 0.0281 0.6498 0.0788 0.0348 0.0042 0.0032 
0.0522 0.0840 0.0145 0.0077 0.0019 0.0428 0.0024 0.0262 0.0099 0.0002 0.0265 0.0026 0.6066 0.0246 0.0329 0.0649 
0.0701 0.0358 0.0254 0.0046 0.0011 0.0629 0.0128 0.0327 0.0014 0.0001 0.0656 0.0042 0.6136 0.0324 0.0045 0.0327 
0.0732 0.1618 0.0586 0.0038 0.0005 0.0326 0.0078 0.0318 0.0016 0.0001 0.0327 0.0449 0.5048 0.0326 0.0056 0.0078 
0.0765 0.0409 0.0251 0.0415 0.0003 0.0462 0.0097 0.0369 0.0014 0.0001 0.0454 0.0043 0.6178 0.0407 0.0040 0.0094 
0.0516 0.0265 0.1254 0.0018 0.0006 0.1123 0.0046 0.0268 0.0003 0.0002 0.0374 0.0072 0.5678 0.0251 0.0075 0.0050 
0.0701 0.1418 0.0075 0.0184 0.0006 0.0332 0.0083 0.0354 0.0001 0.0001 0.0425 0.0109 0.5676 0.0345 0.0026 0.0268 
0.0983 0.0495 0.0101 0.0604 0.0006 0.0537 0.0051 0.0494 0.0035 0.0001 0.0502 0.0126 0.5256 0.0499 0.0048 0.0265 
0.0565 0.0296 0.1331 0.0001 0.0139 0.1917 0.0144 0.0281 0.0008 0.0001 0.0482 0.0026 0.4356 0.0304 0.0046 0.0105 
0.0869 0.0620 0.0113 0.0032 0.0022 0.0468 0.0010 0.0644 0.0001 0.0003 0.2953 0.0478 0.3263 0.0430 0.0019 0.0077 
0.0678 0.0676 0.0021 0.0032 0.0011 0.0360 0.0040 0.0356 0.0208 0.0016 0.0401 0.2613 0.3862 0.0345 0.0110 0.0272 
0.0617 0.0388 0.0345 0.0021 0.0013 0.0329 0.0174 0.0299 0.0043 0.0001 0.0310 0.0112 0.6477 0.0307 0.0431 0.0136 
0.0808 0.0470 0.0737 0.0123 0.0006 0.0390 0.0040 0.0359 0.0101 0.0001 0.0486 0.0054 0.5539 0.0323 0.0046 0.0518 
0.1237 0.0602 0.0615 0.0166 0.0027 0.1165 0.0038 0.0530 0.0050 0.0006 0.0526 0.0109 0.3326 0.0546 0.0112 0.0944 
0.0644 0.0992 0.2390 0.0316 0.0037 0.0451 0.0268 0.0331 0.0013 0.0001 0.0393 0.0051 0.3548 0.0320 0.0080 0.0168 
0.1214 0.1051 0.0275 0.0998 0.0056 0.1476 0.0350 0.0655 0.0027 0.0013 0.0725 0.0155 0.2132 0.0610 0.0145 0.0118 
0.1315 0.0780 0.0313 0.0289 0.0117 0.1134 0.0102 0.0741 0.0101 0.0026 0.1594 0.0296 0.1971 0.0650 0.0182 0.0390 
0.1350 0.1132 0.0395 0.0500 0.0115 0.0858 0.0070 0.0741 0.0157 0.0038 0.1848 0.1102 0.0637 0.0711 0.0073 0.0273 
0.1372 0.0982 0.1123 0.0356 0.0069 0.1416 0.0110 0.0712 0.0153 0.0059 0.0937 0.1091 0.0551 0.0712 0.0097 0.0259 
0.0965 0.0799 0.4084 0.0436 0.0035 0.0529 0.0101 0.0462 0.0081 0.0027 0.0656 0.0308 0.0700 0.0434 0.0075 0.0308 
0.1028 0.0516 0.0434 0.0321 0.0042 0.4004 0.0072 0.0489 0.0054 0.0067 0.0605 0.0664 0.1107 0.0479 0.0035 0.0083 
0.0883 0.0484 0.0113 0.0339 0.0032 0.0460 0.0026 0.0431 0.0008 0.0014 0.5348 0.0177 0.1147 0.0444 0.0034 0.0059 
0.0486 0.0302 0.0120 0.0655 0.0021 0.0251 0.0027 0.0222 0.0032 0.0001 0.0320 0.6373 0.0916 0.0227 0.0018 0.0032 
0.0460 0.0217 0.0246 0.0540 0.0027 0.0343 0.0013 0.0224 0.0008 0.0014 0.0235 0.0149 0.7229 0.0224 0.0021 0.0051 
0.0481 0.0256 0.0085 0.0332 0.0016 0.0513 0.0014 0.0268 0.0003 0.0001 0.0257 0.0072 0.7366 0.0265 0.0021 0.0051 
0.0519 0.0313 0.0019 0.0173 0.0032 0.0467 0.0026 0.0262 0.0006 0.0002 0.0316 0.0089 0.7468 0.0262 0.0024 0.0022 
0.0519 0.0272 0.0008 0.0152 0.0013 0.0410 0.0013 0.0275 0.0011 0.0003 0.0393 0.0224 0.7408 0.0244 0.0035 0.0021 
0.0495 0.0327 0.0083 0.0133 0.0011 0.0233 0.0016 0.0249 0.0026 0.0001 0.0264 0.0291 0.7280 0.0350 0.0006 0.0238 
0.0591 0.0251 0.0115 0.0201 0.0010 0.0339 0.0014 0.0256 0.0013 0.0006 0.0246 0.0056 0.7350 0.0366 0.0171 0.0016 
0.0503 0.0390 0.0307 0.0035 0.0008 0.0284 0.0018 0.0260 0.0018 0.0001 0.0272 0.0008 0.7412 0.0256 0.0121 0.0110 
0.0559 0.0254 0.0008 0.0379 0.0010 0.0281 0.0058 0.0273 0.0005 0.0001 0.0275 0.0064 0.7355 0.0270 0.0048 0.0165 
0.0655 0.0313 0.0241 0.0133 0.0008 0.0331 0.0048 0.0305 0.0003 0.0001 0.0297 0.0050 0.7054 0.0312 0.0104 0.0149 
0.0524 0.0243 0.0032 0.0038 0.0013 0.1928 0.0054 0.0235 0.0001 0.0001 0.0321 0.0024 0.6260 0.0225 0.0050 0.0054 
0.0666 0.1164 0.0118 0.0016 0.0016 0.0356 0.0026 0.0351 0.0008 0.0001 0.0775 0.0081 0.6036 0.0329 0.0026 0.0032 
0.0548 0.0372 0.0016 0.0080 0.0002 0.0287 0.0054 0.0283 0.0077 0.0001 0.0308 0.0693 0.6889 0.0268 0.0104 0.0021 
0.0720 0.0513 0.0658 0.0034 0.0005 0.0335 0.0121 0.0345 0.0061 0.0001 0.0425 0.0048 0.5444 0.0351 0.0165 0.0776 
0.0556 0.0286 0.4169 0.0340 0.0010 0.0219 0.0133 0.0251 0.0006 0.0001 0.0252 0.0061 0.3152 0.0243 0.0107 0.0217 
0.0411 0.0198 0.3185 0.0032 0.0110 0.1796 0.0211 0.0203 0.0002 0.0002 0.0201 0.0048 0.2982 0.0337 0.0053 0.0230 
0.1006 0.0561 0.0366 0.0080 0.0104 0.1094 0.0018 0.0626 0.0008 0.0011 0.3454 0.0070 0.1744 0.0613 0.0136 0.0109 
0.0891 0.2410 0.0059 0.1013 0.0030 0.0430 0.0134 0.0450 0.0268 0.0006 0.0530 0.1664 0.1086 0.0447 0.0295 0.0284 
0.0848 0.0387 0.1974 0.0567 0.0056 0.0559 0.0296 0.0363 0.0027 0.0064 0.0353 0.0200 0.2893 0.0372 0.0208 0.0834 
0.1061 0.0537 0.2292 0.0816 0.0267 0.0914 0.0027 0.0510 0.0029 0.0089 0.1092 0.0029 0.1513 0.0455 0.0120 0.0251 
0.0799 0.1580 0.0080 0.3032 0.0089 0.1102 0.0075 0.0599 0.0113 0.0016 0.0783 0.1013 0.0105 0.0425 0.0056 0.0133 
0.1351 0.0958 0.0224 0.1927 0.0131 0.1149 0.0126 0.0688 0.0222 0.0027 0.1137 0.0657 0.0474 0.0714 0.0112 0.0102 
0.1209 0.1590 0.0928 0.1503 0.0246 0.0915 0.0142 0.0657 0.0185 0.0011 0.0705 0.0570 0.0414 0.0607 0.0133 0.0184 
0.1075 0.0788 0.1623 0.2644 0.0051 0.0727 0.0110 0.0591 0.0117 0.0010 0.0631 0.0254 0.0487 0.0489 0.0123 0.0280 
0.1037 0.0577 0.2259 0.1677 0.0046 0.1404 0.0195 0.0463 0.0230 0.0051 0.0492 0.0145 0.0500 0.0510 0.0118 0.0296 
0.0693 0.2764 0.0856 0.3626 0.0019 0.0332 0.0097 0.0292 0.0045 0.0006 0.0339 0.0141 0.0209 0.0292 0.0083 0.0204 
0.0706 0.0375 0.0826 0.4948 0.0115 0.1021 0.0067 0.0345 0.0030 0.0021 0.0420 0.0228 0.0272 0.0367 0.0158 0.0101 
0.0586 0.0281 0.2358 0.3249 0.0061 0.0508 0.0006 0.0363 0.0005 0.0002 0.1788 0.0177 0.0220 0.0280 0.0046 0.0070 
0.0831 0.0538 0.0038 0.1128 0.0064 0.3007 0.0016 0.0433 0.0048 0.0019 0.0446 0.2647 0.0254 0.0391 0.0083 0.0056 
0.1000 0.0599 0.0112 0.0933 0.0075 0.0510 0.0016 0.0474 0.0030 0.0008 0.3782 0.0057 0.1797 0.0441 0.0046 0.0120 
0.0596 0.0645 0.0110 0.0171 0.0061 0.0864 0.0037 0.0318 0.0013 0.0016 0.0326 0.4831 0.1588 0.0308 0.0011 0.0104 
0.0495 0.0310 0.0187 0.0206 0.0011 0.0324 0.0032 0.0264 0.0019 0.0001 0.0602 0.0062 0.7106 0.0251 0.0075 0.0057 
0.0414 0.0209 0.0618 0.0198 0.0008 0.0224 0.0083 0.0214 0.0034 0.0001 0.0297 0.0604 0.6748 0.0209 0.0037 0.0104 
0.0578 0.0262 0.0200 0.0113 0.0016 0.0390 0.0030 0.0257 0.0001 0.0002 0.0256 0.0125 0.7461 0.0249 0.0029 0.0032 
0.0521 0.0300 0.0046 0.0141 0.0021 0.0297 0.0014 0.0270 0.0003 0.0006 0.0379 0.0061 0.7586 0.0286 0.0019 0.0050 
0.0508 0.0270 0.0032 0.0235 0.0014 0.0283 0.0013 0.0262 0.0018 0.0002 0.0299 0.0246 0.7472 0.0251 0.0062 0.0035 
0.0492 0.0275 0.0177 0.0065 0.0019 0.0283 0.0045 0.0262 0.0016 0.0001 0.0364 0.0115 0.7449 0.0278 0.0059 0.0102 
0.0561 0.0280 0.0104 0.0097 0.0030 0.0273 0.0073 0.0267 0.0005 0.0002 0.0265 0.0235 0.7327 0.0272 0.0110 0.0099 
0.0832 0.0551 0.0131 0.0054 0.0155 0.0597 0.0141 0.0415 0.0014 0.0005 0.0431 0.0104 0.4144 0.1962 0.0211 0.0252 
0.0658 0.0371 0.0211 0.0099 0.0029 0.0377 0.0024 0.0404 0.0026 0.0005 0.0601 0.0099 0.3415 0.0588 0.2871 0.0224 
0.0813 0.0687 0.0377 0.0078 0.0027 0.0524 0.0152 0.0459 0.0160 0.0019 0.0467 0.0340 0.1531 0.0385 0.0155 0.3826 
0.2107 0.0656 0.1773 0.0083 0.0032 0.0926 0.0259 0.0577 0.0062 0.0008 0.0671 0.0102 0.1461 0.0562 0.0093 0.0628 
0.0716 0.1382 0.4761 0.0538 0.0014 0.0321 0.0081 0.0292 0.0032 0.0005 0.0363 0.0334 0.0564 0.0316 0.0062 0.0217 
0.1065 0.0543 0.1447 0.1334 0.0045 0.2861 0.0145 0.0522 0.0006 0.0013 0.0607 0.0193 0.0562 0.0526 0.0080 0.0050 
0.0575 0.0289 0.1241 0.0281 0.0030 0.1300 0.0006 0.0342 0.0010 0.0005 0.4682 0.0144 0.0688 0.0287 0.0051 0.0069 
0.0422 0.1207 0.0006 0.0198 0.0030 0.0383 0.0067 0.0240 0.0011 0.0010 0.0324 0.6435 0.0364 0.0203 0.0027 0.0072 
0.0663 0.0613 0.0136 0.0105 0.0005 0.0339 0.0054 0.0326 0.0010 0.0002 0.0656 0.0142 0.6309 0.0319 0.0065 0.0256 
0.0521 0.0267 0.1164 0.0018 0.0013 0.1084 0.0057 0.0278 0.0014 0.0011 0.0434 0.0272 0.5424 0.0265 0.0034 0.0144 
0.0728 0.0457 0.0256 0.0001 0.0022 0.0463 0.0030 0.0403 0.0001 0.0003 0.1174 0.0342 0.5631 0.0366 0.0051 0.0075 
0.0487 0.0291 0.0109 0.0034 0.0005 0.0203 0.0018 0.0232 0.0027 0.0001 0.1414 0.1289 0.5551 0.0248 0.0008 0.0088 
0.0436 0.0203 0.0059 0.0053 0.0003 0.0219 0.0026 0.0197 0.0014 0.0003 0.0187 0.1101 0.7000 0.0331 0.0093 0.0077 
0.0522 0.0260 0.0064 0.0013 0.0008 0.0380 0.0008 0.0264 0.0011 0.0002 0.0265 0.0008 0.7505 0.0329 0.0262 0.0099 
0.0462 0.1067 0.0013 0.0043 0.0006 0.0225 0.0032 0.0228 0.0030 0.0001 0.0244 0.0046 0.7131 0.0238 0.0029 0.0204 
0.0752 0.0267 0.0123 0.0281 0.0011 0.0267 0.0024 0.0267 0.0008 0.0001 0.0276 0.0059 0.7275 0.0292 0.0038 0.0061 
0.0505 0.0257 0.0818 0.0051 0.0011 0.0436 0.0014 0.0251 0.0002 0.0001 0.0244 0.0051 0.7028 0.0248 0.0053 0.0034 
0.0588 0.0310 0.0037 0.0110 0.0026 0.0304 0.0011 0.0307 0.0002 0.0001 0.0348 0.0029 0.7604 0.0286 0.0027 0.0014 
0.0527 0.0302 0.0022 0.0050 0.0016 0.0483 0.0019 0.0307 0.0026 0.0001 0.0312 0.0093 0.7520 0.0260 0.0037 0.0029 
0.0503 0.0599 0.0014 0.0014 0.0002 0.0329 0.0117 0.0262 0.0051 0.0001 0.0288 0.0058 0.7230 0.0251 0.0032 0.0252 
0.0508 0.0396 0.0800 0.0027 0.0048 0.0209 0.0155 0.0209 0.0067 0.0001 0.0248 0.0152 0.6781 0.0243 0.0045 0.0113 
0.0795 0.0391 0.1616 0.0013 0.0073 0.0418 0.0200 0.0418 0.0001 0.0002 0.0493 0.0067 0.4546 0.0639 0.0070 0.0257 
0.0812 0.0375 0.2222 0.0112 0.0003 0.0398 0.0010 0.0474 0.0046 0.0003 0.0687 0.0110 0.2304 0.0422 0.0471 0.1551 
0.1270 0.0661 0.0650 0.0142 0.0050 0.1083 0.0086 0.0613 0.0139 0.0059 0.0661 0.0526 0.2481 0.0597 0.0051 0.0930 
0.1933 0.1251 0.0770 0.0264 0.0032 0.0748 0.0072 0.0748 0.0005 0.0002 0.1252 0.0056 0.1613 0.0720 0.0105 0.0430 
0.1033 0.0553 0.0616 0.0150 0.0043 0.2918 0.0120 0.0529 0.0026 0.0003 0.0680 0.0880 0.1797 0.0521 0.0077 0.0056 
0.0799 0.1065 0.0078 0.0073 0.0029 0.1305 0.0024 0.0470 0.0005 0.0002 0.1091 0.0208 0.4366 0.0398 0.0046 0.0042 
0.0764 0.0797 0.0002 0.0165 0.0008 0.0871 0.0177 0.0403 0.0051 0.0001 0.0612 0.1642 0.4019 0.0367 0.0070 0.0054 
0.0672 0.0679 0.0458 0.0008 0.0014 0.0479 0.0144 0.0331 0.0089 0.0003 0.0492 0.0125 0.5831 0.0355 0.0155 0.0165 
0.0375 0.0236 0.2800 0.0050 0.0002 0.0184 0.0026 0.0171 0.0011 0.0001 0.0198 0.0141 0.5244 0.0157 0.0200 0.0206 
0.0815 0.0452 0.1746 0.0062 0.0002 0.0454 0.0200 0.0382 0.0005 0.0005 0.0406 0.0093 0.3260 0.0430 0.0024 0.1666 
0.0797 0.0331 0.0208 0.0021 0.0022 0.1988 0.0022 0.0329 0.0005 0.0024 0.0880 0.0093 0.4696 0.0336 0.0225 0.0024 
0.0921 0.0785 0.0053 0.0021 0.0019 0.0455 0.0024 0.0510 0.0001 0.0002 0.3655 0.1545 0.1459 0.0462 0.0026 0.0064 
0.0586 0.0364 0.0001 0.0206 0.0006 0.0251 0.0065 0.0260 0.0038 0.0001 0.0267 0.3946 0.3679 0.0268 0.0016 0.0048 
0.0564 0.0249 0.0083 0.0006 0.0010 0.0618 0.0026 0.0259 0.0008 0.0001 0.0283 0.0046 0.7485 0.0249 0.0086 0.0029 
0.0529 0.0506 0.0078 0.0013 0.0006 0.0249 0.0013 0.0294 0.0002 0.0001 0.0441 0.0059 0.7478 0.0262 0.0032 0.0040 
0.0521 0.0241 0.0003 0.0096 0.0002 0.0359 0.0046 0.0256 0.0067 0.0001 0.0273 0.0447 0.7385 0.0244 0.0046 0.0014 
0.0511 0.0463 0.0113 0.0005 0.0005 0.0267 0.0053 0.0240 0.0018 0.0001 0.0305 0.0037 0.7476 0.0281 0.0054 0.0174 
0.0505 0.0355 0.0212 0.0101 0.0016 0.0206 0.0225 0.0230 0.0005 0.0001 0.0275 0.0126 0.7098 0.0310 0.0134 0.0204 
0.0361 0.0188 0.1235 0.0051 0.0040 0.0236 0.0265 0.0163 0.0026 0.0002 0.0185 0.0050 0.3580 0.2773 0.0184 0.0661 
0.0794 0.0425 0.0768 0.0099 0.0032 0.0391 0.0240 0.0407 0.0048 0.0013 0.0423 0.0070 0.1596 0.1141 0.2206 0.1347 
0.0915 0.0633 0.0578 0.0463 0.0016 0.0583 0.0115 0.0468 0.0078 0.0128 0.0506 0.0080 0.1117 0.0474 0.0652 0.3193 
0.2009 0.0554 0.1161 0.0450 0.0065 0.0850 0.0118 0.0474 0.0123 0.0195 0.0652 0.0195 0.1843 0.0495 0.0040 0.0775 
0.1373 0.1703 0.1282 0.2517 0.0032 0.0479 0.0094 0.0462 0.0035 0.0011 0.0735 0.0272 0.0232 0.0452 0.0081 0.0240 
0.0430 0.0257 0.2337 0.4519 0.0054 0.0773 0.0118 0.0222 0.0083 0.0032 0.0241 0.0291 0.0214 0.0230 0.0112 0.0086 
0.0641 0.0345 0.1438 0.4470 0.0281 0.0609 0.0024 0.0465 0.0029 0.0016 0.0655 0.0134 0.0280 0.0308 0.0142 0.0165 
0.0524 0.0623 0.0104 0.4620 0.0264 0.1272 0.0110 0.0425 0.0188 0.0008 0.0273 0.1021 0.0160 0.0260 0.0053 0.0096 
0.0877 0.0732 0.0133 0.2856 0.0358 0.1281 0.0101 0.0471 0.1064 0.0021 0.0510 0.0085 0.0351 0.0741 0.0181 0.0240 
