0.1552 0.0823 0.0420 0.0342 0.0061 0.2456 0.0080 0.0612 0.0241 0.0564 0.1145 0.0305 0.0449 0.0553 0.0034 0.0364 
0.1701 0.0655 0.0316 0.0061 0.0022 0.1717 0.0037 0.0494 0.0099 0.0097 0.3392 0.0434 0.0398 0.0428 0.0035 0.0113 
0.0720 0.0393 0.0262 0.0212 0.0042 0.0367 0.0042 0.0339 0.0067 0.0011 0.2986 0.3773 0.0331 0.0387 0.0024 0.0045 
0.0377 0.0254 0.0174 0.0502 0.0027 0.0265 0.0018 0.0187 0.0019 0.0005 0.0201 0.5462 0.2280 0.0174 0.0018 0.0037 
0.0492 0.0270 0.0125 0.0449 0.0022 0.0449 0.0018 0.0246 0.0021 0.0003 0.0294 0.0101 0.7112 0.0237 0.0035 0.0126 
0.0500 0.0259 0.0059 0.0160 0.0040 0.0505 0.0034 0.0259 0.0008 0.0002 0.0316 0.0201 0.7340 0.0262 0.0029 0.0027 
0.0500 0.0457 0.0045 0.0205 0.0013 0.0244 0.0019 0.0262 0.0030 0.0001 0.0267 0.0315 0.7373 0.0241 0.0019 0.0010 
0.0482 0.0224 0.0013 0.0497 0.0011 0.0438 0.0034 0.0243 0.0043 0.0002 0.0248 0.0099 0.7320 0.0227 0.0035 0.0086 
0.0513 0.0294 0.0166 0.0022 0.0021 0.0393 0.0046 0.0257 0.0003 0.0001 0.0273 0.0069 0.7594 0.0273 0.0018 0.0058 
0.0546 0.0367 0.0021 0.0113 0.0005 0.0259 0.0018 0.0278 0.0003 0.0001 0.0316 0.0083 0.7668 0.0264 0.0037 0.0024 
0.0542 0.0273 0.0059 0.0113 0.0013 0.0280 0.0040 0.0275 0.0026 0.0002 0.0292 0.0062 0.7703 0.0272 0.0030 0.0019 
0.0498 0.0278 0.0075 0.0022 0.0008 0.0382 0.0032 0.0262 0.0003 0.0001 0.0252 0.0101 0.7564 0.0304 0.0061 0.0160 
0.0524 0.0318 0.0107 0.0040 0.0024 0.0265 0.0195 0.0244 0.0005 0.0001 0.0257 0.0050 0.7462 0.0283 0.0043 0.0185 
0.0505 0.0457 0.0165 0.0042 0.0008 0.0265 0.0024 0.0248 0.0006 0.0006 0.0281 0.0027 0.7333 0.0241 0.0102 0.0291 
0.0428 0.0254 0.0615 0.0251 0.0034 0.0217 0.0056 0.0225 0.0053 0.0001 0.0228 0.0046 0.0526 0.3990 0.0142 0.2935 
0.0327 0.0176 0.4311 0.0383 0.0019 0.0107 0.0056 0.0107 0.0002 0.0001 0.0104 0.0064 0.0278 0.0115 0.3790 0.0163 
0.0933 0.0455 0.0177 0.0123 0.0089 0.4557 0.0037 0.0446 0.0003 0.0259 0.0463 0.0030 0.0610 0.0431 0.0050 0.1334 
0.1014 0.0436 0.0026 0.0181 0.0104 0.0602 0.0013 0.0460 0.0038 0.0005 0.6128 0.0120 0.0414 0.0420 0.0014 0.0026 
0.0473 0.0593 0.0027 0.0315 0.0027 0.0294 0.0006 0.0268 0.0027 0.0019 0.0288 0.7099 0.0252 0.0232 0.0056 0.0024 
0.0628 0.0321 0.0190 0.0452 0.0014 0.0308 0.0030 0.0319 0.0072 0.0008 0.0377 0.0093 0.6546 0.0323 0.0051 0.0268 
0.0780 0.0343 0.0625 0.0142 0.0014 0.0462 0.0042 0.0329 0.0011 0.0001 0.0351 0.0149 0.6217 0.0385 0.0053 0.0097 
0.0556 0.0744 0.0236 0.0230 0.0014 0.0335 0.0030 0.0283 0.0010 0.0001 0.0270 0.0072 0.6799 0.0291 0.0070 0.0061 
0.0538 0.0299 0.0260 0.1563 0.0003 0.0302 0.0018 0.0268 0.0022 0.0001 0.0318 0.0026 0.5738 0.0279 0.0089 0.0278 
0.0551 0.0324 0.2684 0.1160 0.0011 0.0275 0.0075 0.0270 0.0008 0.0001 0.0291 0.0050 0.3854 0.0278 0.0070 0.0099 
0.0668 0.0375 0.0922 0.1069 0.0085 0.0687 0.0019 0.0323 0.0003 0.0001 0.0337 0.0059 0.4804 0.0348 0.0050 0.0254 
0.1233 0.0658 0.0195 0.0939 0.0129 0.1150 0.0014 0.0650 0.0005 0.0003 0.1152 0.0072 0.2576 0.0789 0.0097 0.0337 
0.1099 0.1728 0.0497 0.1624 0.0054 0.0602 0.0032 0.0567 0.0053 0.0006 0.0591 0.0462 0.1420 0.0549 0.0302 0.0414 
0.0645 0.0307 0.0061 0.0465 0.0040 0.1765 0.0069 0.0332 0.0030 0.0059 0.0326 0.0121 0.5310 0.0300 0.0073 0.0096 
0.0808 0.0475 0.0272 0.0205 0.0059 0.0427 0.0026 0.0444 0.0019 0.0006 0.4926 0.0088 0.1729 0.0399 0.0005 0.0113 
0.0661 0.0687 0.0027 0.0582 0.0016 0.0374 0.0027 0.0328 0.0038 0.0002 0.0339 0.6325 0.0176 0.0324 0.0054 0.0040 
0.0569 0.0281 0.0321 0.0177 0.0027 0.0577 0.0022 0.0302 0.0016 0.0003 0.0465 0.0040 0.6822 0.0278 0.0067 0.0034 
0.0613 0.0419 0.0176 0.0165 0.0013 0.0305 0.0027 0.0356 0.0014 0.0001 0.0366 0.0249 0.6936 0.0302 0.0013 0.0048 
0.0556 0.0249 0.0008 0.0958 0.0003 0.0382 0.0029 0.0243 0.0045 0.0002 0.0257 0.0077 0.6904 0.0241 0.0029 0.0018 
0.0551 0.0335 0.0129 0.0070 0.0018 0.0366 0.0019 0.0270 0.0008 0.0001 0.0326 0.0029 0.7513 0.0288 0.0040 0.0040 
0.0542 0.0305 0.0075 0.0184 0.0014 0.0248 0.0006 0.0268 0.0003 0.0001 0.0289 0.0110 0.7557 0.0267 0.0105 0.0027 
0.0524 0.0254 0.0030 0.0177 0.0016 0.0371 0.0024 0.0283 0.0040 0.0001 0.0272 0.0034 0.7511 0.0260 0.0043 0.0161 
0.0495 0.0327 0.0081 0.0051 0.0011 0.0348 0.0097 0.0251 0.0043 0.0001 0.0289 0.0048 0.7403 0.0257 0.0110 0.0188 
0.0521 0.0457 0.0351 0.0083 0.0018 0.0243 0.0272 0.0212 0.0006 0.0001 0.0248 0.0096 0.7004 0.0238 0.0042 0.0212 
0.0551 0.0275 0.0564 0.0070 0.0018 0.0383 0.0032 0.0244 0.0021 0.0018 0.0347 0.0094 0.6839 0.0289 0.0064 0.0192 
0.0749 0.0417 0.0302 0.0045 0.0248 0.0503 0.0380 0.0420 0.0059 0.0003 0.0609 0.0213 0.0268 0.5265 0.0080 0.0438 
0.0507 0.0334 0.0887 0.0297 0.0042 0.0203 0.0061 0.0393 0.0008 0.0002 0.0289 0.0292 0.0200 0.0229 0.6180 0.0077 
0.0671 0.0318 0.0097 0.0081 0.0077 0.0955 0.0286 0.0323 0.0104 0.0815 0.0295 0.0321 0.0457 0.0647 0.0045 0.4509 
0.3811 0.0805 0.0198 0.0086 0.0024 0.0559 0.0022 0.0583 0.0029 0.0014 0.2203 0.0072 0.0761 0.0534 0.0240 0.0059 
0.1007 0.0847 0.0419 0.0278 0.0048 0.0700 0.0058 0.0490 0.0289 0.0220 0.0732 0.3111 0.0939 0.0498 0.0043 0.0321 
0.1174 0.0729 0.0473 0.0903 0.0010 0.0620 0.0043 0.0596 0.0022 0.0001 0.0840 0.0224 0.3680 0.0570 0.0026 0.0091 
0.0851 0.0516 0.3016 0.1034 0.0006 0.0457 0.0016 0.0404 0.0075 0.0011 0.0414 0.0383 0.2294 0.0415 0.0030 0.0077 
0.0577 0.0366 0.0433 0.3972 0.0021 0.0310 0.0008 0.0280 0.0003 0.0003 0.0281 0.0014 0.3399 0.0281 0.0030 0.0022 
0.0390 0.0206 0.0161 0.4400 0.0003 0.0219 0.0008 0.0190 0.0001 0.0001 0.0206 0.0016 0.3955 0.0206 0.0022 0.0019 
0.0380 0.0187 0.0054 0.4003 0.0013 0.0228 0.0011 0.0172 0.0002 0.0001 0.0195 0.0030 0.4488 0.0179 0.0045 0.0014 
0.0508 0.0280 0.0045 0.2251 0.0083 0.0329 0.0014 0.0262 0.0001 0.0001 0.0278 0.0026 0.5610 0.0248 0.0050 0.0021 
0.0586 0.0319 0.0016 0.0701 0.0179 0.0736 0.0014 0.0335 0.0001 0.0001 0.0323 0.0056 0.6380 0.0296 0.0016 0.0042 
0.0652 0.0484 0.0045 0.0315 0.0205 0.0455 0.0005 0.0348 0.0024 0.0002 0.0574 0.0078 0.6328 0.0404 0.0014 0.0067 
0.0553 0.0347 0.0077 0.0188 0.0013 0.0594 0.0013 0.0323 0.0022 0.0002 0.0302 0.0206 0.7008 0.0265 0.0054 0.0034 
0.0567 0.0321 0.0187 0.0042 0.0014 0.0337 0.0016 0.0294 0.0027 0.0035 0.0403 0.0085 0.7163 0.0296 0.0062 0.0152 
0.0586 0.0340 0.0027 0.0058 0.0008 0.0415 0.0019 0.0294 0.0003 0.0001 0.0403 0.0179 0.7157 0.0297 0.0131 0.0085 
0.0537 0.0705 0.0249 0.0059 0.0006 0.0251 0.0035 0.0249 0.0002 0.0001 0.0273 0.0141 0.6711 0.0254 0.0010 0.0519 
0.0762 0.0347 0.1563 0.0500 0.0003 0.0316 0.0062 0.0323 0.0006 0.0001 0.0363 0.0053 0.5186 0.0363 0.0064 0.0091 
0.0628 0.0326 0.1391 0.0923 0.0021 0.0310 0.0051 0.0307 0.0005 0.0001 0.0388 0.0051 0.5125 0.0313 0.0125 0.0040 
0.0606 0.0294 0.0067 0.3319 0.0037 0.0372 0.0018 0.0329 0.0005 0.0001 0.0340 0.0152 0.3992 0.0291 0.0083 0.0096 
0.0802 0.0510 0.0035 0.2519 0.0230 0.0653 0.0102 0.0454 0.0008 0.0002 0.0427 0.0040 0.3417 0.0669 0.0016 0.0117 
0.1509 0.1056 0.0430 0.1578 0.0016 0.0949 0.0022 0.0795 0.0040 0.0002 0.0770 0.0042 0.1270 0.0744 0.0543 0.0235 
0.1240 0.0736 0.0492 0.0276 0.0920 0.0982 0.0628 0.0634 0.0810 0.0216 0.1019 0.0096 0.0556 0.0941 0.0120 0.0334 
0.1409 0.0804 0.1040 0.0817 0.0040 0.0778 0.0014 0.1309 0.0001 0.0002 0.0786 0.0312 0.0801 0.0660 0.1095 0.0134 
0.1013 0.0498 0.0174 0.1521 0.0024 0.0679 0.0024 0.0532 0.0414 0.0944 0.0928 0.0371 0.1177 0.0492 0.0022 0.1187 
0.1384 0.0508 0.0236 0.0962 0.0089 0.0644 0.0008 0.0511 0.0013 0.0016 0.1641 0.0709 0.2718 0.0502 0.0051 0.0006 
0.0583 0.0315 0.0139 0.1570 0.0027 0.0329 0.0029 0.0324 0.0010 0.0001 0.0407 0.1633 0.4310 0.0288 0.0022 0.0014 
0.0358 0.0195 0.0013 0.1882 0.0011 0.0299 0.0050 0.0185 0.0026 0.0001 0.0196 0.0150 0.6404 0.0174 0.0008 0.0050 
0.0538 0.0256 0.0054 0.0323 0.0027 0.0569 0.0021 0.0265 0.0011 0.0018 0.0343 0.0026 0.7240 0.0252 0.0037 0.0021 
0.0511 0.0348 0.0014 0.0259 0.0072 0.0324 0.0005 0.0304 0.0003 0.0002 0.0393 0.0152 0.7316 0.0252 0.0035 0.0010 
0.0506 0.0292 0.0016 0.0232 0.0026 0.0399 0.0014 0.0272 0.0037 0.0001 0.0256 0.0260 0.7303 0.0313 0.0037 0.0038 
0.0633 0.0300 0.0043 0.0105 0.0006 0.0345 0.0030 0.0268 0.0043 0.0001 0.0297 0.0030 0.7450 0.0268 0.0089 0.0089 
0.0594 0.0390 0.0204 0.0059 0.0021 0.0315 0.0038 0.0286 0.0018 0.0022 0.0311 0.0088 0.7167 0.0287 0.0040 0.0160 
0.0518 0.0307 0.0187 0.0081 0.0019 0.0316 0.0056 0.0278 0.0018 0.0001 0.0291 0.0070 0.7358 0.0310 0.0120 0.0073 
0.0415 0.0238 0.0463 0.0062 0.0003 0.0241 0.0128 0.0224 0.0040 0.0001 0.0276 0.0075 0.7000 0.0244 0.0166 0.0425 
0.0436 0.0238 0.1205 0.0193 0.0024 0.0171 0.0644 0.0166 0.0026 0.0001 0.0192 0.0091 0.6033 0.0359 0.0073 0.0150 
0.0460 0.0259 0.0928 0.0048 0.0040 0.0829 0.0142 0.0204 0.0005 0.0003 0.0238 0.0051 0.5911 0.0248 0.0410 0.0224 
0.1005 0.0729 0.0808 0.0235 0.0046 0.0590 0.0045 0.0484 0.0061 0.0024 0.0978 0.0144 0.0844 0.1348 0.0104 0.2556 
0.1207 0.1404 0.1607 0.0538 0.0038 0.0656 0.0102 0.0569 0.0057 0.0065 0.0549 0.0522 0.0543 0.0569 0.1375 0.0196 
0.1043 0.0676 0.1470 0.0599 0.0123 0.1920 0.0081 0.0510 0.0046 0.0086 0.0542 0.0105 0.1137 0.0473 0.0067 0.1121 
0.1296 0.0684 0.0134 0.0526 0.0190 0.1289 0.0073 0.0599 0.0030 0.0043 0.3467 0.0363 0.0684 0.0522 0.0067 0.0032 
0.0821 0.0890 0.0334 0.0412 0.0061 0.0692 0.0046 0.0459 0.0085 0.0026 0.1545 0.3758 0.0336 0.0407 0.0058 0.0072 
0.1146 0.1360 0.0243 0.0706 0.0053 0.0741 0.0115 0.0572 0.0112 0.0013 0.0633 0.1663 0.1886 0.0519 0.0072 0.0166 
0.0933 0.0540 0.1311 0.0303 0.0069 0.1214 0.0059 0.0489 0.0037 0.0021 0.0537 0.0171 0.3546 0.0460 0.0165 0.0147 
0.0660 0.0331 0.0104 0.0065 0.0256 0.1115 0.0177 0.0335 0.0008 0.0021 0.1201 0.0157 0.5147 0.0327 0.0037 0.0059 
0.0655 0.0377 0.0099 0.0088 0.0019 0.0297 0.0019 0.0486 0.0016 0.0014 0.1040 0.2187 0.4342 0.0315 0.0016 0.0030 
0.0446 0.0214 0.0077 0.0203 0.0010 0.0233 0.0014 0.0216 0.0177 0.0026 0.0236 0.1000 0.6769 0.0236 0.0078 0.0065 
0.0569 0.0251 0.0264 0.0050 0.0010 0.0334 0.0029 0.0241 0.0016 0.0001 0.0272 0.0059 0.7394 0.0259 0.0121 0.0133 
0.0492 0.0431 0.0374 0.0150 0.0008 0.0214 0.0054 0.0227 0.0002 0.0001 0.0252 0.0094 0.7291 0.0236 0.0034 0.0142 
0.0525 0.0241 0.0217 0.0409 0.0011 0.0262 0.0030 0.0236 0.0006 0.0001 0.0238 0.0035 0.7402 0.0270 0.0045 0.0073 
0.0414 0.0209 0.0535 0.0297 0.0010 0.0273 0.0046 0.0205 0.0016 0.0001 0.0240 0.0024 0.6963 0.0236 0.0096 0.0438 
0.0477 0.0383 0.0204 0.0423 0.0051 0.0331 0.0156 0.0235 0.0003 0.0001 0.0270 0.0053 0.7003 0.0241 0.0088 0.0081 
0.0529 0.0414 0.0278 0.0304 0.0014 0.0463 0.0019 0.0300 0.0003 0.0005 0.0465 0.0064 0.6577 0.0275 0.0035 0.0256 
0.1043 0.1275 0.0297 0.0917 0.0038 0.0495 0.0072 0.0455 0.0118 0.0002 0.0551 0.0340 0.2336 0.0673 0.0077 0.1310 
0.0586 0.0292 0.0874 0.0147 0.0147 0.1094 0.0342 0.0291 0.0010 0.0016 0.0342 0.0259 0.5006 0.0327 0.0241 0.0027 
0.0835 0.1182 0.0363 0.0300 0.0086 0.0497 0.0027 0.0527 0.0005 0.0019 0.3262 0.0078 0.2032 0.0420 0.0097 0.0268 
0.0711 0.0387 0.0038 0.0690 0.0032 0.0824 0.0019 0.0363 0.0067 0.0216 0.0411 0.4845 0.0872 0.0375 0.0051 0.0099 
0.0514 0.0311 0.0342 0.0048 0.0064 0.0399 0.0024 0.0248 0.0043 0.0011 0.0425 0.0149 0.6983 0.0236 0.0150 0.0053 
0.0546 0.0399 0.0075 0.0375 0.0056 0.0296 0.0184 0.0305 0.0013 0.0001 0.0818 0.0339 0.6168 0.0296 0.0053 0.0080 
0.0669 0.0275 0.0169 0.0203 0.0035 0.0294 0.0061 0.0267 0.0014 0.0002 0.0243 0.0762 0.6481 0.0323 0.0093 0.0110 
0.0506 0.0256 0.0062 0.0145 0.0062 0.0444 0.0051 0.0262 0.0043 0.0038 0.0284 0.0040 0.7304 0.0273 0.0096 0.0133 
0.0535 0.0316 0.0120 0.0094 0.0027 0.0281 0.0016 0.0312 0.0006 0.0010 0.0564 0.0067 0.7209 0.0291 0.0043 0.0109 
0.0582 0.0278 0.0244 0.0139 0.0013 0.0268 0.0030 0.0259 0.0059 0.0008 0.0332 0.0498 0.6563 0.0526 0.0075 0.0125 
0.0562 0.0268 0.0513 0.0359 0.0010 0.0272 0.0021 0.0240 0.0021 0.0001 0.0262 0.0145 0.6789 0.0256 0.0184 0.0099 
0.0541 0.0256 0.0214 0.0529 0.0019 0.0337 0.0018 0.0252 0.0008 0.0002 0.0259 0.0035 0.7036 0.0252 0.0051 0.0192 
0.0548 0.0268 0.0051 0.0276 0.0037 0.0587 0.0010 0.0286 0.0001 0.0001 0.0358 0.0054 0.7195 0.0283 0.0022 0.0026 
0.0565 0.0371 0.0010 0.0190 0.0022 0.0297 0.0013 0.0299 0.0014 0.0001 0.0318 0.0233 0.7366 0.0270 0.0016 0.0018 
0.0532 0.0246 0.0003 0.0361 0.0016 0.0484 0.0011 0.0264 0.0026 0.0003 0.0343 0.0080 0.7267 0.0251 0.0035 0.0078 
0.0519 0.0296 0.0097 0.0008 0.0019 0.0377 0.0026 0.0272 0.0003 0.0001 0.0375 0.0181 0.7498 0.0270 0.0027 0.0034 
0.0529 0.0369 0.0027 0.0042 0.0003 0.0246 0.0024 0.0265 0.0024 0.0001 0.0294 0.0273 0.7577 0.0254 0.0037 0.0038 
0.0537 0.0260 0.0035 0.0113 0.0006 0.0321 0.0042 0.0256 0.0030 0.0001 0.0275 0.0050 0.7571 0.0259 0.0038 0.0208 
0.0495 0.0254 0.0220 0.0016 0.0016 0.0271 0.0117 0.0244 0.0008 0.0001 0.0268 0.0065 0.7429 0.0294 0.0069 0.0235 
0.0482 0.0262 0.0233 0.0046 0.0032 0.0276 0.0174 0.0235 0.0002 0.0001 0.0259 0.0136 0.7423 0.0289 0.0107 0.0043 
0.0510 0.0272 0.0026 0.0105 0.0013 0.0308 0.0013 0.0302 0.0014 0.0010 0.0375 0.0053 0.7479 0.0260 0.0089 0.0171 
0.0390 0.0232 0.0030 0.0030 0.0008 0.0246 0.0096 0.0195 0.0099 0.0005 0.0310 0.0343 0.6713 0.0227 0.0193 0.0883 
0.0439 0.0387 0.0153 0.0021 0.0038 0.0425 0.0281 0.0200 0.0005 0.0002 0.0308 0.0246 0.7058 0.0232 0.0051 0.0155 
0.0534 0.0482 0.0203 0.0056 0.0016 0.0208 0.0018 0.0353 0.0008 0.0003 0.0449 0.0188 0.7094 0.0244 0.0053 0.0091 
0.0689 0.0361 0.0209 0.0040 0.0014 0.0588 0.0115 0.0366 0.0193 0.0003 0.0355 0.0564 0.4290 0.0451 0.0224 0.1539 
0.0564 0.0339 0.0390 0.0027 0.0058 0.0409 0.0791 0.0302 0.0006 0.0003 0.1102 0.0072 0.5278 0.0350 0.0133 0.0177 
0.0720 0.1166 0.0227 0.0069 0.0048 0.0356 0.0014 0.0460 0.0006 0.0027 0.0454 0.1651 0.4145 0.0335 0.0077 0.0244 
0.0860 0.0498 0.0066 0.0029 0.0024 0.0928 0.0110 0.0449 0.0187 0.0048 0.0452 0.0494 0.4894 0.0492 0.0125 0.0345 
0.0369 0.0179 0.0120 0.0024 0.0026 0.0241 0.0051 0.0190 0.0016 0.0001 0.2942 0.0067 0.5470 0.0208 0.0034 0.0064 
0.0307 0.0326 0.0078 0.0021 0.0008 0.0168 0.0016 0.0171 0.0011 0.0003 0.0254 0.5220 0.3174 0.0150 0.0024 0.0070 
0.0542 0.0259 0.0030 0.0131 0.0016 0.0248 0.0011 0.0256 0.0026 0.0008 0.0297 0.0232 0.7535 0.0278 0.0024 0.0109 
0.0532 0.0272 0.0102 0.0037 0.0016 0.0316 0.0042 0.0267 0.0002 0.0001 0.0270 0.0086 0.7656 0.0283 0.0032 0.0089 
0.0515 0.0262 0.0034 0.0018 0.0014 0.0404 0.0042 0.0259 0.0001 0.0001 0.0446 0.0059 0.7609 0.0260 0.0014 0.0064 
0.0532 0.0275 0.0018 0.0022 0.0010 0.0262 0.0011 0.0270 0.0013 0.0002 0.0305 0.0329 0.7659 0.0262 0.0011 0.0019 
0.0543 0.0265 0.0034 0.0038 0.0005 0.0278 0.0019 0.0273 0.0026 0.0001 0.0286 0.0174 0.7651 0.0271 0.0050 0.0089 
0.0543 0.0305 0.0075 0.0014 0.0005 0.0300 0.0042 0.0262 0.0005 0.0001 0.0276 0.0075 0.7708 0.0302 0.0030 0.0059 
0.0550 0.0328 0.0089 0.0024 0.0003 0.0259 0.0019 0.0272 0.0006 0.0001 0.0302 0.0035 0.7728 0.0286 0.0056 0.0045 
0.0498 0.0268 0.0152 0.0123 0.0008 0.0225 0.0029 0.0254 0.0013 0.0001 0.0264 0.0051 0.7537 0.0264 0.0054 0.0262 
0.0474 0.0238 0.0192 0.0073 0.0125 0.0286 0.0267 0.0241 0.0013 0.0001 0.0212 0.0064 0.2506 0.5083 0.0093 0.0136 
0.0345 0.0201 0.0336 0.0158 0.0018 0.0149 0.0085 0.0235 0.0002 0.0001 0.0189 0.0021 0.2079 0.0182 0.5916 0.0088 
0.0393 0.0279 0.0316 0.0438 0.0013 0.0204 0.0099 0.0163 0.0286 0.0067 0.0182 0.0062 0.1080 0.0257 0.0078 0.6083 
0.4535 0.0581 0.0736 0.0569 0.0059 0.0519 0.0099 0.0449 0.0042 0.0014 0.0457 0.0112 0.0433 0.0636 0.0233 0.0526 
0.0756 0.0522 0.0492 0.0336 0.0201 0.4453 0.0043 0.0481 0.0005 0.0054 0.0439 0.0072 0.1412 0.0391 0.0059 0.0283 
0.0588 0.0896 0.0171 0.1532 0.0040 0.0278 0.0010 0.0449 0.0069 0.0045 0.4764 0.0216 0.0561 0.0278 0.0005 0.0099 
0.0696 0.1618 0.0300 0.1492 0.0019 0.0439 0.0145 0.0270 0.0257 0.0011 0.0270 0.3891 0.0163 0.0292 0.0083 0.0051 
0.0442 0.0292 0.5129 0.1770 0.0011 0.0312 0.0040 0.0203 0.0030 0.0002 0.0283 0.0021 0.0573 0.0208 0.0206 0.0478 
0.0751 0.0517 0.3269 0.3255 0.0014 0.0428 0.0022 0.0350 0.0018 0.0003 0.0375 0.0097 0.0265 0.0359 0.0026 0.0249 
0.0640 0.0482 0.0267 0.6188 0.0019 0.0557 0.0034 0.0315 0.0006 0.0001 0.0335 0.0050 0.0715 0.0316 0.0053 0.0022 
0.0649 0.0510 0.0104 0.6154 0.0027 0.0812 0.0026 0.0321 0.0001 0.0001 0.0393 0.0027 0.0617 0.0315 0.0022 0.0027 
0.0640 0.0577 0.0196 0.5589 0.0067 0.0506 0.0005 0.0329 0.0002 0.0001 0.0347 0.0126 0.1278 0.0302 0.0029 0.0010 
0.0661 0.0401 0.0107 0.4192 0.0032 0.0444 0.0013 0.0343 0.0008 0.0001 0.0396 0.0046 0.3013 0.0319 0.0003 0.0022 
0.0784 0.0430 0.0117 0.3671 0.0045 0.0526 0.0008 0.0395 0.0019 0.0003 0.0503 0.0104 0.2987 0.0387 0.0019 0.0003 
0.0548 0.0361 0.0091 0.2454 0.0072 0.0543 0.0002 0.0252 0.0008 0.0001 0.0359 0.0123 0.4915 0.0265 0.0003 0.0005 
0.0532 0.0355 0.0014 0.1281 0.0037 0.0347 0.0016 0.0305 0.0011 0.0002 0.0305 0.0112 0.6396 0.0259 0.0021 0.0008 
0.0495 0.0303 0.0008 0.0149 0.0505 0.0545 0.0064 0.0276 0.0006 0.0001 0.0307 0.0083 0.6916 0.0275 0.0038 0.0030 
0.0514 0.0428 0.0005 0.0225 0.0022 0.0260 0.0018 0.0529 0.0003 0.0002 0.0343 0.0153 0.7135 0.0257 0.0037 0.0069 
0.0508 0.0252 0.0024 0.0208 0.0013 0.0219 0.0042 0.0257 0.0446 0.0069 0.0273 0.0193 0.7129 0.0232 0.0042 0.0096 
0.0516 0.0273 0.0160 0.0126 0.0019 0.0300 0.0021 0.0273 0.0014 0.0001 0.0337 0.0094 0.7554 0.0264 0.0026 0.0024 
0.0525 0.0279 0.0085 0.0361 0.0008 0.0246 0.0006 0.0267 0.0016 0.0008 0.0281 0.0089 0.7496 0.0273 0.0021 0.0038 
0.0377 0.0283 0.0040 0.1393 0.0008 0.0204 0.0032 0.0179 0.0053 0.0001 0.0187 0.0043 0.6899 0.0192 0.0085 0.0027 
0.0473 0.0254 0.0225 0.0623 0.0011 0.0241 0.0053 0.0236 0.0006 0.0001 0.0281 0.0016 0.7135 0.0238 0.0093 0.0117 
0.0433 0.0236 0.0115 0.0918 0.0177 0.0220 0.0054 0.0222 0.0002 0.0001 0.0248 0.0080 0.6831 0.0286 0.0050 0.0128 
0.0856 0.0470 0.0050 0.0315 0.0893 0.0562 0.0254 0.0503 0.0003 0.0001 0.0470 0.0088 0.1050 0.4271 0.0161 0.0054 
0.0505 0.0345 0.0102 0.0275 0.0021 0.0256 0.0032 0.1002 0.0067 0.0010 0.0348 0.0037 0.0823 0.0259 0.5822 0.0097 
0.0700 0.0358 0.0085 0.0372 0.0067 0.0431 0.0032 0.0323 0.0860 0.0153 0.0390 0.0241 0.0812 0.0422 0.0042 0.4712 
0.4614 0.0649 0.0371 0.0677 0.0050 0.0637 0.0037 0.0575 0.0021 0.0016 0.0673 0.0123 0.0538 0.0617 0.0252 0.0150 
0.0601 0.0888 0.5029 0.0682 0.0046 0.0492 0.0125 0.0332 0.0137 0.0003 0.0331 0.0153 0.0361 0.0326 0.0149 0.0344 
0.1153 0.0717 0.0719 0.4094 0.0181 0.0728 0.0062 0.0542 0.0013 0.0026 0.0657 0.0129 0.0276 0.0530 0.0101 0.0072 
0.0628 0.0669 0.1623 0.4721 0.0064 0.0331 0.0018 0.0481 0.0053 0.0003 0.0377 0.0219 0.0125 0.0383 0.0187 0.0118 
0.0677 0.0450 0.0553 0.3188 0.0230 0.2548 0.0126 0.0380 0.0120 0.0024 0.0460 0.0331 0.0439 0.0342 0.0072 0.0059 
0.1264 0.1113 0.0324 0.1674 0.0730 0.0807 0.0075 0.0626 0.0064 0.0045 0.1880 0.0323 0.0176 0.0682 0.0078 0.0139 
0.0855 0.0797 0.0056 0.3534 0.0032 0.0577 0.0059 0.0673 0.0089 0.0053 0.0681 0.1144 0.0356 0.0444 0.0609 0.0043 
0.0783 0.0949 0.0927 0.2526 0.0042 0.0366 0.0101 0.0387 0.0458 0.0061 0.0396 0.0292 0.0505 0.0391 0.0150 0.1668 
0.1001 0.0415 0.1190 0.5212 0.0078 0.0422 0.0073 0.0378 0.0016 0.0002 0.0401 0.0042 0.0216 0.0385 0.0094 0.0075 
0.0324 0.0235 0.4877 0.3235 0.0061 0.0160 0.0013 0.0188 0.0027 0.0010 0.0188 0.0032 0.0356 0.0144 0.0061 0.0089 
0.0522 0.0310 0.0283 0.7203 0.0069 0.0305 0.0014 0.0299 0.0099 0.0005 0.0278 0.0078 0.0224 0.0251 0.0018 0.0043 
0.0844 0.0444 0.0077 0.3735 0.0495 0.2560 0.0024 0.0423 0.0037 0.0027 0.0570 0.0093 0.0198 0.0398 0.0066 0.0010 
0.0920 0.1037 0.0150 0.2655 0.0093 0.0556 0.0011 0.0642 0.0117 0.0010 0.2551 0.0288 0.0415 0.0422 0.0003 0.0131 
0.1032 0.0748 0.0058 0.0825 0.0067 0.1799 0.0022 0.0492 0.0371 0.0024 0.0578 0.2737 0.0695 0.0455 0.0086 0.0010 
0.1190 0.0903 0.0486 0.0789 0.0070 0.0582 0.0027 0.0583 0.0091 0.0001 0.1571 0.0137 0.2735 0.0561 0.0054 0.0220 
0.0857 0.0420 0.0131 0.1406 0.0014 0.0700 0.0021 0.0463 0.0022 0.0016 0.0425 0.1569 0.3464 0.0401 0.0027 0.0062 
0.0720 0.0367 0.0174 0.0211 0.0029 0.0803 0.0006 0.0361 0.0102 0.0002 0.0482 0.0027 0.6303 0.0356 0.0032 0.0024 
0.0481 0.1679 0.0034 0.0513 0.0011 0.0220 0.0019 0.0243 0.0026 0.0001 0.0256 0.0268 0.5953 0.0240 0.0030 0.0029 
0.0503 0.0228 0.0216 0.1904 0.0002 0.0212 0.0046 0.0209 0.0045 0.0001 0.0220 0.0021 0.5890 0.0211 0.0115 0.0179 
0.0426 0.0225 0.1901 0.0668 0.0003 0.0327 0.0080 0.0201 0.0006 0.0001 0.0222 0.0035 0.5537 0.0217 0.0027 0.0125 
0.0529 0.0396 0.0105 0.1607 0.0024 0.0439 0.0034 0.0254 0.0001 0.0001 0.0305 0.0027 0.5913 0.0256 0.0083 0.0029 
0.0470 0.0312 0.0054 0.2128 0.0045 0.0294 0.0032 0.0251 0.0003 0.0001 0.0565 0.0083 0.5390 0.0230 0.0056 0.0088 
0.1016 0.0601 0.0081 0.1080 0.0599 0.0912 0.0198 0.0524 0.0030 0.0002 0.0545 0.0420 0.0551 0.3303 0.0043 0.0093 
0.0807 0.0628 0.0257 0.0719 0.0026 0.0454 0.0051 0.0628 0.0010 0.0002 0.0553 0.0072 0.0364 0.0403 0.4897 0.0131 
0.0901 0.0537 0.0479 0.0722 0.0027 0.0612 0.0070 0.0484 0.0288 0.0270 0.0596 0.0280 0.0463 0.0443 0.0080 0.3748 
0.3260 0.0847 0.0506 0.0375 0.0188 0.1128 0.0267 0.0634 0.0069 0.0005 0.0644 0.0241 0.0805 0.0712 0.0176 0.0142 
0.1372 0.1320 0.1508 0.0540 0.0129 0.1003 0.0128 0.0868 0.0005 0.0006 0.0947 0.0209 0.0928 0.0733 0.0128 0.0174 
0.1377 0.1428 0.1010 0.1212 0.0048 0.0994 0.0051 0.0658 0.0240 0.0034 0.0765 0.0366 0.0479 0.0602 0.0241 0.0495 
0.1139 0.0767 0.1810 0.2431 0.0073 0.0564 0.0073 0.0548 0.0166 0.0029 0.0690 0.0316 0.0388 0.0532 0.0155 0.0318 
0.1000 0.0455 0.0431 0.0505 0.0174 0.4910 0.0081 0.0514 0.0018 0.0061 0.0470 0.0396 0.0434 0.0431 0.0065 0.0054 
0.0857 0.0564 0.0304 0.0225 0.0067 0.0810 0.0029 0.0532 0.0056 0.0105 0.5273 0.0149 0.0423 0.0462 0.0061 0.0083 
0.0617 0.0784 0.0078 0.0358 0.0050 0.0486 0.0024 0.0307 0.0150 0.0032 0.0856 0.5624 0.0117 0.0319 0.0121 0.0078 
0.0752 0.0356 0.0534 0.0228 0.0059 0.0474 0.0053 0.0361 0.0029 0.0014 0.0585 0.1594 0.4105 0.0353 0.0123 0.0379 
0.0596 0.0356 0.1160 0.0304 0.0026 0.0385 0.0073 0.0289 0.0048 0.0002 0.0356 0.0297 0.5308 0.0302 0.0145 0.0353 
0.0653 0.0401 0.0530 0.0610 0.0053 0.0489 0.0246 0.0292 0.0050 0.0008 0.0324 0.0150 0.5582 0.0328 0.0102 0.0181 
0.0874 0.0623 0.1145 0.0728 0.0070 0.0514 0.0097 0.0419 0.0018 0.0014 0.0435 0.0105 0.4117 0.0409 0.0182 0.0249 
0.0922 0.0438 0.0288 0.0593 0.0085 0.1495 0.0125 0.0471 0.0037 0.0048 0.0497 0.0224 0.3884 0.0490 0.0078 0.0326 
0.0781 0.0388 0.0422 0.0142 0.0029 0.0602 0.0022 0.0412 0.0037 0.0018 0.3238 0.0150 0.3212 0.0382 0.0077 0.0088 
0.0548 0.0417 0.0093 0.0211 0.0035 0.0371 0.0010 0.0256 0.0086 0.0018 0.0402 0.4399 0.2738 0.0257 0.0019 0.0142 
0.0525 0.0227 0.0371 0.0260 0.0018 0.0270 0.0016 0.0235 0.0002 0.0005 0.0310 0.0280 0.7199 0.0230 0.0011 0.0043 
0.0482 0.0241 0.0230 0.0129 0.0018 0.0458 0.0037 0.0240 0.0014 0.0001 0.0305 0.0217 0.7289 0.0275 0.0042 0.0022 
0.0482 0.0284 0.0013 0.0489 0.0022 0.0246 0.0024 0.0238 0.0005 0.0001 0.0302 0.0187 0.7395 0.0241 0.0046 0.0027 
0.0473 0.0225 0.0024 0.0578 0.0046 0.0248 0.0032 0.0241 0.0011 0.0002 0.0241 0.0173 0.7379 0.0225 0.0027 0.0075 
0.0526 0.0264 0.0077 0.0133 0.0011 0.0344 0.0037 0.0289 0.0006 0.0002 0.0264 0.0038 0.7629 0.0286 0.0021 0.0075 
0.0534 0.0275 0.0061 0.0069 0.0014 0.0361 0.0030 0.0262 0.0027 0.0006 0.0304 0.0051 0.7669 0.0268 0.0035 0.0034 
0.0542 0.0340 0.0026 0.0081 0.0035 0.0259 0.0010 0.0276 0.0003 0.0005 0.0327 0.0070 0.7660 0.0257 0.0045 0.0064 
0.0452 0.0230 0.0104 0.0069 0.0042 0.0391 0.0021 0.0257 0.0019 0.0001 0.0251 0.0165 0.7314 0.0502 0.0040 0.0147 
0.0524 0.0388 0.0093 0.0045 0.0011 0.0270 0.0059 0.0244 0.0027 0.0001 0.0260 0.0077 0.7388 0.0254 0.0179 0.0182 
0.0516 0.0310 0.0187 0.0058 0.0006 0.0284 0.0046 0.0240 0.0030 0.0005 0.0308 0.0056 0.7309 0.0265 0.0078 0.0300 
0.0343 0.0193 0.0618 0.0067 0.0010 0.0125 0.0051 0.0136 0.0037 0.0002 0.0224 0.0061 0.6168 0.0181 0.0110 0.1676 
0.0626 0.0275 0.0476 0.0211 0.0141 0.0402 0.1367 0.0248 0.0018 0.0001 0.0264 0.0198 0.0224 0.5192 0.0027 0.0332 
0.0532 0.0327 0.0295 0.0257 0.0016 0.0220 0.0035 0.0498 0.0001 0.0008 0.0326 0.0110 0.0195 0.0232 0.6908 0.0040 
0.0374 0.0353 0.0514 0.0912 0.0010 0.0172 0.0081 0.0190 0.0418 0.0032 0.0208 0.0086 0.0062 0.0190 0.0088 0.6309 
0.4321 0.0444 0.0764 0.2173 0.0078 0.0514 0.0086 0.0398 0.0027 0.0006 0.0391 0.0070 0.0152 0.0414 0.0046 0.0115 
0.0773 0.1165 0.3113 0.0599 0.0128 0.2655 0.0016 0.0460 0.0002 0.0006 0.0479 0.0006 0.0077 0.0375 0.0050 0.0096 
0.0498 0.0363 0.0160 0.4473 0.0069 0.0639 0.0011 0.0331 0.0027 0.0003 0.2857 0.0208 0.0057 0.0241 0.0053 0.0011 
0.0407 0.0687 0.0313 0.3556 0.0053 0.0222 0.0011 0.0230 0.0193 0.0002 0.0262 0.3746 0.0042 0.0193 0.0037 0.0046 
0.1003 0.0494 0.0165 0.2885 0.0149 0.1039 0.0038 0.0519 0.0045 0.0005 0.0566 0.0264 0.1654 0.0494 0.0153 0.0529 
0.0966 0.0578 0.1811 0.0248 0.0027 0.1958 0.0016 0.0532 0.0024 0.0003 0.1016 0.0125 0.2073 0.0473 0.0030 0.0121 
0.1056 0.2958 0.0109 0.1085 0.0016 0.0741 0.0030 0.0522 0.0085 0.0018 0.0542 0.0957 0.1307 0.0511 0.0010 0.0054 
0.0899 0.0399 0.0652 0.2580 0.0005 0.0427 0.0077 0.0380 0.0014 0.0002 0.0693 0.0045 0.3289 0.0380 0.0129 0.0029 
0.0891 0.0474 0.1901 0.1233 0.0011 0.0602 0.0038 0.0449 0.0003 0.0001 0.0565 0.0605 0.2678 0.0450 0.0046 0.0051 
0.0575 0.0524 0.0046 0.4422 0.0013 0.0288 0.0019 0.0272 0.0002 0.0001 0.0312 0.0062 0.3061 0.0284 0.0048 0.0075 
0.0938 0.0476 0.0125 0.3069 0.0046 0.0558 0.0110 0.0476 0.0016 0.0001 0.0550 0.0029 0.3032 0.0459 0.0096 0.0021 
0.0752 0.0404 0.0105 0.0993 0.3551 0.0570 0.0276 0.0444 0.0001 0.0003 0.0426 0.0042 0.1958 0.0387 0.0029 0.0061 
0.1296 0.0885 0.0115 0.0960 0.1038 0.0848 0.0032 0.1446 0.0034 0.0006 0.0728 0.0056 0.1390 0.1072 0.0056 0.0038 
0.1494 0.1077 0.0085 0.0831 0.0115 0.0786 0.0018 0.1056 0.0238 0.0534 0.0813 0.0123 0.1722 0.0703 0.0299 0.0109 
0.1419 0.0735 0.0204 0.0628 0.0123 0.1118 0.0040 0.0800 0.0351 0.0139 0.0732 0.0233 0.2390 0.0668 0.0016 0.0404 
0.1551 0.0836 0.0580 0.0272 0.0058 0.0885 0.0010 0.0569 0.0088 0.0006 0.0986 0.0110 0.3333 0.0564 0.0078 0.0075 
0.1008 0.0685 0.0711 0.0866 0.0104 0.0874 0.0113 0.0532 0.0018 0.0005 0.0729 0.0636 0.3048 0.0529 0.0096 0.0046 
0.1149 0.1123 0.0102 0.0594 0.0324 0.1112 0.0741 0.0582 0.0027 0.0001 0.0554 0.0436 0.2039 0.0951 0.0131 0.0134 
0.1109 0.0636 0.0129 0.0695 0.0037 0.0653 0.0026 0.0834 0.0027 0.0018 0.1278 0.0077 0.2259 0.0556 0.1409 0.0257 
0.0804 0.0518 0.0489 0.0129 0.0056 0.0647 0.0030 0.0433 0.0379 0.0283 0.0629 0.0735 0.3671 0.0466 0.0034 0.0698 
0.1974 0.0771 0.0161 0.0473 0.0057 0.0640 0.0024 0.0535 0.0035 0.0008 0.0781 0.0503 0.3258 0.0564 0.0133 0.0081 
0.0944 0.0530 0.0319 0.0121 0.0085 0.1484 0.0332 0.0481 0.0043 0.0022 0.0556 0.0517 0.3574 0.0474 0.0166 0.0351 
0.0909 0.0554 0.0251 0.0161 0.0113 0.0623 0.0284 0.0522 0.0014 0.0003 0.1594 0.0355 0.3230 0.1112 0.0129 0.0145 
0.0842 0.0665 0.0230 0.0216 0.0019 0.0510 0.0064 0.0537 0.0021 0.0014 0.0642 0.2401 0.2550 0.0463 0.0462 0.0366 
0.0827 0.0409 0.0837 0.0391 0.0018 0.0340 0.0034 0.0355 0.0209 0.0040 0.0457 0.0241 0.0909 0.0356 0.0176 0.4401 
0.1645 0.0487 0.2629 0.0345 0.0102 0.1024 0.0105 0.0489 0.0006 0.0013 0.0495 0.0300 0.1666 0.0486 0.0073 0.0133 
0.1205 0.0634 0.0104 0.0059 0.0089 0.3391 0.0081 0.0667 0.0005 0.0024 0.1828 0.0070 0.1151 0.0620 0.0027 0.0043 
0.0775 0.0470 0.0014 0.0236 0.0021 0.0410 0.0010 0.0409 0.0043 0.0013 0.4504 0.2022 0.0620 0.0391 0.0016 0.0046 
0.0460 0.0243 0.0085 0.0030 0.0010 0.0347 0.0018 0.0241 0.0040 0.0006 0.0249 0.5026 0.2939 0.0230 0.0027 0.0050 
0.0543 0.0272 0.0125 0.0018 0.0005 0.0302 0.0016 0.0281 0.0010 0.0001 0.0380 0.0034 0.7631 0.0278 0.0048 0.0059 
0.0551 0.0345 0.0096 0.0021 0.0013 0.0291 0.0018 0.0262 0.0002 0.0001 0.0275 0.0196 0.7572 0.0267 0.0037 0.0058 
0.0553 0.0275 0.0133 0.0077 0.0008 0.0270 0.0022 0.0276 0.0002 0.0001 0.0307 0.0077 0.7655 0.0294 0.0022 0.0032 
0.0546 0.0276 0.0142 0.0065 0.0005 0.0262 0.0034 0.0278 0.0008 0.0001 0.0310 0.0069 0.7479 0.0340 0.0070 0.0117 
0.0534 0.0273 0.0161 0.0177 0.0010 0.0268 0.0073 0.0260 0.0011 0.0001 0.0286 0.0062 0.7439 0.0265 0.0104 0.0077 
0.0554 0.0326 0.0198 0.0268 0.0013 0.0248 0.0065 0.0257 0.0008 0.0001 0.0275 0.0019 0.7208 0.0291 0.0035 0.0236 
0.0617 0.0295 0.0107 0.0225 0.0037 0.0644 0.0214 0.0291 0.0014 0.0003 0.0303 0.0073 0.6333 0.0653 0.0035 0.0155 
0.1187 0.0737 0.0387 0.0109 0.0197 0.0810 0.0211 0.0606 0.0022 0.0008 0.0794 0.0120 0.3151 0.1138 0.0331 0.0193 
0.1104 0.0668 0.0104 0.0663 0.0030 0.0556 0.0070 0.0891 0.0026 0.0019 0.0938 0.0356 0.2498 0.0607 0.1133 0.0337 
0.1406 0.0807 0.0436 0.0412 0.0026 0.0636 0.0236 0.0682 0.0505 0.0038 0.0661 0.0300 0.0864 0.0663 0.0157 0.2171 
0.1901 0.0540 0.3359 0.0725 0.0053 0.0516 0.0208 0.0466 0.0077 0.0013 0.0535 0.0080 0.0348 0.0460 0.0104 0.0615 
0.0747 0.0442 0.5304 0.0471 0.0196 0.0430 0.0200 0.0446 0.0026 0.0016 0.0446 0.0273 0.0402 0.0358 0.0128 0.0115 
0.0896 0.0494 0.1160 0.1642 0.0372 0.2222 0.0099 0.0692 0.0291 0.0014 0.0537 0.0450 0.0307 0.0510 0.0134 0.0182 
0.1444 0.1059 0.0217 0.1078 0.0345 0.1591 0.0030 0.0950 0.0839 0.0032 0.0931 0.0233 0.0347 0.0637 0.0105 0.0160 
